new.sol <-
structure(list(Sampling = c(50, 55, 60, 65, 70, 75, 80, 85, 90, 
95, 100), PSO.cost = c(6.0762, 4.02789, 11.0782, 3.7024, 3.84165, 
3.6786, 11.62371, 11.9847, 13.28828, 1.05385, 14.37764), PSO.gamma = c(-6.9624, 
-4.98284, -11.23995, -1.371, -4.68572, -4.3823, -10.42786, -1.52287, 
-12.38235, -1.50224, -12.08716), PSO.data.balancing = c(0, 0, 
0, 0, 0, 0, 0, 0, 0, 0, 0), PSO.feature.selection = c(0, 0, 0, 
0, 0, 0, 0, 0, 0, 0, 0), PSO.valid.acc = c(0.93571, 0.94125, 
0.93558, 0.93977, 0.94342, 0.9569, 0.95514, 0.94982, 0.95273, 
0.95499, 0.95406), PSO.test.acc = c(0.91469, 0.93458, 0.91757, 
0.9345, 0.91237, 0.94262, 0.9419, 0.92862, 0.93688, 0.94359, 
0.93966), PSO.train.time = c(0.0181, 0.0177, 0.0188, 0.0248, 
0.0195, 0.0219, 0.0215, 0.0293, 0.0237, 0.0313, 0.0253), PSO.n.support.vectors = c(29.5, 
34.3, 27.8, 87, 38.6, 40.1, 30, 97.2, 34.2, 105.8, 31.7), PSO.index = c(73, 
51, 11, 16, 145, 309, 159, 23, 210, 130, 9), PSO.n.solutions = c(41, 
356, 701, 813, 75, 156, 60, 1401, 376, 55, 864), PSO.generations = c(100, 
100, 100, 100, 100, 100, 100, 100, 100, 100, 100), PSO.n.evaluations = c(2500, 
2500, 2500, 2500, 2500, 2500, 2500, 2500, 2500, 2500, 2500), 
    PSO.cpu.time = c(6798.014, 6561.731, 6771.985, 6701.875, 
    6672.515, 6821.54399999999, 6867.664, 7037.807, 7415.05399999999, 
    7291.02500000001, 6891.28700000001), RS.cost = c(5.40586, 
    3.33425, 11.26486, 2.79269, 3.87884, 0.93403, 11.57252, 7.82396, 
    12.7755, 2.90745, 14.20103), RS.gamma = c(-5.83045, -4.35232, 
    -11.13196, -1.47356, -4.13462, -2.70118, -10.36824, -1.3791, 
    -12.11956, -3.46404, -11.86041), RS.data.balancing = c(0, 
    0, 0, 0, 0, 0, 0, 0, 0, 0, 0), RS.feature.selection = c(0, 
    0, 0, 0, 0, 0, 0, 0, 0, 0, 0), RS.valid.acc = c(0.93571, 
    0.94125, 0.93558, 0.93977, 0.94342, 0.95214, 0.95514, 0.94982, 
    0.95273, 0.95499, 0.95406), RS.test.acc = c(0.92136, 0.92125, 
    0.91757, 0.9345, 0.92263, 0.93786, 0.9419, 0.93714, 0.94088, 
    0.93974, 0.93966), RS.train.time = c(0.0174, 0.0174, 0.0182, 
    0.0241, 0.0202, 0.0227, 0.021, 0.0315, 0.0239, 0.0247, 0.0254
    ), RS.n.support.vectors = c(29.7, 37.5, 27.2, 82.3, 39, 60.7, 
    30, 106.5, 35, 55.3, 31.7), RS.index = c(254, 1006, 6, 13, 
    1612, 134, 1617, 40, 171, 1754, 246), RS.n.solutions = c(6, 
    4, 64, 98, 2, 10, 1, 59, 14, 3, 10), RS.generations = c(100, 
    100, 100, 100, 100, 100, 100, 100, 100, 100, 100), RS.n.evaluations = c(2500, 
    2500, 2500, 2500, 2500, 2500, 2500, 2500, 2500, 2500, 2500
    ), RS.cpu.time = c(6643.07, 6646.958, 6565.793, 6525.613, 
    6889.16300000001, 7195.46000000001, 6913.827, 7444.628, 7449.776, 
    7259.40700000001, 7668.45600000001), DF.cost = c(1, 1, 1, 
    1, 1, 1, 1, 1, 1, 1, 1), DF.gamma = c(0.0625, 0.0625, 0.0625, 
    0.0625, 0.0625, 0.0625, 0.0625, 0.0625, 0.0625, 0.0625, 0.0625
    ), DF.data.balancing = c(0, 0, 0, 0, 0, 0, 0, 0, 0, 0, 0), 
    DF.feature.selection = c(0, 0, 0, 0, 0, 0, 0, 0, 0, 0, 0), 
    DF.valid.acc = c(0.92143, 0.90208, 0.91099, 0.92339, 0.91787, 
    0.9331, 0.93281, 0.93696, 0.93273, 0.92849, 0.93619), DF.test.acc = c(0.90048, 
    0.90167, 0.91099, 0.91228, 0.92287, 0.92833, 0.93281, 0.93279, 
    0.92856, 0.93219, 0.93976), DF.train.time = c(0.0189, 0.0196, 
    0.0204, 0.0214, 0.022, 0.0244, 0.024, 0.026, 0.0271, 0.0261, 
    0.0301), DF.n.support.vectors = c(54.2, 57.8, 60.6, 62.7, 
    65.5, 66.9, 71.6, 74.5, 78.2, 77.4, 82), DF.index = c(1, 
    1, 1, 1, 1, 1, 1, 1, 1, 1, 1), DF.n.solutions = c(1, 1, 1, 
    1, 1, 1, 1, 1, 1, 1, 1), DF.generations = c(1, 1, 1, 1, 1, 
    1, 1, 1, 1, 1, 1), DF.n.evaluations = c(1, 1, 1, 1, 1, 1, 
    1, 1, 1, 1, 1), DF.cpu.time = c(2.761, 2.727, 2.661, 2.824, 
    2.763, 2.893, 2.809, 2.99, 2.88, 2.675, 3.051), SMBO.cost = c(12.9448125932701, 
    12.9448125932701, 12.9448125932701, 12.9448125932701, 12.9448125932701, 
    12.9448125932701, 12.9448125932701, 12.9448125932701, 12.9448125932701, 
    12.9448125932701, 12.9448125932701), SMBO.gamma = c(-12.3437876359412, 
    -12.3437876359412, -12.3437876359412, -12.3437876359412, 
    -12.3437876359412, -12.3437876359412, -12.3437876359412, 
    -12.3437876359412, -12.3437876359412, -12.3437876359412, 
    -12.3437876359412), SMBO.balanced.test.accuracy = c(0.956236423782063, 
    0.956236423782063, 0.956236423782063, 0.956236423782063, 
    0.956236423782063, 0.956236423782063, 0.956236423782063, 
    0.956236423782063, 0.956236423782063, 0.956236423782063, 
    0.956236423782063)), .Names = c("Sampling", "PSO.cost", "PSO.gamma", 
"PSO.data.balancing", "PSO.feature.selection", "PSO.valid.acc", 
"PSO.test.acc", "PSO.train.time", "PSO.n.support.vectors", "PSO.index", 
"PSO.n.solutions", "PSO.generations", "PSO.n.evaluations", "PSO.cpu.time", 
"RS.cost", "RS.gamma", "RS.data.balancing", "RS.feature.selection", 
"RS.valid.acc", "RS.test.acc", "RS.train.time", "RS.n.support.vectors", 
"RS.index", "RS.n.solutions", "RS.generations", "RS.n.evaluations", 
"RS.cpu.time", "DF.cost", "DF.gamma", "DF.data.balancing", "DF.feature.selection", 
"DF.valid.acc", "DF.test.acc", "DF.train.time", "DF.n.support.vectors", 
"DF.index", "DF.n.solutions", "DF.generations", "DF.n.evaluations", 
"DF.cpu.time", "SMBO.cost", "SMBO.gamma", "SMBO.balanced.test.accuracy"
), row.names = c(NA, -11L), class = "data.frame")
