new.sol <-
structure(list(Sampling = c(50, 55, 60, 65, 70, 75, 80, 85, 90, 
95, 100), PSO.cost = c(1, 2.63429, 2.83996, 7.42262, 1, 1, 4.67609, 
9.19914, 4.75535, 2.37539, 2.78143), PSO.gamma = c(0.0625, -2.97572, 
-3.41719, -6.79539, 0.0625, 0.0625, -4.36378, -8.05051, -4.02774, 
-3.00988, -2.44082), PSO.data.balancing = c(0, 0, 0, 0, 0, 0, 
0, 0, 0, 0, 0), PSO.feature.selection = c(0, 0, 0, 0, 0, 0, 0, 
0, 0, 0, 0), PSO.valid.acc = c(0.96476, 0.96792, 0.96397, 0.96696, 
0.95974, 0.95234, 0.93832, 0.95378, 0.94044, 0.94758, 0.95394
), PSO.test.acc = c(0.96476, 0.955, 0.95772, 0.95643, 0.95974, 
0.94779, 0.91559, 0.92876, 0.92074, 0.94373, 0.9468), PSO.train.time = c(0.0202, 
0.0186, 0.0197, 0.0183, 0.0218, 0.0241, 0.0223, 0.0219, 0.0251, 
0.0267, 0.0281), PSO.n.support.vectors = c(55, 47.4, 43.3, 25.7, 
65.3, 69.9, 46.7, 32.6, 49.2, 62.5, 71.9), PSO.index = c(1, 1705, 
272, 137, 1, 1, 418, 385, 1947, 186, 534), PSO.n.solutions = c(1071, 
21, 119, 155, 924, 782, 479, 146, 452, 540, 59), PSO.generations = c(100, 
100, 100, 100, 100, 100, 100, 100, 100, 100, 100), PSO.n.evaluations = c(2500, 
2500, 2500, 2500, 2500, 2500, 2500, 2500, 2500, 2500, 2500), 
    PSO.cpu.time = c(6384.382, 6382.578, 6334.131, 6391.31200000001, 
    6583.483, 6625.65100000001, 6713.48199999999, 6685.879, 6738.933, 
    6899.038, 6899.40400000001), RS.cost = c(4.52299, 1.54634, 
    3.41213, 7.39936, 2.95325, 3.26904, 4.60746, 6.72474, 7.35387, 
    1.33006, 2.37255), RS.gamma = c(-6.8905, -6.34134, -3.92363, 
    -6.74595, -5.84381, -7.60022, -4.38366, -6.17212, -9.35172, 
    -2.08555, -2.43137), RS.data.balancing = c(0, 0, 0, 0, 0, 
    0, 0, 0, 0, 0, 0), RS.feature.selection = c(0, 0, 0, 0, 0, 
    0, 0, 0, 0, 0, 0), RS.valid.acc = c(0.96476, 0.96125, 0.96397, 
    0.96696, 0.95974, 0.95234, 0.93832, 0.95378, 0.94044, 0.94758, 
    0.95049), RS.test.acc = c(0.96476, 0.955, 0.95772, 0.95643, 
    0.95974, 0.95234, 0.91559, 0.92876, 0.93644, 0.94373, 0.94335
    ), RS.train.time = c(0.0198, 0.0198, 0.0189, 0.0184, 0.0224, 
    0.0234, 0.0218, 0.0225, 0.0231, 0.0294, 0.029), RS.n.support.vectors = c(41.7, 
    56.8, 38, 25.6, 52.3, 61.7, 46.7, 37.3, 44, 83.9, 73.9), 
    RS.index = c(5, 9, 86, 679, 1, 3, 2339, 2013, 23, 202, 428
    ), RS.n.solutions = c(532, 431, 3, 5, 534, 387, 1, 1, 96, 
    6, 1), RS.generations = c(100, 100, 100, 100, 100, 100, 100, 
    100, 100, 100, 100), RS.n.evaluations = c(2500, 2500, 2500, 
    2500, 2500, 2500, 2500, 2500, 2500, 2500, 2500), RS.cpu.time = c(6426.657, 
    6396.746, 6455.037, 6605.406, 6610.714, 6705.077, 6887.853, 
    6880.624, 6946.239, 7021.60900000001, 7056.37900000002), 
    DF.cost = c(1, 1, 1, 1, 1, 1, 1, 1, 1, 1, 1), DF.gamma = c(0.0625, 
    0.0625, 0.0625, 0.0625, 0.0625, 0.0625, 0.0625, 0.0625, 0.0625, 
    0.0625, 0.0625), DF.data.balancing = c(0, 0, 0, 0, 0, 0, 
    0, 0, 0, 0, 0), DF.feature.selection = c(0, 0, 0, 0, 0, 0, 
    0, 0, 0, 0, 0), DF.valid.acc = c(0.96476, 0.96125, 0.95772, 
    0.9617, 0.95974, 0.95234, 0.92488, 0.92841, 0.93244, 0.93248, 
    0.93607), DF.test.acc = c(0.96476, 0.955, 0.95772, 0.9617, 
    0.95974, 0.94779, 0.93358, 0.92841, 0.93644, 0.93248, 0.93978
    ), DF.train.time = c(0.0189, 0.0198, 0.0224, 0.0213, 0.0229, 
    0.0233, 0.0237, 0.0254, 0.0261, 0.0278, 0.0289), DF.n.support.vectors = c(55, 
    56, 60.5, 63.8, 65.3, 69.9, 73.6, 75.6, 78.2, 79.3, 81.8), 
    DF.index = c(1, 1, 1, 1, 1, 1, 1, 1, 1, 1, 1), DF.n.solutions = c(1, 
    1, 1, 1, 1, 1, 1, 1, 1, 1, 1), DF.generations = c(1, 1, 1, 
    1, 1, 1, 1, 1, 1, 1, 1), DF.n.evaluations = c(1, 1, 1, 1, 
    1, 1, 1, 1, 1, 1, 1), DF.cpu.time = c(2.519, 2.525, 2.787, 
    2.553, 2.643, 2.607, 2.612, 2.692, 2.666, 2.693, 2.737), 
    SMBO.cost = c(10.2546639282105, 10.2546639282105, 10.2546639282105, 
    10.2546639282105, 10.2546639282105, 10.2546639282105, 10.2546639282105, 
    10.2546639282105, 10.2546639282105, 10.2546639282105, 10.2546639282105
    ), SMBO.gamma = c(-9.27860541146969, -9.27860541146969, -9.27860541146969, 
    -9.27860541146969, -9.27860541146969, -9.27860541146969, 
    -9.27860541146969, -9.27860541146969, -9.27860541146969, 
    -9.27860541146969, -9.27860541146969), SMBO.balanced.test.accuracy = c(0.969335505300418, 
    0.969335505300418, 0.969335505300418, 0.969335505300418, 
    0.969335505300418, 0.969335505300418, 0.969335505300418, 
    0.969335505300418, 0.969335505300418, 0.969335505300418, 
    0.969335505300418)), .Names = c("Sampling", "PSO.cost", "PSO.gamma", 
"PSO.data.balancing", "PSO.feature.selection", "PSO.valid.acc", 
"PSO.test.acc", "PSO.train.time", "PSO.n.support.vectors", "PSO.index", 
"PSO.n.solutions", "PSO.generations", "PSO.n.evaluations", "PSO.cpu.time", 
"RS.cost", "RS.gamma", "RS.data.balancing", "RS.feature.selection", 
"RS.valid.acc", "RS.test.acc", "RS.train.time", "RS.n.support.vectors", 
"RS.index", "RS.n.solutions", "RS.generations", "RS.n.evaluations", 
"RS.cpu.time", "DF.cost", "DF.gamma", "DF.data.balancing", "DF.feature.selection", 
"DF.valid.acc", "DF.test.acc", "DF.train.time", "DF.n.support.vectors", 
"DF.index", "DF.n.solutions", "DF.generations", "DF.n.evaluations", 
"DF.cpu.time", "SMBO.cost", "SMBO.gamma", "SMBO.balanced.test.accuracy"
), row.names = c(NA, -11L), class = "data.frame")
