new.sol <-
structure(list(Sampling = c(50, 55, 60, 65, 70, 75, 80, 85, 90, 
95, 100), PSO.cost = c(10.38686, 8.90132, 6.86798, 8.56581, 14.02661, 
15, 10.33065, 5.81903, -1.52516, 11.91496, 15), PSO.gamma = c(-10.71271, 
-8.71047, -7.32989, -8.29206, -14.78456, -11.39764, -9.57586, 
-5.98902, -2.15526, -10.13972, -12.94697), PSO.data.balancing = c(0, 
0, 0, 0, 0, 0, 0, 0, 0, 0, 0), PSO.feature.selection = c(0, 0, 
0, 0, 0, 0, 0, 0, 0, 0, 0), PSO.valid.acc = c(0.93557, 0.935, 
0.94007, 0.94444, 0.95419, 0.94803, 0.95158, 0.94964, 0.93595, 
0.95114, 0.9533), PSO.test.acc = c(0.92788, 0.92167, 0.92169, 
0.93333, 0.95419, 0.92398, 0.95613, 0.94964, 0.93195, 0.93618, 
0.957), PSO.train.time = c(0.0159, 0.0167, 0.0167, 0.0186, 0.0195, 
0.0258, 0.0218, 0.0205, 0.0292, 0.0243, 0.0251), PSO.n.support.vectors = c(26.6, 
25.6, 31.4, 29.4, 32.4, 26.9, 31.2, 37.5, 103.1, 33, 32.2), PSO.index = c(104, 
16, 88, 889, 752, 711, 17, 134, 346, 155, 116), PSO.n.solutions = c(215, 
462, 278, 28, 62, 319, 786, 215, 62, 181, 1253), PSO.generations = c(100, 
100, 100, 100, 100, 100, 100, 100, 100, 100, 100), PSO.n.evaluations = c(2500, 
2500, 2500, 2500, 2500, 2500, 2500, 2500, 2500, 2500, 2500), 
    PSO.cpu.time = c(6186.12, 6224.151, 6252.996, 6444.414, 6415.612, 
    6594.306, 6680.82399999999, 6652.439, 6944.53899999999, 6674.745, 
    6663.81899999999), RS.cost = c(10.9277, 2.14176, 2.80613, 
    9.03688, 13.50043, 14.93493, 10.66906, 5.85268, -1.48139, 
    13.34594, 14.8173), RS.gamma = c(-11.27628, -3.40259, -4.18932, 
    -8.712, -14.22922, -11.26762, -9.90927, -5.2423, -2.11429, 
    -11.74734, -12.69336), RS.data.balancing = c(0, 0, 0, 0, 
    0, 0, 0, 0, 0, 0, 0), RS.feature.selection = c(0, 0, 0, 0, 
    0, 0, 0, 0, 0, 0, 0), RS.valid.acc = c(0.93557, 0.94125, 
    0.94007, 0.94444, 0.95419, 0.94803, 0.95158, 0.94964, 0.93595, 
    0.95114, 0.9533), RS.test.acc = c(0.92788, 0.93458, 0.94007, 
    0.92778, 0.95419, 0.92398, 0.95613, 0.94964, 0.93195, 0.93604, 
    0.957), RS.train.time = c(0.0158, 0.0178, 0.0176, 0.0181, 
    0.0189, 0.0258, 0.0213, 0.0226, 0.0295, 0.0243, 0.0254), 
    RS.n.support.vectors = c(26.5, 45.8, 43.7, 29.3, 32.4, 27, 
    30.9, 39.7, 102.8, 32.7, 31.9), RS.index = c(84, 2071, 43, 
    969, 814, 1435, 14, 28, 590, 16, 202), RS.n.solutions = c(19, 
    1, 18, 1, 4, 2, 66, 6, 2, 25, 6), RS.generations = c(100, 
    100, 100, 100, 100, 100, 100, 100, 100, 100, 100), RS.n.evaluations = c(2500, 
    2500, 2500, 2500, 2500, 2500, 2500, 2500, 2500, 2500, 2500
    ), RS.cpu.time = c(6211.137, 6294.27, 6455.557, 6604.29, 
    6398.238, 6734.876, 6887.386, 6712.535, 6726.546, 7015.38100000001, 
    6906.269), DF.cost = c(1, 1, 1, 1, 1, 1, 1, 1, 1, 1, 1), 
    DF.gamma = c(0.0625, 0.0625, 0.0625, 0.0625, 0.0625, 0.0625, 
    0.0625, 0.0625, 0.0625, 0.0625, 0.0625), DF.data.balancing = c(0, 
    0, 0, 0, 0, 0, 0, 0, 0, 0, 0), DF.feature.selection = c(0, 
    0, 0, 0, 0, 0, 0, 0, 0, 0, 0), DF.valid.acc = c(0.907, 0.90875, 
    0.91581, 0.91725, 0.9289, 0.92942, 0.93794, 0.93279, 0.93163, 
    0.9359, 0.93174), DF.test.acc = c(0.8993, 0.91542, 0.91581, 
    0.92281, 0.93866, 0.92942, 0.9336, 0.93696, 0.92778, 0.9359, 
    0.93531), DF.train.time = c(0.0173, 0.0205, 0.0214, 0.0205, 
    0.0234, 0.0239, 0.0235, 0.0248, 0.0265, 0.0268, 0.0277), 
    DF.n.support.vectors = c(54.8, 58.1, 63, 64.3, 65.5, 68.5, 
    70.4, 74.9, 76.1, 79, 80.2), DF.index = c(1, 1, 1, 1, 1, 
    1, 1, 1, 1, 1, 1), DF.n.solutions = c(1, 1, 1, 1, 1, 1, 1, 
    1, 1, 1, 1), DF.generations = c(1, 1, 1, 1, 1, 1, 1, 1, 1, 
    1, 1), DF.n.evaluations = c(1, 1, 1, 1, 1, 1, 1, 1, 1, 1, 
    1), DF.cpu.time = c(2.406, 2.702, 2.761, 2.44, 2.798, 2.753, 
    2.871, 2.612, 2.65, 2.612, 2.655), SMBO.cost = c(1.12243818635121, 
    1.12243818635121, 1.12243818635121, 1.12243818635121, 1.12243818635121, 
    1.12243818635121, 1.12243818635121, 1.12243818635121, 1.12243818635121, 
    1.12243818635121, 1.12243818635121), SMBO.gamma = c(-2.43361878313229, 
    -2.43361878313229, -2.43361878313229, -2.43361878313229, 
    -2.43361878313229, -2.43361878313229, -2.43361878313229, 
    -2.43361878313229, -2.43361878313229, -2.43361878313229, 
    -2.43361878313229), SMBO.balanced.test.accuracy = c(0.955889937353019, 
    0.955889937353019, 0.955889937353019, 0.955889937353019, 
    0.955889937353019, 0.955889937353019, 0.955889937353019, 
    0.955889937353019, 0.955889937353019, 0.955889937353019, 
    0.955889937353019)), .Names = c("Sampling", "PSO.cost", "PSO.gamma", 
"PSO.data.balancing", "PSO.feature.selection", "PSO.valid.acc", 
"PSO.test.acc", "PSO.train.time", "PSO.n.support.vectors", "PSO.index", 
"PSO.n.solutions", "PSO.generations", "PSO.n.evaluations", "PSO.cpu.time", 
"RS.cost", "RS.gamma", "RS.data.balancing", "RS.feature.selection", 
"RS.valid.acc", "RS.test.acc", "RS.train.time", "RS.n.support.vectors", 
"RS.index", "RS.n.solutions", "RS.generations", "RS.n.evaluations", 
"RS.cpu.time", "DF.cost", "DF.gamma", "DF.data.balancing", "DF.feature.selection", 
"DF.valid.acc", "DF.test.acc", "DF.train.time", "DF.n.support.vectors", 
"DF.index", "DF.n.solutions", "DF.generations", "DF.n.evaluations", 
"DF.cpu.time", "SMBO.cost", "SMBO.gamma", "SMBO.balanced.test.accuracy"
), row.names = c(NA, -11L), class = "data.frame")
