new.sol <-
structure(list(Sampling = c(50, 55, 60, 65, 70, 75, 80, 85, 90, 
95, 100), PSO.cost = c(5.82888, 0.96694, 14.36604, 1.86805, 1.6435, 
1.64892, 7.58661, 15, 2.08361, 0.73218, 14.57703), PSO.gamma = c(-9.09855, 
-3.03099, -13.05796, -2.57578, -1.67809, -1.37836, -7.10436, 
-13.77586, -2.49096, -1.5896, -12.94821), PSO.data.balancing = c(0, 
0, 0, 0, 0, 0, 0, 0, 0, 0, 0), PSO.feature.selection = c(0, 0, 
0, 0, 0, 0, 0, 0, 0, 0, 0), PSO.valid.acc = c(0.94326, 0.94828, 
0.95147, 0.95058, 0.94395, 0.94784, 0.95117, 0.95, 0.94029, 0.94758, 
0.9607), PSO.test.acc = c(0.94326, 0.92985, 0.92757, 0.93421, 
0.93868, 0.92379, 0.94208, 0.93678, 0.93196, 0.94387, 0.9607), 
    PSO.train.time = c(0.0175, 0.0195, 0.0191, 0.0211, 0.0248, 
    0.0278, 0.0207, 0.0225, 0.0256, 0.0319, 0.0252), PSO.n.support.vectors = c(36, 
    47.3, 25, 55.9, 81.5, 94.3, 33.8, 30.5, 67.3, 103.2, 33.7
    ), PSO.index = c(13, 264, 89, 292, 2075, 211, 287, 212, 521, 
    780, 100), PSO.n.solutions = c(906, 476, 330, 103, 11, 454, 
    176, 290, 127, 106, 501), PSO.generations = c(100, 100, 100, 
    100, 100, 100, 100, 100, 100, 100, 100), PSO.n.evaluations = c(2500, 
    2500, 2500, 2500, 2500, 2500, 2500, 2500, 2500, 2500, 2500
    ), PSO.cpu.time = c(6902.089, 6953.57, 6942.797, 7022.09299999999, 
    7080.056, 7020.436, 6954.91800000001, 6842.622, 6810.37, 
    6760.43400000001, 6623.28899999999), RS.cost = c(4.63934, 
    0.38372, 14.31062, 10.50541, 1.61127, 1.77915, 13.85642, 
    13.6175, 2.16145, 0.65536, 13.08588), RS.gamma = c(-7.60953, 
    -4.28706, -12.94679, -8.69782, -1.71792, -1.56012, -12.72224, 
    -12.37421, -2.03877, -1.50296, -11.44783), RS.data.balancing = c(0, 
    0, 0, 0, 0, 0, 0, 0, 0, 0, 0), RS.feature.selection = c(0, 
    0, 0, 0, 0, 0, 0, 0, 0, 0, 0), RS.valid.acc = c(0.94326, 
    0.94828, 0.95147, 0.95058, 0.93895, 0.94784, 0.95553, 0.95, 
    0.93645, 0.94387, 0.9607), RS.test.acc = c(0.94326, 0.92985, 
    0.92757, 0.92865, 0.93868, 0.92379, 0.95079, 0.93678, 0.92796, 
    0.94758, 0.9607), RS.train.time = c(0.0173, 0.0196, 0.0193, 
    0.0201, 0.0247, 0.0261, 0.0218, 0.0235, 0.0271, 0.0321, 0.0256
    ), RS.n.support.vectors = c(34.6, 52.1, 24.5, 26.5, 80, 86.4, 
    29.4, 30.8, 78.2, 107.3, 34.2), RS.index = c(9, 113, 126, 
    110, 565, 1545, 15, 787, 396, 1737, 1), RS.n.solutions = c(172, 
    11, 5, 1, 5, 1, 3, 5, 14, 4, 6), RS.generations = c(100, 
    100, 100, 100, 100, 100, 100, 100, 100, 100, 100), RS.n.evaluations = c(2500, 
    2500, 2500, 2500, 2500, 2500, 2500, 2500, 2500, 2500, 2500
    ), RS.cpu.time = c(6938.271, 6971.725, 7039.764, 7064.258, 
    7059.94, 7036.662, 7081.11, 6915.181, 6773.151, 6894.34700000001, 
    6801.27300000002), DF.cost = c(1, 1, 1, 1, 1, 1, 1, 1, 1, 
    1, 1), DF.gamma = c(0.0625, 0.0625, 0.0625, 0.0625, 0.0625, 
    0.0625, 0.0625, 0.0625, 0.0625, 0.0625, 0.0625), DF.data.balancing = c(0, 
    0, 0, 0, 0, 0, 0, 0, 0, 0, 0), DF.feature.selection = c(0, 
    0, 0, 0, 0, 0, 0, 0, 0, 0, 0), DF.valid.acc = c(0.92231, 
    0.9424, 0.93971, 0.93977, 0.93868, 0.92879, 0.92922, 0.93297, 
    0.92812, 0.92877, 0.93199), DF.test.acc = c(0.92231, 0.92985, 
    0.93971, 0.92865, 0.93368, 0.92879, 0.92922, 0.9288, 0.92812, 
    0.92877, 0.93199), DF.train.time = c(0.0188, 0.0197, 0.0205, 
    0.0212, 0.0231, 0.0237, 0.0247, 0.0262, 0.0272, 0.0276, 0.0289
    ), DF.n.support.vectors = c(50.2, 54.6, 57.2, 62.7, 66, 67, 
    71.6, 72.2, 75.9, 78.9, 80.1), DF.index = c(1, 1, 1, 1, 1, 
    1, 1, 1, 1, 1, 1), DF.n.solutions = c(1, 1, 1, 1, 1, 1, 1, 
    1, 1, 1, 1), DF.generations = c(1, 1, 1, 1, 1, 1, 1, 1, 1, 
    1, 1), DF.n.evaluations = c(1, 1, 1, 1, 1, 1, 1, 1, 1, 1, 
    1), DF.cpu.time = c(2.777, 2.755, 2.79, 2.785, 2.797, 2.774, 
    2.818, 2.706, 2.71, 2.639, 2.638), SMBO.cost = c(1.34515089526714, 
    1.34515089526714, 1.34515089526714, 1.34515089526714, 1.34515089526714, 
    1.34515089526714, 1.34515089526714, 1.34515089526714, 1.34515089526714, 
    1.34515089526714, 1.34515089526714), SMBO.gamma = c(-3.29908808494114, 
    -3.29908808494114, -3.29908808494114, -3.29908808494114, 
    -3.29908808494114, -3.29908808494114, -3.29908808494114, 
    -3.29908808494114, -3.29908808494114, -3.29908808494114, 
    -3.29908808494114), SMBO.balanced.test.accuracy = c(0.959565998972779, 
    0.959565998972779, 0.959565998972779, 0.959565998972779, 
    0.959565998972779, 0.959565998972779, 0.959565998972779, 
    0.959565998972779, 0.959565998972779, 0.959565998972779, 
    0.959565998972779)), .Names = c("Sampling", "PSO.cost", "PSO.gamma", 
"PSO.data.balancing", "PSO.feature.selection", "PSO.valid.acc", 
"PSO.test.acc", "PSO.train.time", "PSO.n.support.vectors", "PSO.index", 
"PSO.n.solutions", "PSO.generations", "PSO.n.evaluations", "PSO.cpu.time", 
"RS.cost", "RS.gamma", "RS.data.balancing", "RS.feature.selection", 
"RS.valid.acc", "RS.test.acc", "RS.train.time", "RS.n.support.vectors", 
"RS.index", "RS.n.solutions", "RS.generations", "RS.n.evaluations", 
"RS.cpu.time", "DF.cost", "DF.gamma", "DF.data.balancing", "DF.feature.selection", 
"DF.valid.acc", "DF.test.acc", "DF.train.time", "DF.n.support.vectors", 
"DF.index", "DF.n.solutions", "DF.generations", "DF.n.evaluations", 
"DF.cpu.time", "SMBO.cost", "SMBO.gamma", "SMBO.balanced.test.accuracy"
), row.names = c(NA, -11L), class = "data.frame")
