new.sol <-
structure(list(Sampling = c(50, 55, 60, 65, 70, 75, 80, 85, 90, 
95, 100), PSO.cost = c(15, -0.62295, 5.14449, 9.83769, 2.45329, 
3.53611, 2.04388, 14.66477, 1.73042, 1.63381, 1.6794), PSO.gamma = c(-14.01313, 
-1.61688, -5.29048, -1.62403, -5.80678, -3.5303, -2.10611, -15, 
-2.77886, -2.02262, -2.70923), PSO.data.balancing = c(0, 0, 0, 
0, 0, 0, 0, 0, 0, 0, 0), PSO.feature.selection = c(0, 0, 0, 0, 
0, 0, 0, 0, 0, 0, 0), PSO.valid.acc = c(0.93571, 0.93458, 0.94669, 
0.94561, 0.94919, 0.95714, 0.96008, 0.96229, 0.94841, 0.94744, 
0.94655), PSO.test.acc = c(0.9, 0.92833, 0.92904, 0.94006, 0.94919, 
0.9619, 0.95553, 0.93709, 0.94456, 0.94359, 0.93941), PSO.train.time = c(0.0164, 
0.0214, 0.0193, 0.0244, 0.022, 0.0217, 0.0241, 0.0252, 0.0292, 
0.0341, 0.0322), PSO.n.support.vectors = c(20.8, 80.2, 29, 71.2, 
47.3, 42.1, 70.9, 31.4, 63.3, 84.1, 70.2), PSO.index = c(466, 
194, 18, 436, 4, 222, 323, 914, 117, 474, 198), PSO.n.solutions = c(189, 
87, 334, 193, 583, 484, 458, 746, 591, 119, 102), PSO.generations = c(100, 
100, 100, 100, 100, 100, 100, 100, 100, 100, 100), PSO.n.evaluations = c(2500, 
2500, 2500, 2500, 2500, 2500, 2500, 2500, 2500, 2500, 2500), 
    PSO.cpu.time = c(6908.361, 7008.116, 7338.31, 7182.856, 7129.879, 
    7143.72, 8027.57699999999, 9720.446, 10124.907, 10478.798, 
    10519.4), RS.cost = c(14.99427, -1.01831, 1.57818, 6.89318, 
    -0.15542, 4.37619, 2.17548, 14.9662, 3.09829, 1.25827, 1.15141
    ), RS.gamma = c(-14.42086, -1.69395, -1.54935, -1.62392, 
    -1.96666, -3.93791, -2.09296, -14.97085, -3.88651, -1.48767, 
    -2.21122), RS.data.balancing = c(0, 0, 0, 0, 0, 0, 0, 0, 
    0, 0, 0), RS.feature.selection = c(0, 0, 0, 0, 0, 0, 0, 0, 
    0, 0, 0), RS.valid.acc = c(0.93571, 0.93458, 0.94669, 0.94561, 
    0.95419, 0.95714, 0.96008, 0.95378, 0.94841, 0.94373, 0.94655
    ), RS.test.acc = c(0.9, 0.92167, 0.95257, 0.94006, 0.94919, 
    0.95714, 0.95553, 0.94126, 0.93655, 0.94359, 0.93941), RS.train.time = c(0.0175, 
    0.0228, 0.0242, 0.0239, 0.025, 0.0216, 0.0301, 0.0256, 0.0272, 
    0.0372, 0.0337), RS.n.support.vectors = c(22.2, 82.3, 77.5, 
    71.2, 79.3, 36.7, 69.9, 30.5, 47.6, 104.1, 83), RS.index = c(385, 
    887, 380, 335, 1567, 46, 1872, 74, 96, 458, 2449), RS.n.solutions = c(2, 
    2, 17, 16, 1, 14, 1, 18, 16, 5, 1), RS.generations = c(100, 
    100, 100, 100, 100, 100, 100, 100, 100, 100, 100), RS.n.evaluations = c(2500, 
    2500, 2500, 2500, 2500, 2500, 2500, 2500, 2500, 2500, 2500
    ), RS.cpu.time = c(6969.831, 7053.467, 7234.316, 7252.344, 
    7149.571, 7224.295, 9775.26300000001, 10101.372, 10319.589, 
    10528.278, 10608.937), DF.cost = c(1, 1, 1, 1, 1, 1, 1, 1, 
    1, 1, 1), DF.gamma = c(0.0625, 0.0625, 0.0625, 0.0625, 0.0625, 
    0.0625, 0.0625, 0.0625, 0.0625, 0.0625, 0.0625), DF.data.balancing = c(0, 
    0, 0, 0, 0, 0, 0, 0, 0, 0, 0), DF.feature.selection = c(0, 
    0, 0, 0, 0, 0, 0, 0, 0, 0, 0), DF.valid.acc = c(0.92857, 
    0.92167, 0.92316, 0.93392, 0.94392, 0.94762, 0.95077, 0.93691, 
    0.94024, 0.92892, 0.92869), DF.test.acc = c(0.91429, 0.92167, 
    0.92316, 0.93947, 0.94392, 0.95238, 0.95077, 0.93691, 0.93608, 
    0.92892, 0.93227), DF.train.time = c(0.0184, 0.0213, 0.0215, 
    0.022, 0.0235, 0.0243, 0.0293, 0.0297, 0.0309, 0.0324, 0.0332
    ), DF.n.support.vectors = c(55.1, 58.1, 59.1, 60.1, 62.4, 
    68, 71.9, 74.4, 75.3, 80.5, 81), DF.index = c(1, 1, 1, 1, 
    1, 1, 1, 1, 1, 1, 1), DF.n.solutions = c(1, 1, 1, 1, 1, 1, 
    1, 1, 1, 1, 1), DF.generations = c(1, 1, 1, 1, 1, 1, 1, 1, 
    1, 1, 1), DF.n.evaluations = c(1, 1, 1, 1, 1, 1, 1, 1, 1, 
    1, 1), DF.cpu.time = c(2.689, 2.992, 2.891, 2.903, 2.942, 
    2.945, 3.828, 4.189, 4.253, 4.356, 4.168), SMBO.cost = c(1.96234003762482, 
    1.96234003762482, 1.96234003762482, 1.96234003762482, 1.96234003762482, 
    1.96234003762482, 1.96234003762482, 1.96234003762482, 1.96234003762482, 
    1.96234003762482, 1.96234003762482), SMBO.gamma = c(-3.62187821335159, 
    -3.62187821335159, -3.62187821335159, -3.62187821335159, 
    -3.62187821335159, -3.62187821335159, -3.62187821335159, 
    -3.62187821335159, -3.62187821335159, -3.62187821335159, 
    -3.62187821335159), SMBO.balanced.test.accuracy = c(0.953755211596242, 
    0.953755211596242, 0.953755211596242, 0.953755211596242, 
    0.953755211596242, 0.953755211596242, 0.953755211596242, 
    0.953755211596242, 0.953755211596242, 0.953755211596242, 
    0.953755211596242)), .Names = c("Sampling", "PSO.cost", "PSO.gamma", 
"PSO.data.balancing", "PSO.feature.selection", "PSO.valid.acc", 
"PSO.test.acc", "PSO.train.time", "PSO.n.support.vectors", "PSO.index", 
"PSO.n.solutions", "PSO.generations", "PSO.n.evaluations", "PSO.cpu.time", 
"RS.cost", "RS.gamma", "RS.data.balancing", "RS.feature.selection", 
"RS.valid.acc", "RS.test.acc", "RS.train.time", "RS.n.support.vectors", 
"RS.index", "RS.n.solutions", "RS.generations", "RS.n.evaluations", 
"RS.cpu.time", "DF.cost", "DF.gamma", "DF.data.balancing", "DF.feature.selection", 
"DF.valid.acc", "DF.test.acc", "DF.train.time", "DF.n.support.vectors", 
"DF.index", "DF.n.solutions", "DF.generations", "DF.n.evaluations", 
"DF.cpu.time", "SMBO.cost", "SMBO.gamma", "SMBO.balanced.test.accuracy"
), row.names = c(NA, -11L), class = "data.frame")
