new.sol <-
structure(list(Sampling = c(50, 55, 60, 65, 70, 75, 80, 85, 90, 
95, 100), PSO.cost = c(10.59633, 3.65449, 12.84602, 12.63755, 
14.16597, 15, 4.67815, 15, 7.4154, 9.57731, 15), PSO.gamma = c(-5.62916, 
-5.26625, -15, -12.38539, -13.63974, -15, -4.47722, -13.96422, 
-7.46997, -8.60078, -14.70059), PSO.data.balancing = c(0, 0, 
0, 0, 0, 0, 0, 0, 0, 0, 0), PSO.feature.selection = c(0, 0, 0, 
0, 0, 0, 0, 0, 0, 0, 0), PSO.valid.acc = c(0.9504, 0.94875, 0.93452, 
0.93904, 0.95447, 0.95755, 0.95079, 0.95779, 0.94815, 0.95157, 
0.95341), PSO.test.acc = c(0.91509, 0.93625, 0.91614, 0.93407, 
0.94447, 0.95279, 0.94644, 0.95362, 0.93615, 0.92847, 0.95367
), PSO.train.time = c(0.0192, 0.0199, 0.0187, 0.0243, 0.0257, 
0.0255, 0.0271, 0.0271, 0.0254, 0.0261, 0.0269), PSO.n.support.vectors = c(22.2, 
33.4, 35.6, 27, 30.1, 32, 41, 29.3, 36.5, 34.6, 36), PSO.index = c(99, 
80, 75, 454, 57, 52, 555, 2332, 88, 118, 51), PSO.n.solutions = c(584, 
521, 102, 35, 647, 1318, 402, 1, 180, 323, 1107), PSO.generations = c(100, 
100, 100, 100, 100, 100, 100, 100, 100, 100, 100), PSO.n.evaluations = c(2500, 
2500, 2500, 2500, 2500, 2500, 2500, 2500, 2500, 2500, 2500), 
    PSO.cpu.time = c(7837.589, 7610.976, 10921.708, 11158.537, 
    10778.576, 10645.239, 10652.997, 10039.181, 10025.043, 10096.827, 
    10095.253), RS.cost = c(7.86526, 4.6241, 8.25861, 13.04351, 
    13.04263, 13.95008, 4.55618, 14.75931, 8.88014, 14.18058, 
    11.77556), RS.gamma = c(-5.30139, -6.40643, -10.38203, -12.84123, 
    -12.52861, -14.05286, -4.46718, -13.41318, -8.6465, -12.63504, 
    -11.29578), RS.data.balancing = c(0, 0, 0, 0, 0, 0, 0, 0, 
    0, 0, 0), RS.feature.selection = c(0, 0, 0, 0, 0, 0, 0, 0, 
    0, 0, 0), RS.valid.acc = c(0.9504, 0.94875, 0.93452, 0.93904, 
    0.95447, 0.95755, 0.95079, 0.95761, 0.94815, 0.95157, 0.95341
    ), RS.test.acc = c(0.92842, 0.93, 0.91614, 0.92852, 0.94447, 
    0.95279, 0.94644, 0.94946, 0.94415, 0.92876, 0.95367), RS.train.time = c(0.0173, 
    0.0185, 0.0263, 0.0235, 0.0262, 0.026, 0.0281, 0.0255, 0.0266, 
    0.0273, 0.0286), RS.n.support.vectors = c(23, 32.3, 35.6, 
    27.4, 30.1, 32.7, 41.4, 28.9, 34.6, 32.1, 35.5), RS.index = c(73, 
    647, 245, 360, 161, 190, 144, 32, 61, 75, 55), RS.n.solutions = c(17, 
    6, 5, 2, 15, 15, 6, 12, 22, 38, 23), RS.generations = c(100, 
    100, 100, 100, 100, 100, 100, 100, 100, 100, 100), RS.n.evaluations = c(2500, 
    2500, 2500, 2500, 2500, 2500, 2500, 2500, 2500, 2500, 2500
    ), RS.cpu.time = c(7660.469, 7572.146, 11824.736, 11369.093, 
    10867.863, 10743.961, 10646.407, 10109.006, 10183.646, 10427.947, 
    10433.816), DF.cost = c(1, 1, 1, 1, 1, 1, 1, 1, 1, 1, 1), 
    DF.gamma = c(0.0625, 0.0625, 0.0625, 0.0625, 0.0625, 0.0625, 
    0.0625, 0.0625, 0.0625, 0.0625, 0.0625), DF.data.balancing = c(0, 
    0, 0, 0, 0, 0, 0, 0, 0, 0, 0), DF.feature.selection = c(0, 
    0, 0, 0, 0, 0, 0, 0, 0, 0, 0), DF.valid.acc = c(0.91509, 
    0.91625, 0.9165, 0.92202, 0.92868, 0.9337, 0.93715, 0.94094, 
    0.94015, 0.93291, 0.93581), DF.test.acc = c(0.91509, 0.91625, 
    0.92206, 0.92728, 0.92868, 0.9337, 0.93715, 0.94094, 0.94015, 
    0.93291, 0.93581), DF.train.time = c(0.0203, 0.0208, 0.0249, 
    0.0268, 0.0277, 0.0292, 0.0307, 0.0289, 0.0305, 0.0333, 0.0355
    ), DF.n.support.vectors = c(50.8, 54.9, 59.4, 61.3, 66.7, 
    71.3, 74.7, 75.2, 77, 77.9, 80.3), DF.index = c(1, 1, 1, 
    1, 1, 1, 1, 1, 1, 1, 1), DF.n.solutions = c(1, 1, 1, 1, 1, 
    1, 1, 1, 1, 1, 1), DF.generations = c(1, 1, 1, 1, 1, 1, 1, 
    1, 1, 1, 1), DF.n.evaluations = c(1, 1, 1, 1, 1, 1, 1, 1, 
    1, 1, 1), DF.cpu.time = c(3.252, 3.11, 4.316, 4.374, 4.193, 
    4.232, 4.179, 3.88, 3.952, 4.262, 4.648), SMBO.cost = c(6.92569638121349, 
    6.92569638121349, 6.92569638121349, 6.92569638121349, 6.92569638121349, 
    6.92569638121349, 6.92569638121349, 6.92569638121349, 6.92569638121349, 
    6.92569638121349, 6.92569638121349), SMBO.gamma = c(-6.09415761392592, 
    -6.09415761392592, -6.09415761392592, -6.09415761392592, 
    -6.09415761392592, -6.09415761392592, -6.09415761392592, 
    -6.09415761392592, -6.09415761392592, -6.09415761392592, 
    -6.09415761392592), SMBO.balanced.test.accuracy = c(0.960927663438257, 
    0.960927663438257, 0.960927663438257, 0.960927663438257, 
    0.960927663438257, 0.960927663438257, 0.960927663438257, 
    0.960927663438257, 0.960927663438257, 0.960927663438257, 
    0.960927663438257)), .Names = c("Sampling", "PSO.cost", "PSO.gamma", 
"PSO.data.balancing", "PSO.feature.selection", "PSO.valid.acc", 
"PSO.test.acc", "PSO.train.time", "PSO.n.support.vectors", "PSO.index", 
"PSO.n.solutions", "PSO.generations", "PSO.n.evaluations", "PSO.cpu.time", 
"RS.cost", "RS.gamma", "RS.data.balancing", "RS.feature.selection", 
"RS.valid.acc", "RS.test.acc", "RS.train.time", "RS.n.support.vectors", 
"RS.index", "RS.n.solutions", "RS.generations", "RS.n.evaluations", 
"RS.cpu.time", "DF.cost", "DF.gamma", "DF.data.balancing", "DF.feature.selection", 
"DF.valid.acc", "DF.test.acc", "DF.train.time", "DF.n.support.vectors", 
"DF.index", "DF.n.solutions", "DF.generations", "DF.n.evaluations", 
"DF.cpu.time", "SMBO.cost", "SMBO.gamma", "SMBO.balanced.test.accuracy"
), row.names = c(NA, -11L), class = "data.frame")
