new.sol <-
structure(list(Sampling = c(50, 55, 60, 65, 70, 75, 80, 85, 90, 
95, 100), PSO.cost = c(-1.99218, 8.02291, 14.50904, -1.86823, 
-1.72998, 2.44723, 4.12849, 3.63109, 14.37647, 4.12447, 15), 
    PSO.gamma = c(-4.01331, -15, -8.56391, -4.68358, -3.73909, 
    -3.981, -11.04217, -3.52972, -10.72098, -4.78904, -10.25251
    ), PSO.data.balancing = c(0, 0, 0, 0, 0, 0, 0, 0, 0, 0, 0
    ), PSO.feature.selection = c(0, 0, 0, 0, 0, 0, 0, 0, 0, 0, 
    0), PSO.valid.acc = c(0.81353, 0.80209, 0.78929, 0.79611, 
    0.80381, 0.79732, 0.79753, 0.79565, 0.80024, 0.79535, 0.79249
    ), PSO.test.acc = c(0.79319, 0.78893, 0.77471, 0.78475, 0.78293, 
    0.79144, 0.78844, 0.79384, 0.78559, 0.78756, 0.78526), PSO.train.time = c(0.0279, 
    0.0286, 0.5355, 0.0351, 0.0415, 0.0445, 0.0481, 0.0639, 0.1431, 
    0.0647, 0.3227), PSO.n.support.vectors = c(174.7, 195.2, 
    160.2, 228, 230.2, 205.5, 269.5, 230, 253.1, 271.7, 275.1
    ), PSO.index = c(1782, 503, 138, 229, 2437, 832, 118, 561, 
    2179, 315, 479), PSO.n.solutions = c(9, 78, 130, 374, 1, 
    94, 98, 278, 1, 65, 80), PSO.generations = c(100, 100, 100, 
    100, 100, 100, 100, 100, 100, 100, 100), PSO.n.evaluations = c(2500, 
    2500, 2500, 2500, 2500, 2500, 2500, 2500, 2500, 2500, 2500
    ), PSO.cpu.time = c(7714.921, 7514.43, 13892.095, 7718.784, 
    9436.54999999999, 9332.094, 7842.467, 8714.50499999998, 11430.254, 
    19569.935, 14795.839), RS.cost = c(3.81842, 2.46066, 10.77689, 
    -1.5097, -1.74613, 3.65872, 4.66705, -0.9484, 12.64224, 4.38421, 
    14.45672), RS.gamma = c(-9.50385, -9.42894, -7.22125, -4.98637, 
    -3.66439, -9.7139, -11.48363, -1.89419, -9.65512, -4.95387, 
    -9.1949), RS.data.balancing = c(0, 0, 0, 0, 0, 0, 0, 0, 0, 
    0, 0), RS.feature.selection = c(0, 0, 0, 0, 0, 0, 0, 0, 0, 
    0, 0), RS.valid.acc = c(0.81067, 0.80209, 0.78929, 0.79611, 
    0.80173, 0.79717, 0.79753, 0.79565, 0.79701, 0.79381, 0.79104
    ), RS.test.acc = c(0.79034, 0.78893, 0.77715, 0.7848, 0.7808, 
    0.78732, 0.78659, 0.79217, 0.78723, 0.78759, 0.78381), RS.train.time = c(0.0274, 
    0.0321, 0.1209, 0.0358, 0.0385, 0.0421, 0.0474, 0.0517, 0.1193, 
    0.0642, 0.4046), RS.n.support.vectors = c(161.1, 195.4, 160.5, 
    224.5, 229.8, 239.8, 267.6, 268.4, 253, 271.4, 269.9), RS.index = c(555, 
    1578, 81, 76, 1026, 5, 577, 263, 94, 123, 173), RS.n.solutions = c(1, 
    2, 11, 3, 1, 1, 7, 1, 4, 1, 5), RS.generations = c(100, 100, 
    100, 100, 100, 100, 100, 100, 100, 100, 100), RS.n.evaluations = c(2500, 
    2500, 2500, 2500, 2500, 2500, 2500, 2500, 2500, 2500, 2500
    ), RS.cpu.time = c(8931.762, 10144.524, 10382.233, 12655.8, 
    14105.734, 15561.315, 15723.258, 16665.756, 19837.635, 22564.783, 
    24737.649), DF.cost = c(1, 1, 1, 1, 1, 1, 1, 1, 1, 1, 1), 
    DF.gamma = c(0.2, 0.2, 0.2, 0.2, 0.2, 0.2, 0.2, 0.2, 0.2, 
    0.2, 0.2), DF.data.balancing = c(0, 0, 0, 0, 0, 0, 0, 0, 
    0, 0, 0), DF.feature.selection = c(0, 0, 0, 0, 0, 0, 0, 0, 
    0, 0, 0), DF.valid.acc = c(0.78731, 0.7809, 0.77233, 0.7849, 
    0.79313, 0.78356, 0.78645, 0.78884, 0.75806, 0.76297, 0.75907
    ), DF.test.acc = c(0.78462, 0.78602, 0.76745, 0.78712, 0.79747, 
    0.77963, 0.79009, 0.79565, 0.76441, 0.76302, 0.76919), DF.train.time = c(0.026, 
    0.0275, 0.0343, 0.0363, 0.0433, 0.0438, 0.0477, 0.0526, 0.0585, 
    0.0626, 0.0703), DF.n.support.vectors = c(153.5, 168.7, 184, 
    198.6, 213.3, 222.9, 237.3, 251.3, 283.9, 295.9, 311), DF.index = c(1, 
    1, 1, 1, 1, 1, 1, 1, 1, 1, 1), DF.n.solutions = c(1, 1, 1, 
    1, 1, 1, 1, 1, 1, 1, 1), DF.generations = c(1, 1, 1, 1, 1, 
    1, 1, 1, 1, 1, 1), DF.n.evaluations = c(1, 1, 1, 1, 1, 1, 
    1, 1, 1, 1, 1), DF.cpu.time = c(2.876, 2.967, 2.962, 3.001, 
    3.059, 2.932, 2.866, 2.868, 2.925, 2.914, 3.161), SMBO.cost = c(12.6617804940306, 
    12.6617804940306, 12.6617804940306, 12.6617804940306, 12.6617804940306, 
    12.6617804940306, 12.6617804940306, 12.6617804940306, 12.6617804940306, 
    12.6617804940306, 12.6617804940306), SMBO.gamma = c(-14.8873698392641, 
    -14.8873698392641, -14.8873698392641, -14.8873698392641, 
    -14.8873698392641, -14.8873698392641, -14.8873698392641, 
    -14.8873698392641, -14.8873698392641, -14.8873698392641, 
    -14.8873698392641), SMBO.balanced.test.accuracy = c(0.805900676590332, 
    0.805900676590332, 0.805900676590332, 0.805900676590332, 
    0.805900676590332, 0.805900676590332, 0.805900676590332, 
    0.805900676590332, 0.805900676590332, 0.805900676590332, 
    0.805900676590332)), .Names = c("Sampling", "PSO.cost", "PSO.gamma", 
"PSO.data.balancing", "PSO.feature.selection", "PSO.valid.acc", 
"PSO.test.acc", "PSO.train.time", "PSO.n.support.vectors", "PSO.index", 
"PSO.n.solutions", "PSO.generations", "PSO.n.evaluations", "PSO.cpu.time", 
"RS.cost", "RS.gamma", "RS.data.balancing", "RS.feature.selection", 
"RS.valid.acc", "RS.test.acc", "RS.train.time", "RS.n.support.vectors", 
"RS.index", "RS.n.solutions", "RS.generations", "RS.n.evaluations", 
"RS.cpu.time", "DF.cost", "DF.gamma", "DF.data.balancing", "DF.feature.selection", 
"DF.valid.acc", "DF.test.acc", "DF.train.time", "DF.n.support.vectors", 
"DF.index", "DF.n.solutions", "DF.generations", "DF.n.evaluations", 
"DF.cpu.time", "SMBO.cost", "SMBO.gamma", "SMBO.balanced.test.accuracy"
), row.names = c(NA, -11L), class = "data.frame")
