new.sol <-
structure(list(Sampling = c(50, 55, 60, 65, 70, 75, 80, 85, 90, 
95, 100), PSO.cost = c(14.99147, 8.95485, 6.76203, 7.14933, 14.55123, 
14.39863, 15, 10.5074, 5.52312, 12.69643, 6.23323), PSO.gamma = c(-9.31564, 
-7.96388, -6.91747, -9.19022, -8.66126, -8.69224, -7.92885, -7.29175, 
-7.16582, -8.0632, -7.88022), PSO.data.balancing = c(0, 0, 0, 
0, 0, 0, 0, 0, 0, 0, 0), PSO.feature.selection = c(0, 0, 0, 0, 
0, 0, 0, 0, 0, 0, 0), PSO.valid.acc = c(0.81695, 0.80195, 0.8252, 
0.80732, 0.80873, 0.80143, 0.80458, 0.81455, 0.81352, 0.80334, 
0.80418), PSO.test.acc = c(0.80812, 0.78339, 0.79837, 0.79131, 
0.80031, 0.80143, 0.79003, 0.79728, 0.79392, 0.79858, 0.78529
), PSO.train.time = c(0.1537, 0.0352, 0.0353, 0.0393, 0.3295, 
0.3062, 0.8714, 0.1179, 0.0591, 0.2895, 0.0776), PSO.n.support.vectors = c(137.7, 
162.7, 173.1, 196.5, 182.9, 195.9, 203, 224.3, 256.6, 247.7, 
295.3), PSO.index = c(1053, 2056, 690, 2425, 349, 147, 92, 420, 
550, 514, 892), PSO.n.solutions = c(4, 1, 376, 2, 552, 621, 165, 
65, 212, 240, 170), PSO.generations = c(100, 100, 100, 100, 100, 
100, 100, 100, 100, 100, 100), PSO.n.evaluations = c(2500, 2500, 
2500, 2500, 2500, 2500, 2500, 2500, 2500, 2500, 2500), PSO.cpu.time = c(8266.782, 
8463.553, 7332.629, 8473.903, 14479.944, 15211.429, 24530.567, 
12580.174, 8609.89199999999, 16052.135, 9674.37000000002), RS.cost = c(10.88007, 
13.31845, 6.68973, 3.87183, 14.34987, 5.14724, 7.75433, 10.64965, 
5.56738, 12.49783, 6.09554), RS.gamma = c(-9.77069, -8.72744, 
-6.62687, -5.80287, -8.55607, -6.04605, -5.35368, -7.41065, -7.10048, 
-8.04356, -7.36673), RS.data.balancing = c(0, 0, 0, 0, 0, 0, 
0, 0, 0, 0, 0), RS.feature.selection = c(0, 0, 0, 0, 0, 0, 0, 
0, 0, 0, 0), RS.valid.acc = c(0.81425, 0.79932, 0.82276, 0.80944, 
0.80873, 0.80158, 0.80461, 0.81452, 0.81188, 0.80334, 0.80124
), RS.test.acc = c(0.81416, 0.77798, 0.80575, 0.79793, 0.80031, 
0.80732, 0.79003, 0.79725, 0.79556, 0.7955, 0.78817), RS.train.time = c(0.034, 
0.0872, 0.0372, 0.0389, 0.3144, 0.0441, 0.0828, 0.126, 0.0619, 
0.2779, 0.0787), RS.n.support.vectors = c(144.7, 157.4, 172.7, 
196.3, 183.4, 211.4, 210.2, 224.9, 255.6, 249.1, 290.6), RS.index = c(309, 
33, 627, 223, 2257, 824, 195, 876, 530, 1179, 391), RS.n.solutions = c(9, 
4, 1, 1, 1, 2, 1, 1, 1, 6, 1), RS.generations = c(100, 100, 100, 
100, 100, 100, 100, 100, 100, 100, 100), RS.n.evaluations = c(2500, 
2500, 2500, 2500, 2500, 2500, 2500, 2500, 2500, 2500, 2500), 
    RS.cpu.time = c(8811.2, 9288.341, 10169.442, 11507.354, 11434.58, 
    13234.618, 13071.282, 16756.306, 18310.548, 23031.561, 26074.881
    ), DF.cost = c(1, 1, 1, 1, 1, 1, 1, 1, 1, 1, 1), DF.gamma = c(0.2, 
    0.2, 0.2, 0.2, 0.2, 0.2, 0.2, 0.2, 0.2, 0.2, 0.2), DF.data.balancing = c(0, 
    0, 0, 0, 0, 0, 0, 0, 0, 0, 0), DF.feature.selection = c(0, 
    0, 0, 0, 0, 0, 0, 0, 0, 0, 0), DF.valid.acc = c(0.73894, 
    0.75707, 0.75714, 0.77136, 0.77735, 0.78413, 0.77364, 0.77826, 
    0.76478, 0.76463, 0.76064), DF.test.acc = c(0.74727, 0.75458, 
    0.76702, 0.76914, 0.77944, 0.75894, 0.77178, 0.77148, 0.75822, 
    0.76624, 0.75624), DF.train.time = c(0.0258, 0.03, 0.0339, 
    0.0372, 0.0429, 0.0432, 0.0511, 0.0568, 0.0651, 0.0654, 0.0799
    ), DF.n.support.vectors = c(164.8, 184.9, 195.2, 209.1, 220.5, 
    232.9, 244, 261.1, 274.6, 293.9, 310.1), DF.index = c(1, 
    1, 1, 1, 1, 1, 1, 1, 1, 1, 1), DF.n.solutions = c(1, 1, 1, 
    1, 1, 1, 1, 1, 1, 1, 1), DF.generations = c(1, 1, 1, 1, 1, 
    1, 1, 1, 1, 1, 1), DF.n.evaluations = c(1, 1, 1, 1, 1, 1, 
    1, 1, 1, 1, 1), DF.cpu.time = c(2.763, 2.83, 2.902, 2.818, 
    3.006, 2.812, 3.121, 3.159, 3.286, 3.092, 3.387), SMBO.cost = c(8.94315427761292, 
    8.94315427761292, 8.94315427761292, 8.94315427761292, 8.94315427761292, 
    8.94315427761292, 8.94315427761292, 8.94315427761292, 8.94315427761292, 
    8.94315427761292, 8.94315427761292), SMBO.gamma = c(-8.85890227889459, 
    -8.85890227889459, -8.85890227889459, -8.85890227889459, 
    -8.85890227889459, -8.85890227889459, -8.85890227889459, 
    -8.85890227889459, -8.85890227889459, -8.85890227889459, 
    -8.85890227889459), SMBO.balanced.test.accuracy = c(0.797024211243895, 
    0.797024211243895, 0.797024211243895, 0.797024211243895, 
    0.797024211243895, 0.797024211243895, 0.797024211243895, 
    0.797024211243895, 0.797024211243895, 0.797024211243895, 
    0.797024211243895)), .Names = c("Sampling", "PSO.cost", "PSO.gamma", 
"PSO.data.balancing", "PSO.feature.selection", "PSO.valid.acc", 
"PSO.test.acc", "PSO.train.time", "PSO.n.support.vectors", "PSO.index", 
"PSO.n.solutions", "PSO.generations", "PSO.n.evaluations", "PSO.cpu.time", 
"RS.cost", "RS.gamma", "RS.data.balancing", "RS.feature.selection", 
"RS.valid.acc", "RS.test.acc", "RS.train.time", "RS.n.support.vectors", 
"RS.index", "RS.n.solutions", "RS.generations", "RS.n.evaluations", 
"RS.cpu.time", "DF.cost", "DF.gamma", "DF.data.balancing", "DF.feature.selection", 
"DF.valid.acc", "DF.test.acc", "DF.train.time", "DF.n.support.vectors", 
"DF.index", "DF.n.solutions", "DF.generations", "DF.n.evaluations", 
"DF.cpu.time", "SMBO.cost", "SMBO.gamma", "SMBO.balanced.test.accuracy"
), row.names = c(NA, -11L), class = "data.frame")
