new.sol <-
structure(list(Sampling = c(50, 55, 60, 65, 70, 75, 80, 85, 90, 
95, 100), PSO.cost = c(5.0919, 13.93739, -1.44102, 15, 2.62519, 
11.50034, 15, 15, 14.09191, 4.43465, 5.92387), PSO.gamma = c(-10.34849, 
-11.00795, -4.69784, -9.95801, -4.06926, -7.88629, -9.39896, 
-10.84584, -8.52005, -5.82447, -6.06168), PSO.data.balancing = c(0, 
0, 0, 0, 0, 0, 0, 0, 0, 0, 0), PSO.feature.selection = c(0, 0, 
0, 0, 0, 0, 0, 0, 0, 0, 0), PSO.valid.acc = c(0.76748, 0.77508, 
0.78389, 0.78261, 0.794, 0.79344, 0.79762, 0.78869, 0.79881, 
0.80144, 0.79814), PSO.test.acc = c(0.75286, 0.76448, 0.77907, 
0.77801, 0.77937, 0.78752, 0.78655, 0.7732, 0.79387, 0.79377, 
0.7952), PSO.train.time = c(0.0272, 0.0581, 0.0313, 0.3316, 0.042, 
0.1292, 0.3875, 0.2947, 0.3672, 0.0658, 0.0738), PSO.n.support.vectors = c(171.5, 
165.4, 212, 181.4, 199.4, 207.7, 219.9, 232, 239, 279.9, 284.7
), PSO.index = c(28, 17, 684, 908, 606, 664, 1002, 1789, 640, 
494, 360), PSO.n.solutions = c(113, 166, 103, 45, 80, 123, 27, 
6, 59, 320, 585), PSO.generations = c(100, 100, 100, 100, 100, 
100, 100, 100, 100, 100, 100), PSO.n.evaluations = c(2500, 2500, 
2500, 2500, 2500, 2500, 2500, 2500, 2500, 2500, 2500), PSO.cpu.time = c(7369.686, 
8282.115, 7597.477, 12662.431, 9390.05099999999, 11274.448, 16446.239, 
11524.568, 18535.698, 8958.24900000001, 8436.64499999999), RS.cost = c(0.59734, 
9.67462, -1.09281, -1.77658, 3.77864, 11.52877, 13.68751, 13.26988, 
14.92752, 3.58818, 6.12534), RS.gamma = c(-5.76896, -8.92057, 
-5.16141, -4.77629, -4.70461, -7.90524, -8.68333, -10.00193, 
-8.93037, -4.97315, -6.20771), RS.data.balancing = c(0, 0, 0, 
0, 0, 0, 0, 0, 0, 0, 0), RS.feature.selection = c(0, 0, 0, 0, 
0, 0, 0, 0, 0, 0, 0), RS.valid.acc = c(0.76748, 0.77508, 0.78145, 
0.78261, 0.79191, 0.79344, 0.79577, 0.78869, 0.79881, 0.79988, 
0.79814), RS.test.acc = c(0.75571, 0.76178, 0.77431, 0.78029, 
0.77937, 0.78752, 0.78655, 0.77493, 0.79387, 0.78764, 0.7952), 
    RS.train.time = c(0.0266, 0.0357, 0.0328, 0.0405, 0.0454, 
    0.129, 0.2609, 0.2181, 0.5398, 0.0616, 0.0747), RS.n.support.vectors = c(172.1, 
    166.2, 212.6, 238.5, 195.7, 206.7, 220.1, 233.3, 237.7, 278, 
    284.5), RS.index = c(894, 58, 666, 2430, 400, 1361, 1767, 
    1386, 195, 266, 1491), RS.n.solutions = c(3, 8, 4, 1, 5, 
    1, 2, 3, 1, 1, 2), RS.generations = c(100, 100, 100, 100, 
    100, 100, 100, 100, 100, 100, 100), RS.n.evaluations = c(2500, 
    2500, 2500, 2500, 2500, 2500, 2500, 2500, 2500, 2500, 2500
    ), RS.cpu.time = c(9044.164, 9964.92, 10279.307, 11580.214, 
    13295.368, 14026.059, 16502.061, 19237.829, 21599.173, 24143.305, 
    24545.714), DF.cost = c(1, 1, 1, 1, 1, 1, 1, 1, 1, 1, 1), 
    DF.gamma = c(0.2, 0.2, 0.2, 0.2, 0.2, 0.2, 0.2, 0.2, 0.2, 
    0.2, 0.2), DF.data.balancing = c(0, 0, 0, 0, 0, 0, 0, 0, 
    0, 0, 0), DF.feature.selection = c(0, 0, 0, 0, 0, 0, 0, 0, 
    0, 0, 0), DF.valid.acc = c(0.73521, 0.74563, 0.75711, 0.76255, 
    0.77112, 0.75264, 0.74466, 0.74065, 0.77438, 0.77997, 0.77644
    ), DF.test.acc = c(0.74118, 0.74306, 0.76949, 0.77594, 0.76908, 
    0.74864, 0.7319, 0.74755, 0.77441, 0.76619, 0.76484), DF.train.time = c(0.0287, 
    0.0314, 0.0333, 0.0354, 0.0406, 0.0461, 0.0488, 0.0503, 0.0597, 
    0.0636, 0.0715), DF.n.support.vectors = c(167.2, 182.5, 190.5, 
    206.9, 217.6, 243, 259.6, 269.3, 282.6, 298.2, 309.8), DF.index = c(1, 
    1, 1, 1, 1, 1, 1, 1, 1, 1, 1), DF.n.solutions = c(1, 1, 1, 
    1, 1, 1, 1, 1, 1, 1, 1), DF.generations = c(1, 1, 1, 1, 1, 
    1, 1, 1, 1, 1, 1), DF.n.evaluations = c(1, 1, 1, 1, 1, 1, 
    1, 1, 1, 1, 1), DF.cpu.time = c(2.91, 2.895, 3.012, 2.952, 
    2.966, 3.088, 2.812, 2.807, 2.941, 3.01, 3.155), SMBO.cost = c(10.3889693055901, 
    10.3889693055901, 10.3889693055901, 10.3889693055901, 10.3889693055901, 
    10.3889693055901, 10.3889693055901, 10.3889693055901, 10.3889693055901, 
    10.3889693055901, 10.3889693055901), SMBO.gamma = c(-7.47199999418721, 
    -7.47199999418721, -7.47199999418721, -7.47199999418721, 
    -7.47199999418721, -7.47199999418721, -7.47199999418721, 
    -7.47199999418721, -7.47199999418721, -7.47199999418721, 
    -7.47199999418721), SMBO.balanced.test.accuracy = c(0.796615330501973, 
    0.796615330501973, 0.796615330501973, 0.796615330501973, 
    0.796615330501973, 0.796615330501973, 0.796615330501973, 
    0.796615330501973, 0.796615330501973, 0.796615330501973, 
    0.796615330501973)), .Names = c("Sampling", "PSO.cost", "PSO.gamma", 
"PSO.data.balancing", "PSO.feature.selection", "PSO.valid.acc", 
"PSO.test.acc", "PSO.train.time", "PSO.n.support.vectors", "PSO.index", 
"PSO.n.solutions", "PSO.generations", "PSO.n.evaluations", "PSO.cpu.time", 
"RS.cost", "RS.gamma", "RS.data.balancing", "RS.feature.selection", 
"RS.valid.acc", "RS.test.acc", "RS.train.time", "RS.n.support.vectors", 
"RS.index", "RS.n.solutions", "RS.generations", "RS.n.evaluations", 
"RS.cpu.time", "DF.cost", "DF.gamma", "DF.data.balancing", "DF.feature.selection", 
"DF.valid.acc", "DF.test.acc", "DF.train.time", "DF.n.support.vectors", 
"DF.index", "DF.n.solutions", "DF.generations", "DF.n.evaluations", 
"DF.cpu.time", "SMBO.cost", "SMBO.gamma", "SMBO.balanced.test.accuracy"
), row.names = c(NA, -11L), class = "data.frame")
