new.sol <-
structure(list(Sampling = c(50, 55, 60, 65, 70, 75, 80, 85, 90, 
95, 100), PSO.cost = c(10.96267, 10.22543, 12.21782, 12.69093, 
9.86869, 9.96782, 7.26601, 12.27236, 14.48503, 14.99815, 15), 
    PSO.gamma = c(-12.84565, -12.54653, -13.9819, -14.35467, 
    -11.71176, -8.0562, -5.58685, -14.87667, -9.37092, -8.55567, 
    -10.12304), PSO.data.balancing = c(0, 0, 0, 0, 0, 0, 0, 0, 
    0, 0, 0), PSO.feature.selection = c(0, 0, 0, 0, 0, 0, 0, 
    0, 0, 0, 0), PSO.valid.acc = c(0.80202, 0.81511, 0.81303, 
    0.80707, 0.79585, 0.80378, 0.80473, 0.8077, 0.79529, 0.79394, 
    0.80118), PSO.test.acc = c(0.78143, 0.79391, 0.79142, 0.78692, 
    0.7856, 0.79586, 0.80281, 0.77842, 0.78384, 0.78769, 0.79398
    ), PSO.train.time = c(0.0281, 0.0298, 0.0369, 0.0408, 0.0406, 
    0.0642, 0.071, 0.0595, 0.4053, 0.7706, 0.3735), PSO.n.support.vectors = c(154.2, 
    164.7, 174.7, 189, 204.8, 199.2, 217.6, 255.3, 247.4, 253, 
    275.5), PSO.index = c(203, 157, 2404, 296, 437, 2112, 1584, 
    1403, 381, 334, 191), PSO.n.solutions = c(84, 84, 1, 85, 
    58, 1, 19, 15, 12, 154, 61), PSO.generations = c(100, 100, 
    100, 100, 100, 100, 100, 100, 100, 100, 100), PSO.n.evaluations = c(2500, 
    2500, 2500, 2500, 2500, 2500, 2500, 2500, 2500, 2500, 2500
    ), PSO.cpu.time = c(6963.747, 7003.821, 7177.903, 7498.532, 
    9692.584, 9568.74099999999, 13307.46, 9845.78199999998, 20972.705, 
    27405.605, 22095.337), RS.cost = c(11.99081, 10.04021, 10.0432, 
    5.89625, 9.45986, 12.14064, 5.8828, 12.38626, 10.5267, 14.23481, 
    14.70554), RS.gamma = c(-13.87006, -12.37964, -10.54973, 
    -8.08914, -11.32618, -9.35663, -4.95617, -14.88605, -7.66793, 
    -8.67531, -9.00039), RS.data.balancing = c(0, 0, 0, 0, 0, 
    0, 0, 0, 0, 0, 0), RS.feature.selection = c(0, 0, 0, 0, 0, 
    0, 0, 0, 0, 0, 0), RS.valid.acc = c(0.80202, 0.81248, 0.8107, 
    0.80495, 0.79585, 0.80186, 0.80473, 0.80598, 0.79368, 0.7923, 
    0.79982), RS.test.acc = c(0.78143, 0.79655, 0.79874, 0.78697, 
    0.7856, 0.79586, 0.79726, 0.775, 0.7871, 0.79076, 0.78967
    ), RS.train.time = c(0.0283, 0.0328, 0.0325, 0.0363, 0.0399, 
    0.0953, 0.0614, 0.0532, 0.1414, 0.5415, 0.5273), RS.n.support.vectors = c(154.3, 
    164.4, 170.1, 192, 204.8, 197.6, 220.6, 254.4, 251.3, 254.4, 
    267.6), RS.index = c(264, 2218, 544, 1915, 2347, 258, 2199, 
    110, 875, 2074, 437), RS.n.solutions = c(7, 1, 3, 1, 1, 46, 
    1, 1, 1, 1, 1), RS.generations = c(100, 100, 100, 100, 100, 
    100, 100, 100, 100, 100, 100), RS.n.evaluations = c(2500, 
    2500, 2500, 2500, 2500, 2500, 2500, 2500, 2500, 2500, 2500
    ), RS.cpu.time = c(8790.518, 9774.546, 10920.207, 12094.036, 
    13839.657, 15217.375, 19199.095, 21652.145, 25785.807, 27148.533, 
    28967.975), DF.cost = c(1, 1, 1, 1, 1, 1, 1, 1, 1, 1, 1), 
    DF.gamma = c(0.2, 0.2, 0.2, 0.2, 0.2, 0.2, 0.2, 0.2, 0.2, 
    0.2, 0.2), DF.data.balancing = c(0, 0, 0, 0, 0, 0, 0, 0, 
    0, 0, 0), DF.feature.selection = c(0, 0, 0, 0, 0, 0, 0, 0, 
    0, 0, 0), DF.valid.acc = c(0.7379, 0.7624, 0.76452, 0.76944, 
    0.76672, 0.76663, 0.7644, 0.75791, 0.75793, 0.77658, 0.76653
    ), DF.test.acc = c(0.74639, 0.76226, 0.77886, 0.78061, 0.75643, 
    0.75697, 0.77177, 0.76828, 0.76766, 0.76437, 0.76932), DF.train.time = c(0.0262, 
    0.0289, 0.0333, 0.0377, 0.0401, 0.0451, 0.05, 0.0554, 0.0654, 
    0.0671, 0.0812), DF.n.support.vectors = c(165, 173, 189.1, 
    205.3, 219.8, 231.8, 251.2, 264.2, 285.3, 297.7, 309.1), 
    DF.index = c(1, 1, 1, 1, 1, 1, 1, 1, 1, 1, 1), DF.n.solutions = c(1, 
    1, 1, 1, 1, 1, 1, 1, 1, 1, 1), DF.generations = c(1, 1, 1, 
    1, 1, 1, 1, 1, 1, 1, 1), DF.n.evaluations = c(1, 1, 1, 1, 
    1, 1, 1, 1, 1, 1, 1), DF.cpu.time = c(2.726, 2.791, 2.877, 
    2.914, 2.825, 2.987, 3.633, 3.704, 4.052, 3.9, 4.347), SMBO.cost = c(5.24670673001732, 
    5.24670673001732, 5.24670673001732, 5.24670673001732, 5.24670673001732, 
    5.24670673001732, 5.24670673001732, 5.24670673001732, 5.24670673001732, 
    5.24670673001732, 5.24670673001732), SMBO.gamma = c(-4.76150293302548, 
    -4.76150293302548, -4.76150293302548, -4.76150293302548, 
    -4.76150293302548, -4.76150293302548, -4.76150293302548, 
    -4.76150293302548, -4.76150293302548, -4.76150293302548, 
    -4.76150293302548), SMBO.balanced.test.accuracy = c(0.800580274844981, 
    0.800580274844981, 0.800580274844981, 0.800580274844981, 
    0.800580274844981, 0.800580274844981, 0.800580274844981, 
    0.800580274844981, 0.800580274844981, 0.800580274844981, 
    0.800580274844981)), .Names = c("Sampling", "PSO.cost", "PSO.gamma", 
"PSO.data.balancing", "PSO.feature.selection", "PSO.valid.acc", 
"PSO.test.acc", "PSO.train.time", "PSO.n.support.vectors", "PSO.index", 
"PSO.n.solutions", "PSO.generations", "PSO.n.evaluations", "PSO.cpu.time", 
"RS.cost", "RS.gamma", "RS.data.balancing", "RS.feature.selection", 
"RS.valid.acc", "RS.test.acc", "RS.train.time", "RS.n.support.vectors", 
"RS.index", "RS.n.solutions", "RS.generations", "RS.n.evaluations", 
"RS.cpu.time", "DF.cost", "DF.gamma", "DF.data.balancing", "DF.feature.selection", 
"DF.valid.acc", "DF.test.acc", "DF.train.time", "DF.n.support.vectors", 
"DF.index", "DF.n.solutions", "DF.generations", "DF.n.evaluations", 
"DF.cpu.time", "SMBO.cost", "SMBO.gamma", "SMBO.balanced.test.accuracy"
), row.names = c(NA, -11L), class = "data.frame")
