new.sol <-
structure(list(Sampling = c(50, 55, 60, 65, 70, 75, 80, 85, 90, 
95, 100), PSO.cost = c(15, 14.40675, 14.0184, 10.89553, 6.6169, 
15, 7.51017, 2.12843, 11.50329, 14.43294, 14.77134), PSO.gamma = c(-11.8324, 
-13.90272, -14.99969, -10.93907, -10.00095, -8.54396, -8.37272, 
-4.64807, -12.82692, -9.99462, -9.29285), PSO.data.balancing = c(0, 
0, 0, 0, 0, 0, 0, 0, 0, 0, 0), PSO.feature.selection = c(0, 0, 
0, 0, 0, 0, 0, 0, 0, 0, 0), PSO.valid.acc = c(0.77613, 0.7489, 
0.78377, 0.78495, 0.78525, 0.77406, 0.79192, 0.79186, 0.79873, 
0.79212, 0.79972), PSO.test.acc = c(0.73815, 0.73532, 0.75723, 
0.76702, 0.76042, 0.77798, 0.77731, 0.77298, 0.78414, 0.79049, 
0.79972), PSO.train.time = c(0.0475, 0.0374, 0.036, 0.0403, 0.0411, 
0.523, 0.0523, 0.0586, 0.063, 0.239, 0.488), PSO.n.support.vectors = c(160, 
175.5, 187.3, 198.5, 230.4, 215.2, 244.7, 260.1, 268.4, 264.1, 
269.7), PSO.index = c(1194, 217, 2307, 2026, 1445, 645, 243, 
22, 1697, 1375, 1307), PSO.n.solutions = c(2, 258, 1, 13, 26, 
36, 183, 319, 3, 20, 7), PSO.generations = c(100, 100, 100, 100, 
100, 100, 100, 100, 100, 100, 100), PSO.n.evaluations = c(2500, 
2500, 2500, 2500, 2500, 2500, 2500, 2500, 2500, 2500, 2500), 
    PSO.cpu.time = c(7575.878, 7306.827, 7197.295, 7543.031, 
    7441.96799999999, 17666.286, 8871.76700000001, 8911.66200000001, 
    8684.41800000001, 14578.683, 14900.486), RS.cost = c(14.99672, 
    13.95801, 4.94295, 10.96459, 5.97001, 4.40216, 7.87678, 2.10588, 
    11.4625, 10.38419, 14.72191), RS.gamma = c(-11.70349, -13.56373, 
    -6.04862, -11.00196, -9.42037, -4.09058, -8.68714, -4.69139, 
    -12.72658, -8.10367, -9.55722), RS.data.balancing = c(0, 
    0, 0, 0, 0, 0, 0, 0, 0, 0, 0), RS.feature.selection = c(0, 
    0, 0, 0, 0, 0, 0, 0, 0, 0, 0), RS.valid.acc = c(0.77319, 
    0.7489, 0.77907, 0.78495, 0.78317, 0.77036, 0.7901, 0.79186, 
    0.79712, 0.79212, 0.79827), RS.test.acc = c(0.74689, 0.73795, 
    0.77199, 0.76702, 0.76042, 0.77225, 0.78098, 0.77298, 0.78414, 
    0.7859, 0.79827), RS.train.time = c(0.0489, 0.0356, 0.0327, 
    0.0399, 0.0406, 0.0532, 0.0513, 0.0595, 0.064, 0.1105, 0.3898
    ), RS.n.support.vectors = c(159.8, 175.9, 188.1, 198.6, 230.8, 
    225.3, 244.6, 260.2, 268.7, 266.6, 270.9), RS.index = c(757, 
    1059, 1528, 25, 2479, 1132, 574, 1417, 1723, 1023, 1742), 
    RS.n.solutions = c(1, 1, 1, 1, 1, 1, 1, 1, 1, 2, 1), RS.generations = c(100, 
    100, 100, 100, 100, 100, 100, 100, 100, 100, 100), RS.n.evaluations = c(2500, 
    2500, 2500, 2500, 2500, 2500, 2500, 2500, 2500, 2500, 2500
    ), RS.cpu.time = c(8980.375, 8753.314, 9579.476, 10079.661, 
    11160.201, 13585.634, 16299.325, 17610.132, 21060.918, 25397.133, 
    24240.764), DF.cost = c(1, 1, 1, 1, 1, 1, 1, 1, 1, 1, 1), 
    DF.gamma = c(0.2, 0.2, 0.2, 0.2, 0.2, 0.2, 0.2, 0.2, 0.2, 
    0.2, 0.2), DF.data.balancing = c(0, 0, 0, 0, 0, 0, 0, 0, 
    0, 0, 0), DF.feature.selection = c(0, 0, 0, 0, 0, 0, 0, 0, 
    0, 0, 0), DF.valid.acc = c(0.72697, 0.71432, 0.7401, 0.73106, 
    0.74766, 0.74713, 0.76088, 0.77122, 0.76801, 0.75214, 0.75754
    ), DF.test.acc = c(0.69521, 0.72, 0.71345, 0.73323, 0.75425, 
    0.74521, 0.76818, 0.75568, 0.76623, 0.75974, 0.76338), DF.train.time = c(0.0276, 
    0.0302, 0.0339, 0.038, 0.0415, 0.0475, 0.0559, 0.0577, 0.0644, 
    0.0725, 0.0796), DF.n.support.vectors = c(180, 193.2, 206.3, 
    221.6, 236.2, 249.3, 263, 270.5, 284, 293.8, 311.2), DF.index = c(1, 
    1, 1, 1, 1, 1, 1, 1, 1, 1, 1), DF.n.solutions = c(1, 1, 1, 
    1, 1, 1, 1, 1, 1, 1, 1), DF.generations = c(1, 1, 1, 1, 1, 
    1, 1, 1, 1, 1, 1), DF.n.evaluations = c(1, 1, 1, 1, 1, 1, 
    1, 1, 1, 1, 1), DF.cpu.time = c(2.776, 2.828, 2.864, 2.752, 
    2.78, 3.097, 3.034, 3.01, 3.138, 3.385, 3.281), SMBO.cost = c(14.2865401984267, 
    14.2865401984267, 14.2865401984267, 14.2865401984267, 14.2865401984267, 
    14.2865401984267, 14.2865401984267, 14.2865401984267, 14.2865401984267, 
    14.2865401984267, 14.2865401984267), SMBO.gamma = c(-10.4502904329696, 
    -10.4502904329696, -10.4502904329696, -10.4502904329696, 
    -10.4502904329696, -10.4502904329696, -10.4502904329696, 
    -10.4502904329696, -10.4502904329696, -10.4502904329696, 
    -10.4502904329696), SMBO.balanced.test.accuracy = c(0.797456994036388, 
    0.797456994036388, 0.797456994036388, 0.797456994036388, 
    0.797456994036388, 0.797456994036388, 0.797456994036388, 
    0.797456994036388, 0.797456994036388, 0.797456994036388, 
    0.797456994036388)), .Names = c("Sampling", "PSO.cost", "PSO.gamma", 
"PSO.data.balancing", "PSO.feature.selection", "PSO.valid.acc", 
"PSO.test.acc", "PSO.train.time", "PSO.n.support.vectors", "PSO.index", 
"PSO.n.solutions", "PSO.generations", "PSO.n.evaluations", "PSO.cpu.time", 
"RS.cost", "RS.gamma", "RS.data.balancing", "RS.feature.selection", 
"RS.valid.acc", "RS.test.acc", "RS.train.time", "RS.n.support.vectors", 
"RS.index", "RS.n.solutions", "RS.generations", "RS.n.evaluations", 
"RS.cpu.time", "DF.cost", "DF.gamma", "DF.data.balancing", "DF.feature.selection", 
"DF.valid.acc", "DF.test.acc", "DF.train.time", "DF.n.support.vectors", 
"DF.index", "DF.n.solutions", "DF.generations", "DF.n.evaluations", 
"DF.cpu.time", "SMBO.cost", "SMBO.gamma", "SMBO.balanced.test.accuracy"
), row.names = c(NA, -11L), class = "data.frame")
