new.sol <-
structure(list(Sampling = c(50, 55, 60, 65, 70, 75, 80, 85, 90, 
95, 100), PSO.cost = c(7.31098, 5.67266, 15, 10.64764, 15, 12.23751, 
13.7581, 15, 8.4334, 14.89881, 14.96702), PSO.gamma = c(-8.73596, 
-5.08402, -10.95428, -6.82248, -9.67038, -8.46819, -8.32637, 
-9.07019, -7.83886, -8.53909, -9.94351), PSO.data.balancing = c(0, 
0, 0, 0, 0, 0, 0, 0, 0, 0, 0), PSO.feature.selection = c(0, 0, 
0, 0, 0, 0, 0, 0, 0, 0, 0), PSO.valid.acc = c(0.8142, 0.81213, 
0.81332, 0.8049, 0.80604, 0.80706, 0.80853, 0.79202, 0.80689, 
0.79857, 0.79671), PSO.test.acc = c(0.78521, 0.78289, 0.7963, 
0.79813, 0.79988, 0.79145, 0.80301, 0.79369, 0.79555, 0.78318, 
0.78501), PSO.train.time = c(0.028, 0.0325, 0.105, 0.0828, 0.2654, 
0.1231, 0.3501, 0.439, 0.0697, 0.8043, 0.4166), PSO.n.support.vectors = c(150.6, 
155.6, 170.1, 172.3, 189.3, 209.6, 218, 223.9, 253.9, 246.3, 
273.8), PSO.index = c(358, 856, 2134, 2094, 622, 125, 219, 49, 
209, 217, 886), PSO.n.solutions = c(377, 58, 1, 3, 35, 274, 629, 
20, 278, 599, 16), PSO.generations = c(100, 100, 100, 100, 100, 
100, 100, 100, 100, 100, 100), PSO.n.evaluations = c(2500, 2500, 
2500, 2500, 2500, 2500, 2500, 2500, 2500, 2500, 2500), PSO.cpu.time = c(7713.293, 
8975.033, 9323.68, 9363.469, 12737.182, 10993.071, 17349.395, 
15983.16, 8733.94, 20124.695, 16519.751), RS.cost = c(8.41372, 
10.59759, 11.90556, 1.42848, 14.45525, 10.91202, 14.82083, 13.74585, 
7.72356, 13.77642, 14.71981), RS.gamma = c(-9.96232, -7.19245, 
-9.26752, -5.22272, -9.09473, -7.90105, -8.95612, -9.34004, -7.56063, 
-8.21993, -9.86111), RS.data.balancing = c(0, 0, 0, 0, 0, 0, 
0, 0, 0, 0, 0), RS.feature.selection = c(0, 0, 0, 0, 0, 0, 0, 
0, 0, 0, 0), RS.valid.acc = c(0.81134, 0.80687, 0.81082, 0.80495, 
0.806, 0.80706, 0.80853, 0.79024, 0.80528, 0.79857, 0.79524), 
    RS.test.acc = c(0.77933, 0.79605, 0.79391, 0.8047, 0.80409, 
    0.79141, 0.80115, 0.79366, 0.79877, 0.78318, 0.78356), RS.train.time = c(0.0286, 
    0.0625, 0.0581, 0.0373, 0.2917, 0.0945, 0.4596, 0.2077, 0.0625, 
    0.4066, 0.3865), RS.n.support.vectors = c(150.3, 148.6, 170.3, 
    207.5, 188.6, 211.1, 216.9, 230.8, 255.3, 247.9, 273.6), 
    RS.index = c(710, 248, 271, 1055, 981, 21, 369, 516, 1330, 
    783, 340), RS.n.solutions = c(4, 19, 3, 1, 2, 3, 4, 10, 1, 
    2, 1), RS.generations = c(100, 100, 100, 100, 100, 100, 100, 
    100, 100, 100, 100), RS.n.evaluations = c(2500, 2500, 2500, 
    2500, 2500, 2500, 2500, 2500, 2500, 2500, 2500), RS.cpu.time = c(8814.587, 
    9281.979, 10635.996, 11107.124, 12844.706, 13104.993, 13985.045, 
    16303.262, 16712.724, 19569.883, 25045.263), DF.cost = c(1, 
    1, 1, 1, 1, 1, 1, 1, 1, 1, 1), DF.gamma = c(0.2, 0.2, 0.2, 
    0.2, 0.2, 0.2, 0.2, 0.2, 0.2, 0.2, 0.2), DF.data.balancing = c(0, 
    0, 0, 0, 0, 0, 0, 0, 0, 0, 0), DF.feature.selection = c(0, 
    0, 0, 0, 0, 0, 0, 0, 0, 0, 0), DF.valid.acc = c(0.7795, 0.78845, 
    0.7619, 0.78697, 0.781, 0.76233, 0.77235, 0.75935, 0.77112, 
    0.76766, 0.75741), DF.test.acc = c(0.77084, 0.76696, 0.76678, 
    0.79121, 0.77688, 0.75833, 0.77781, 0.76105, 0.76615, 0.76004, 
    0.75897), DF.train.time = c(0.028, 0.0308, 0.0349, 0.0377, 
    0.0422, 0.0446, 0.0502, 0.0568, 0.0596, 0.0711, 0.0752), 
    DF.n.support.vectors = c(165.3, 178.8, 193.1, 208.1, 218.9, 
    238.4, 251.1, 260.4, 280.6, 290.5, 311), DF.index = c(1, 
    1, 1, 1, 1, 1, 1, 1, 1, 1, 1), DF.n.solutions = c(1, 1, 1, 
    1, 1, 1, 1, 1, 1, 1, 1), DF.generations = c(1, 1, 1, 1, 1, 
    1, 1, 1, 1, 1, 1), DF.n.evaluations = c(1, 1, 1, 1, 1, 1, 
    1, 1, 1, 1, 1), DF.cpu.time = c(3.088, 3, 3.004, 3.07, 3.031, 
    2.93, 2.911, 3.017, 2.978, 3.251, 3.3), SMBO.cost = c(-1.86656730853196, 
    -1.86656730853196, -1.86656730853196, -1.86656730853196, 
    -1.86656730853196, -1.86656730853196, -1.86656730853196, 
    -1.86656730853196, -1.86656730853196, -1.86656730853196, 
    -1.86656730853196), SMBO.gamma = c(-4.68214025179914, -4.68214025179914, 
    -4.68214025179914, -4.68214025179914, -4.68214025179914, 
    -4.68214025179914, -4.68214025179914, -4.68214025179914, 
    -4.68214025179914, -4.68214025179914, -4.68214025179914), 
    SMBO.balanced.test.accuracy = c(0.805652582916734, 0.805652582916734, 
    0.805652582916734, 0.805652582916734, 0.805652582916734, 
    0.805652582916734, 0.805652582916734, 0.805652582916734, 
    0.805652582916734, 0.805652582916734, 0.805652582916734)), .Names = c("Sampling", 
"PSO.cost", "PSO.gamma", "PSO.data.balancing", "PSO.feature.selection", 
"PSO.valid.acc", "PSO.test.acc", "PSO.train.time", "PSO.n.support.vectors", 
"PSO.index", "PSO.n.solutions", "PSO.generations", "PSO.n.evaluations", 
"PSO.cpu.time", "RS.cost", "RS.gamma", "RS.data.balancing", "RS.feature.selection", 
"RS.valid.acc", "RS.test.acc", "RS.train.time", "RS.n.support.vectors", 
"RS.index", "RS.n.solutions", "RS.generations", "RS.n.evaluations", 
"RS.cpu.time", "DF.cost", "DF.gamma", "DF.data.balancing", "DF.feature.selection", 
"DF.valid.acc", "DF.test.acc", "DF.train.time", "DF.n.support.vectors", 
"DF.index", "DF.n.solutions", "DF.generations", "DF.n.evaluations", 
"DF.cpu.time", "SMBO.cost", "SMBO.gamma", "SMBO.balanced.test.accuracy"
), row.names = c(NA, -11L), class = "data.frame")
