full <-
structure(c(50, 55, 60, 65, 70, 75, 80, 85, 90, 95, 100, 1, 1, 
1, 14.41704, 6.40739, 12.0246, 9.61779, 1, 0.47151, 0.70516, 
1, 0.0303, 0.0303, 0.0303, -1.37247, -1.92934, -2.35827, -2.66672, 
0.0303, -4.33807, -4.12753, 0.0303, 0, 0, 0, 0, 0, 0, 0, 0, 0, 
0, 0, 0, 0, 0, 0, 0, 0, 0, 0, 0, 0, 0, 0.44192, 0.44672, 0.44692, 
0.42919, 0.45038, 0.45292, 0.46446, 0.4515, 0.45575, 0.45263, 
0.44369, 0.44192, 0.43763, 0.43859, 0.42919, 0.44829, 0.43669, 
0.45773, 0.4515, 0.44986, 0.44651, 0.44369, 0.0366, 0.0375, 0.0414, 
0.0524, 0.0604, 0.0672, 0.0688, 0.0578, 0.0715, 0.077, 0.0718, 
79.1, 87.2, 95.1, 103.2, 111.2, 119.2, 127.2, 135.1, 143.1, 151.1, 
157.7, 1, 1, 1, 2, 90, 138, 1189, 1, 891, 484, 1, 2076, 1937, 
2116, 1775, 873, 178, 86, 2021, 57, 176, 2058, 100, 100, 100, 
100, 100, 100, 100, 100, 100, 100, 100, 2500, 2500, 2500, 2500, 
2500, 2500, 2500, 2500, 2500, 2500, 2500, 6822.396, 6899.35, 
7033.531, 7214.761, 7493.944, 7631.815, 7798.175, 7932.239, 7987.283, 
8037.35800000001, 8227.83799999999, 1.90546, -0.67215, 3.02518, 
-0.15943, 1.60242, 14.31292, 11.3281, -1.70367, 0.83804, 0.48487, 
1.33811, -11.32708, -10.22137, -0.66288, 2.19466, -2.15872, -2.35898, 
-2.67148, -11.01349, -4.47854, -3.92092, -11.2433, 0, 0, 0, 0, 
0, 0, 0, 0, 0, 0, 0, 0, 0, 0, 0, 0, 0, 0, 0, 0, 0, 0, 0.44192, 
0.44672, 0.44692, 0.42919, 0.45038, 0.45292, 0.46446, 0.4515, 
0.45575, 0.45263, 0.44369, 0.44192, 0.44672, 0.44692, 0.42919, 
0.44204, 0.43669, 0.45773, 0.4515, 0.44986, 0.45206, 0.44369, 
0.0343, 0.0384, 0.0485, 0.0556, 0.0555, 0.0649, 0.0677, 0.0551, 
0.0685, 0.0769, 0.0657, 77.5, 85, 95.2, 103.2, 111.2, 119.2, 
127.2, 130.3, 143.2, 151.1, 154.4, 5, 3, 1, 2, 60, 898, 1017, 
6, 2064, 1391, 2, 1226, 1204, 1212, 1183, 33, 4, 2, 1372, 1, 
1, 1285, 100, 100, 100, 100, 100, 100, 100, 100, 100, 100, 100, 
2500, 2500, 2500, 2500, 2500, 2500, 2500, 2500, 2500, 2500, 2500, 
6767.323, 6831.752, 6951.214, 7341.417, 7348.58300000001, 7643.45, 
7727.205, 7829.163, 8004.868, 8080.693, 8170.52900000001, 1, 
1, 1, 1, 1, 1, 1, 1, 1, 1, 1, 0.0303, 0.0303, 0.0303, 0.0303, 
0.0303, 0.0303, 0.0303, 0.0303, 0.0303, 0.0303, 0.0303, 0, 0, 
0, 0, 0, 0, 0, 0, 0, 0, 0, 0, 0, 0, 0, 0, 0, 0, 0, 0, 0, 0, 0.44192, 
0.44672, 0.44692, 0.42204, 0.44829, 0.45098, 0.45273, 0.4515, 
0.45098, 0.44713, 0.44369, 0.44192, 0.43763, 0.43859, 0.41435, 
0.44829, 0.45098, 0.45273, 0.4515, 0.45098, 0.44713, 0.44369, 
0.0346, 0.0386, 0.0411, 0.0456, 0.0483, 0.0524, 0.053, 0.0609, 
0.0648, 0.0674, 0.0718, 79.1, 87.2, 95.1, 103.2, 111.1, 119.1, 
127.1, 135.1, 143.2, 150.9, 157.7, 1, 1, 1, 1, 1, 1, 1, 1, 1, 
1, 1, 1, 1, 1, 1, 1, 1, 1, 1, 1, 1, 1, 1, 1, 1, 1, 1, 1, 1, 1, 
1, 1, 1, 1, 1, 1, 1, 1, 1, 1, 1, 1, 1, 1, 2.647, 2.719, 2.717, 
2.884, 2.919, 2.942, 2.867, 3.077, 3.097, 3.041, 3.197), .Dim = c(11L, 
40L), .Dimnames = list(NULL, c("Sampling", "PSO.cost", "PSO.gamma", 
"PSO.data.balancing", "PSO.feature.selection", "PSO.valid.acc", 
"PSO.test.acc", "PSO.train.time", "PSO.n.support.vectors", "PSO.index", 
"PSO.n.solutions", "PSO.generations", "PSO.n.evaluations", "PSO.cpu.time", 
"RS.cost", "RS.gamma", "RS.data.balancing", "RS.feature.selection", 
"RS.valid.acc", "RS.test.acc", "RS.train.time", "RS.n.support.vectors", 
"RS.index", "RS.n.solutions", "RS.generations", "RS.n.evaluations", 
"RS.cpu.time", "DF.cost", "DF.gamma", "DF.data.balancing", "DF.feature.selection", 
"DF.valid.acc", "DF.test.acc", "DF.train.time", "DF.n.support.vectors", 
"DF.index", "DF.n.solutions", "DF.generations", "DF.n.evaluations", 
"DF.cpu.time")))
