full <-
structure(c(50, 55, 60, 65, 70, 75, 80, 85, 90, 95, 100, 0.55087, 
1, 0.69144, 0.70087, 7.77263, 0.85817, 1, 1, 8.59162, 0.5154, 
1, -4.38039, 0.0303, -4.19394, -3.46605, -0.80588, -3.97224, 
0.0303, 0.0303, 1.71422, -3.8527, 0.0303, 0, 0, 0, 0, 0, 0, 0, 
0, 0, 0, 0, 0, 0, 0, 0, 0, 0, 0, 0, 0, 0, 0, 0.44149, 0.4346, 
0.48167, 0.48181, 0.45889, 0.47453, 0.46785, 0.45315, 0.45969, 
0.4394, 0.44488, 0.44149, 0.4346, 0.47056, 0.46643, 0.45889, 
0.46017, 0.46785, 0.45315, 0.45969, 0.43878, 0.44488, 0.0384, 
0.0407, 0.0438, 0.0522, 0.0615, 0.0567, 0.0555, 0.0594, 0.0928, 
0.0753, 0.0682, 79.1, 87.2, 95.2, 103.2, 111.2, 119.2, 126.6, 
134.7, 143.2, 151.1, 157.8, 1095, 1, 1689, 386, 2, 961, 1, 1, 
4, 832, 1, 72, 2239, 80, 221, 1846, 140, 2019, 1863, 1834, 17, 
1945, 100, 100, 100, 100, 100, 100, 100, 100, 100, 100, 100, 
2500, 2500, 2500, 2500, 2500, 2500, 2500, 2500, 2500, 2500, 2500, 
7803.969, 7985.142, 7798.12, 8142.016, 8211.421, 8312.09299999999, 
8417.716, 8293.569, 8314.14899999999, 8241.37899999999, 8532.962, 
0.42163, 4.78711, 0.68585, 0.71258, 7.96576, 0.5204, 8.43112, 
0.81934, -0.61777, 4.41551, 14.78692, -3.74252, -13.47413, -3.99409, 
-3.53829, -0.19055, -4.33527, -0.08679, 2.49221, 0.58205, 0.91808, 
0.89892, 0, 0, 0, 0, 0, 0, 0, 0, 0, 0, 0, 0, 0, 0, 0, 0, 0, 0, 
0, 0, 0, 0, 0.44149, 0.4346, 0.47167, 0.48181, 0.45889, 0.46864, 
0.46785, 0.45315, 0.45969, 0.43786, 0.44488, 0.43038, 0.4346, 
0.47056, 0.46643, 0.45889, 0.46642, 0.46785, 0.45315, 0.45969, 
0.43786, 0.44488, 0.0387, 0.039, 0.0485, 0.0522, 0.0621, 0.0549, 
0.0743, 0.0836, 0.0866, 0.0956, 0.1037, 79.2, 85.9, 95.2, 103.2, 
111.2, 119.2, 127.2, 135.2, 143.2, 151.2, 158.4, 973, 2, 1527, 
149, 2, 413, 2, 2, 1, 1, 4, 3, 1144, 1, 2, 1249, 1, 1302, 1308, 
1282, 1216, 1277, 100, 100, 100, 100, 100, 100, 100, 100, 100, 
100, 100, 2500, 2500, 2500, 2500, 2500, 2500, 2500, 2500, 2500, 
2500, 2500, 7856.294, 7909.709, 7864.357, 8105.451, 8161.54599999999, 
8308.75, 8181.88900000001, 8439.14499999999, 8123.06700000001, 
8264.29399999999, 8401.356, 1, 1, 1, 1, 1, 1, 1, 1, 1, 1, 1, 
0.0303, 0.0303, 0.0303, 0.0303, 0.0303, 0.0303, 0.0303, 0.0303, 
0.0303, 0.0303, 0.0303, 0, 0, 0, 0, 0, 0, 0, 0, 0, 0, 0, 0, 0, 
0, 0, 0, 0, 0, 0, 0, 0, 0, 0.43815, 0.4346, 0.46222, 0.46503, 
0.453, 0.45429, 0.46785, 0.45315, 0.45381, 0.43786, 0.44488, 
0.42704, 0.4346, 0.46222, 0.46503, 0.45889, 0.46054, 0.46785, 
0.45315, 0.45969, 0.43786, 0.44488, 0.0377, 0.042, 0.0441, 0.0465, 
0.0503, 0.0524, 0.0521, 0.062, 0.0607, 0.0659, 0.0708, 79.2, 
87.2, 95.2, 103, 111, 118.7, 126.6, 134.7, 142.6, 150.8, 157.8, 
1, 1, 1, 1, 1, 1, 1, 1, 1, 1, 1, 1, 1, 1, 1, 1, 1, 1, 1, 1, 1, 
1, 1, 1, 1, 1, 1, 1, 1, 1, 1, 1, 1, 1, 1, 1, 1, 1, 1, 1, 1, 1, 
1, 1, 3.149, 3.18, 3.112, 3.177, 3.295, 3.293, 3.096, 3.26, 2.977, 
3.204, 3.217), .Dim = c(11L, 40L), .Dimnames = list(NULL, c("Sampling", 
"PSO.cost", "PSO.gamma", "PSO.data.balancing", "PSO.feature.selection", 
"PSO.valid.acc", "PSO.test.acc", "PSO.train.time", "PSO.n.support.vectors", 
"PSO.index", "PSO.n.solutions", "PSO.generations", "PSO.n.evaluations", 
"PSO.cpu.time", "RS.cost", "RS.gamma", "RS.data.balancing", "RS.feature.selection", 
"RS.valid.acc", "RS.test.acc", "RS.train.time", "RS.n.support.vectors", 
"RS.index", "RS.n.solutions", "RS.generations", "RS.n.evaluations", 
"RS.cpu.time", "DF.cost", "DF.gamma", "DF.data.balancing", "DF.feature.selection", 
"DF.valid.acc", "DF.test.acc", "DF.train.time", "DF.n.support.vectors", 
"DF.index", "DF.n.solutions", "DF.generations", "DF.n.evaluations", 
"DF.cpu.time")))
