full <-
structure(c(50, 55, 60, 65, 70, 75, 80, 85, 90, 95, 100, 1, 0.12287, 
1, 1, 0.76643, 1.17122, -0.01075, 0.58259, 1, 1, 0.36224, 0.0303, 
-3.1201, 0.0303, 0.0303, -3.87249, -4.81655, -4.25189, -4.3516, 
0.0303, 0.0303, -4.47167, 0, 0, 0, 0, 0, 0, 0, 0, 0, 0, 0, 0, 
0, 0, 0, 0, 0, 0, 0, 0, 0, 0, 0.43, 0.45183, 0.42296, 0.43591, 
0.42283, 0.44572, 0.43328, 0.44359, 0.43956, 0.43551, 0.44594, 
0.43, 0.43024, 0.42296, 0.43591, 0.40222, 0.4224, 0.41899, 0.43077, 
0.43956, 0.43551, 0.44068, 0.0411, 0.0422, 0.0448, 0.0446, 0.0554, 
0.0538, 0.0589, 0.0635, 0.0616, 0.069, 0.0715, 79.2, 87.2, 95.2, 
103.1, 111.2, 118.9, 127.1, 135, 143, 151.1, 158, 1, 11, 1, 1, 
1972, 463, 221, 2143, 1, 1, 490, 1985, 196, 1960, 1882, 3, 192, 
341, 7, 1839, 1956, 54, 100, 100, 100, 100, 100, 100, 100, 100, 
100, 100, 100, 2500, 2500, 2500, 2500, 2500, 2500, 2500, 2500, 
2500, 2500, 2500, 7137.297, 7199.683, 7178.291, 7251.74099999999, 
7369.593, 7410.552, 7696.837, 7668.52899999999, 7904.47100000001, 
8094.86900000001, 8020.04999999999, 2.38987, 0.10418, 3.64443, 
3.06553, 0.86955, 1.19694, 0.05924, 0.42358, -0.61663, 0.49713, 
-1.21464, 2.34174, -3.15962, 2.81833, -0.79953, -3.92154, -4.91624, 
-4.32617, -4.28449, -7.8248, -0.58459, -2.50431, 0, 0, 0, 0, 
0, 0, 0, 0, 0, 0, 0, 0, 0, 0, 0, 0, 0, 0, 0, 0, 0, 0, 0.43, 0.45183, 
0.42296, 0.43591, 0.42283, 0.44572, 0.43328, 0.4408, 0.43956, 
0.43551, 0.44068, 0.43, 0.43024, 0.42296, 0.43591, 0.419, 0.42955, 
0.41899, 0.4408, 0.43956, 0.43551, 0.44068, 0.0439, 0.0434, 0.0527, 
0.0567, 0.0514, 0.0517, 0.0618, 0.0621, 0.0597, 0.0904, 0.0909, 
79.2, 87.2, 95.2, 103.2, 111.2, 118.9, 127.1, 135, 142.5, 151.2, 
158.4, 2, 196, 1, 2, 3, 1999, 1681, 2376, 1, 1, 1, 1213, 1, 1344, 
1208, 2, 1, 1, 1, 1265, 1292, 1227, 100, 100, 100, 100, 100, 
100, 100, 100, 100, 100, 100, 2500, 2500, 2500, 2500, 2500, 2500, 
2500, 2500, 2500, 2500, 2500, 7112.193, 7116.992, 7283.17000000001, 
7434.498, 7340.328, 7462.189, 7587.08099999999, 7808.25, 7899.927, 
7959.321, 8073.31100000002, 1, 1, 1, 1, 1, 1, 1, 1, 1, 1, 1, 
0.0303, 0.0303, 0.0303, 0.0303, 0.0303, 0.0303, 0.0303, 0.0303, 
0.0303, 0.0303, 0.0303, 0, 0, 0, 0, 0, 0, 0, 0, 0, 0, 0, 0, 0, 
0, 0, 0, 0, 0, 0, 0, 0, 0, 0.43, 0.44842, 0.42296, 0.43591, 0.42228, 
0.43802, 0.42614, 0.43455, 0.43956, 0.43551, 0.44068, 0.43, 0.44842, 
0.42296, 0.43591, 0.41603, 0.43802, 0.41899, 0.42928, 0.43956, 
0.43551, 0.44068, 0.0369, 0.0415, 0.0414, 0.0474, 0.0475, 0.0512, 
0.0539, 0.0582, 0.0652, 0.0636, 0.0714, 79.2, 87.2, 95.2, 103.1, 
111.2, 118.9, 127.1, 134.8, 143, 151.1, 157.6, 1, 1, 1, 1, 1, 
1, 1, 1, 1, 1, 1, 1, 1, 1, 1, 1, 1, 1, 1, 1, 1, 1, 1, 1, 1, 1, 
1, 1, 1, 1, 1, 1, 1, 1, 1, 1, 1, 1, 1, 1, 1, 1, 1, 1, 2.73, 2.906, 
2.741, 3.082, 2.882, 2.912, 2.851, 2.929, 3.162, 2.946, 3.229
), .Dim = c(11L, 40L), .Dimnames = list(NULL, c("Sampling", "PSO.cost", 
"PSO.gamma", "PSO.data.balancing", "PSO.feature.selection", "PSO.valid.acc", 
"PSO.test.acc", "PSO.train.time", "PSO.n.support.vectors", "PSO.index", 
"PSO.n.solutions", "PSO.generations", "PSO.n.evaluations", "PSO.cpu.time", 
"RS.cost", "RS.gamma", "RS.data.balancing", "RS.feature.selection", 
"RS.valid.acc", "RS.test.acc", "RS.train.time", "RS.n.support.vectors", 
"RS.index", "RS.n.solutions", "RS.generations", "RS.n.evaluations", 
"RS.cpu.time", "DF.cost", "DF.gamma", "DF.data.balancing", "DF.feature.selection", 
"DF.valid.acc", "DF.test.acc", "DF.train.time", "DF.n.support.vectors", 
"DF.index", "DF.n.solutions", "DF.generations", "DF.n.evaluations", 
"DF.cpu.time")))
