full <-
structure(c(50, 55, 60, 65, 70, 75, 80, 85, 90, 95, 100, 3.85847, 
1, 1.78904, 0.93568, 2.9559, 8.79283, 7.68591, 1, 0.91173, 0.06542, 
3.81763, -8.03978, 0.0303, -6.79122, -5.31287, -6.83163, -13.09757, 
-11.15926, 0.0303, -2.97851, -4.41981, -0.90087, 0, 0, 0, 0, 
0, 0, 0, 0, 0, 0, 0, 0, 0, 0, 0, 0, 0, 0, 0, 0, 0, 0, 0.46736, 
0.44394, 0.47465, 0.48254, 0.48742, 0.46899, 0.45689, 0.4537, 
0.45847, 0.44203, 0.44274, 0.45736, 0.44394, 0.45696, 0.47421, 
0.44783, 0.46941, 0.41814, 0.4537, 0.43967, 0.44203, 0.44274, 
0.0372, 0.0383, 0.0402, 0.0438, 0.0458, 0.0547, 0.056, 0.0568, 
0.0831, 0.0686, 0.104, 78.2, 87, 94.2, 102.9, 109.3, 114, 124, 
134.6, 143.2, 151.2, 158.4, 571, 1, 416, 1226, 2142, 1113, 1523, 
1, 2312, 131, 2, 57, 1915, 115, 30, 6, 22, 18, 1787, 3, 343, 
1962, 100, 100, 100, 100, 100, 100, 100, 100, 100, 100, 100, 
2500, 2500, 2500, 2500, 2500, 2500, 2500, 2500, 2500, 2500, 2500, 
7306.581, 7580.562, 7782.56, 7727.023, 7756.549, 8032.31999999999, 
8060.758, 8150.091, 8598.79199999999, 10365.026, 10974.336, 6.19994, 
14.6736, 1.7383, 0.92293, 2.25694, 4.68735, 8.61258, 2.12909, 
5.4277, 0.44532, 7.98018, -9.93793, -0.65104, -6.71337, -5.20944, 
-6.47328, -9.25167, -12.33775, 0.12274, -3.05389, -4.33188, -0.61322, 
0, 0, 0, 0, 0, 0, 0, 0, 0, 0, 0, 0, 0, 0, 0, 0, 0, 0, 0, 0, 0, 
0, 0.46736, 0.44394, 0.47465, 0.48254, 0.47908, 0.47191, 0.4561, 
0.4537, 0.45801, 0.44203, 0.44274, 0.40946, 0.44394, 0.45696, 
0.47421, 0.45617, 0.45852, 0.41772, 0.4537, 0.42457, 0.44203, 
0.44274, 0.0365, 0.0477, 0.0402, 0.0473, 0.0463, 0.0529, 0.0569, 
0.0818, 0.0813, 0.0735, 0.1012, 77.9, 87.2, 94.3, 102.9, 109.5, 
114.8, 123.5, 135.2, 143.2, 151.2, 158.4, 1260, 1, 1589, 618, 
539, 1746, 892, 1, 238, 545, 3, 5, 1287, 1, 2, 2, 1, 2, 1180, 
24, 10, 1183, 100, 100, 100, 100, 100, 100, 100, 100, 100, 100, 
100, 2500, 2500, 2500, 2500, 2500, 2500, 2500, 2500, 2500, 2500, 
2500, 7354.051, 7659.525, 7846.47700000001, 7910.872, 7854.51000000001, 
8066.204, 8141.202, 8310.083, 8443.25999999998, 10688.212, 10690.391, 
1, 1, 1, 1, 1, 1, 1, 1, 1, 1, 1, 0.0303, 0.0303, 0.0303, 0.0303, 
0.0303, 0.0303, 0.0303, 0.0303, 0.0303, 0.0303, 0.0303, 0, 0, 
0, 0, 0, 0, 0, 0, 0, 0, 0, 0, 0, 0, 0, 0, 0, 0, 0, 0, 0, 0, 0.45458, 
0.44394, 0.45696, 0.46796, 0.45717, 0.45852, 0.44916, 0.4537, 
0.45187, 0.43615, 0.43819, 0.45458, 0.44394, 0.45696, 0.46796, 
0.45717, 0.45852, 0.44916, 0.4537, 0.45187, 0.43615, 0.43819, 
0.0376, 0.0376, 0.0421, 0.046, 0.0468, 0.053, 0.0542, 0.0609, 
0.0635, 0.0731, 0.0723, 79.1, 87, 94.8, 103, 110.9, 118.8, 127.1, 
134.6, 142.8, 151.2, 158, 1, 1, 1, 1, 1, 1, 1, 1, 1, 1, 1, 1, 
1, 1, 1, 1, 1, 1, 1, 1, 1, 1, 1, 1, 1, 1, 1, 1, 1, 1, 1, 1, 1, 
1, 1, 1, 1, 1, 1, 1, 1, 1, 1, 1, 2.927, 2.804, 3.022, 3.19, 2.939, 
3.075, 3.046, 3.268, 3.319, 4.246, 3.947), .Dim = c(11L, 40L), .Dimnames = list(
    NULL, c("Sampling", "PSO.cost", "PSO.gamma", "PSO.data.balancing", 
    "PSO.feature.selection", "PSO.valid.acc", "PSO.test.acc", 
    "PSO.train.time", "PSO.n.support.vectors", "PSO.index", "PSO.n.solutions", 
    "PSO.generations", "PSO.n.evaluations", "PSO.cpu.time", "RS.cost", 
    "RS.gamma", "RS.data.balancing", "RS.feature.selection", 
    "RS.valid.acc", "RS.test.acc", "RS.train.time", "RS.n.support.vectors", 
    "RS.index", "RS.n.solutions", "RS.generations", "RS.n.evaluations", 
    "RS.cpu.time", "DF.cost", "DF.gamma", "DF.data.balancing", 
    "DF.feature.selection", "DF.valid.acc", "DF.test.acc", "DF.train.time", 
    "DF.n.support.vectors", "DF.index", "DF.n.solutions", "DF.generations", 
    "DF.n.evaluations", "DF.cpu.time")))
