full <-
structure(c(50, 55, 60, 65, 70, 75, 80, 85, 90, 95, 100, 1.3501, 
0.79357, 6.26055, 3.06003, 1, 1, 1, 1, 1, 5.81187, 5.34707, -3.22908, 
-5.08882, -2.20423, -2.36668, 0.0303, 0.0303, 0.0303, 0.0303, 
0.0303, -9.7393, -10.10338, 0, 0, 0, 0, 0, 0, 0, 0, 0, 0, 0, 
0, 0, 0, 0, 0, 0, 0, 0, 0, 0, 0, 0.45295, 0.45745, 0.44218, 0.44397, 
0.44085, 0.43422, 0.43637, 0.43351, 0.44439, 0.45075, 0.4503, 
0.44462, 0.44836, 0.43309, 0.42628, 0.44085, 0.43422, 0.43637, 
0.43351, 0.44439, 0.41609, 0.43035, 0.0439, 0.0415, 0.0532, 0.0583, 
0.055, 0.0555, 0.0588, 0.0647, 0.0708, 0.0683, 0.0724, 79.2, 
87.2, 95.2, 103.2, 111.1, 119.1, 127.1, 135.2, 142.4, 147.5, 
154.8, 78, 606, 214, 686, 1, 1, 1, 1, 1, 259, 277, 483, 68, 453, 
344, 1932, 1961, 1896, 2112, 1999, 200, 102, 100, 100, 100, 100, 
100, 100, 100, 100, 100, 100, 100, 2500, 2500, 2500, 2500, 2500, 
2500, 2500, 2500, 2500, 2500, 2500, 8359.66, 8444.86, 8591.981, 
8620.734, 9023.37300000001, 8667.13399999999, 9126.26000000001, 
9437.137, 9444.58199999999, 8993.12, 9350.70000000001, 5.69932, 
0.79707, 1.5715, 5.37533, 0.62785, 2.94345, -0.53169, -1.12838, 
0.43547, 5.73379, 8.42803, -3.25793, -4.88903, -2.19335, -2.35736, 
-9.65721, -9.32631, -10.81951, -4.77027, -3.75656, -9.81167, 
-13.11421, 0, 0, 0, 0, 0, 0, 0, 0, 0, 0, 0, 0, 0, 0, 0, 0, 0, 
0, 0, 0, 0, 0, 0.45295, 0.45745, 0.44218, 0.44397, 0.44085, 0.43422, 
0.43637, 0.43351, 0.44472, 0.45075, 0.4503, 0.45712, 0.44003, 
0.43309, 0.42628, 0.44085, 0.43422, 0.43637, 0.43351, 0.43883, 
0.41083, 0.43035, 0.0435, 0.0442, 0.0507, 0.0601, 0.0516, 0.0515, 
0.0561, 0.062, 0.0756, 0.068, 0.0753, 79.2, 87.2, 95.2, 103.2, 
110.1, 117.4, 125.5, 135.2, 143, 147.5, 153.4, 115, 244, 123, 
606, 3, 2, 2, 3, 1191, 641, 23, 19, 1, 21, 1, 1261, 1268, 1158, 
1242, 1, 7, 11, 100, 100, 100, 100, 100, 100, 100, 100, 100, 
100, 100, 2500, 2500, 2500, 2500, 2500, 2500, 2500, 2500, 2500, 
2500, 2500, 8561.298, 8549.311, 8631.249, 8738.213, 8564.67, 
8886.318, 9005.219, 9258.508, 9285.89199999999, 9240.39300000001, 
9364.606, 1, 1, 1, 1, 1, 1, 1, 1, 1, 1, 1, 0.0303, 0.0303, 0.0303, 
0.0303, 0.0303, 0.0303, 0.0303, 0.0303, 0.0303, 0.0303, 0.0303, 
0, 0, 0, 0, 0, 0, 0, 0, 0, 0, 0, 0, 0, 0, 0, 0, 0, 0, 0, 0, 0, 
0, 0.45204, 0.44836, 0.44143, 0.43526, 0.44085, 0.43422, 0.43637, 
0.43351, 0.44439, 0.444, 0.44842, 0.45204, 0.44836, 0.44143, 
0.43526, 0.44085, 0.43422, 0.43637, 0.43351, 0.44439, 0.444, 
0.44842, 0.0419, 0.0443, 0.0472, 0.0513, 0.0531, 0.0564, 0.0611, 
0.0659, 0.066, 0.0694, 0.0755, 79.2, 87.2, 95.2, 103.1, 111.1, 
119.1, 127.1, 135.2, 142.4, 150.8, 158.1, 1, 1, 1, 1, 1, 1, 1, 
1, 1, 1, 1, 1, 1, 1, 1, 1, 1, 1, 1, 1, 1, 1, 1, 1, 1, 1, 1, 1, 
1, 1, 1, 1, 1, 1, 1, 1, 1, 1, 1, 1, 1, 1, 1, 1, 3.341, 3.446, 
3.412, 3.717, 3.368, 3.627, 3.653, 3.58, 3.649, 3.61, 3.582), .Dim = c(11L, 
40L), .Dimnames = list(NULL, c("Sampling", "PSO.cost", "PSO.gamma", 
"PSO.data.balancing", "PSO.feature.selection", "PSO.valid.acc", 
"PSO.test.acc", "PSO.train.time", "PSO.n.support.vectors", "PSO.index", 
"PSO.n.solutions", "PSO.generations", "PSO.n.evaluations", "PSO.cpu.time", 
"RS.cost", "RS.gamma", "RS.data.balancing", "RS.feature.selection", 
"RS.valid.acc", "RS.test.acc", "RS.train.time", "RS.n.support.vectors", 
"RS.index", "RS.n.solutions", "RS.generations", "RS.n.evaluations", 
"RS.cpu.time", "DF.cost", "DF.gamma", "DF.data.balancing", "DF.feature.selection", 
"DF.valid.acc", "DF.test.acc", "DF.train.time", "DF.n.support.vectors", 
"DF.index", "DF.n.solutions", "DF.generations", "DF.n.evaluations", 
"DF.cpu.time")))
