new.sol <-
structure(list(Sampling = c(50, 55, 60, 65, 70, 75, 80, 85, 90, 
95, 100), PSO.cost = c(1, 1.00538, 1, 1, 1, 0.66485, 2.3072, 
0.47269, 7.5142, 1, 1), PSO.gamma = c(0.0303, -2.74169, 0.0303, 
0.0303, 0.0303, -4.33428, -6.16949, -3.30781, -2.59579, 0.0303, 
0.0303), PSO.data.balancing = c(0, 0, 0, 0, 0, 0, 0, 0, 0, 0, 
0), PSO.feature.selection = c(0, 0, 0, 0, 0, 0, 0, 0, 0, 0, 0
), PSO.valid.acc = c(0.4029, 0.39295, 0.38828, 0.40197, 0.40749, 
0.4155, 0.42498, 0.42396, 0.44223, 0.45242, 0.44538), PSO.test.acc = c(0.4029, 
0.37564, 0.38828, 0.40197, 0.40749, 0.38108, 0.41443, 0.41031, 
0.41842, 0.45242, 0.44538), PSO.train.time = c(0.0447, 0.0484, 
0.0473, 0.0503, 0.0534, 0.0582, 0.0576, 0.071, 0.0793, 0.0671, 
0.0709), PSO.n.support.vectors = c(79.2, 87.2, 95.2, 103.2, 111.2, 
119, 126.3, 135.2, 143.2, 150.7, 158), PSO.index = c(1, 1101, 
1, 1, 1, 169, 57, 836, 132, 1, 1), PSO.n.solutions = c(1964, 
56, 1802, 2065, 1879, 66, 273, 102, 577, 1951, 1898), PSO.generations = c(100, 
100, 100, 100, 100, 100, 100, 100, 100, 100, 100), PSO.n.evaluations = c(2500, 
2500, 2500, 2500, 2500, 2500, 2500, 2500, 2500, 2500, 2500), 
    PSO.cpu.time = c(7830.577, 7888.789, 7979.693, 8066.984, 
    8041.381, 8079.133, 8070.91600000001, 8106.042, 8417.349, 
    8550.43900000001, 8421.88200000001), RS.cost = c(-0.42909, 
    8.90698, -1.48338, 5.24079, 3.24035, 8.48442, 1.68186, 0.49293, 
    9.91868, 0.75252, 8.90672), RS.gamma = c(-8.70299, -2.74782, 
    -10.96555, -13.70511, 0.18001, -1.85884, -5.84868, -3.56684, 
    -2.60264, -2.55438, 0.43973), RS.data.balancing = c(0, 0, 
    0, 0, 0, 0, 0, 0, 0, 0, 0), RS.feature.selection = c(0, 0, 
    0, 0, 0, 0, 0, 0, 0, 0, 0), RS.valid.acc = c(0.4029, 0.39295, 
    0.38828, 0.40197, 0.40749, 0.41503, 0.42498, 0.42396, 0.44223, 
    0.45718, 0.44538), RS.test.acc = c(0.4029, 0.37564, 0.38828, 
    0.40197, 0.40749, 0.41503, 0.41243, 0.41558, 0.41842, 0.43589, 
    0.44538), RS.train.time = c(0.041, 0.048, 0.0447, 0.0481, 
    0.0637, 0.0665, 0.0602, 0.0726, 0.0819, 0.0877, 0.1056), 
    RS.n.support.vectors = c(78.5, 87.2, 93.8, 102, 111.2, 119.2, 
    126.5, 135.2, 143.2, 151.2, 158.4), RS.index = c(2, 154, 
    2, 4, 4, 2, 7, 403, 537, 2005, 3), RS.n.solutions = c(1373, 
    2, 1263, 1254, 1271, 1283, 3, 3, 15, 1, 1211), RS.generations = c(100, 
    100, 100, 100, 100, 100, 100, 100, 100, 100, 100), RS.n.evaluations = c(2500, 
    2500, 2500, 2500, 2500, 2500, 2500, 2500, 2500, 2500, 2500
    ), RS.cpu.time = c(7813.487, 7868.244, 7987.27800000001, 
    7922.266, 8001.66499999999, 8051.36600000001, 8110.94600000001, 
    8156.758, 8279.86600000001, 8451.81700000001, 8773.07800000001
    ), DF.cost = c(1, 1, 1, 1, 1, 1, 1, 1, 1, 1, 1), DF.gamma = c(0.0303, 
    0.0303, 0.0303, 0.0303, 0.0303, 0.0303, 0.0303, 0.0303, 0.0303, 
    0.0303, 0.0303), DF.data.balancing = c(0, 0, 0, 0, 0, 0, 
    0, 0, 0, 0, 0), DF.feature.selection = c(0, 0, 0, 0, 0, 0, 
    0, 0, 0, 0, 0), DF.valid.acc = c(0.4029, 0.37981, 0.38828, 
    0.40197, 0.40749, 0.41503, 0.41909, 0.41587, 0.43439, 0.45242, 
    0.44538), DF.test.acc = c(0.4029, 0.37981, 0.38828, 0.40197, 
    0.40749, 0.41503, 0.42465, 0.42301, 0.44064, 0.45242, 0.44538
    ), DF.train.time = c(0.0406, 0.0437, 0.0472, 0.049, 0.0529, 
    0.055, 0.0607, 0.0615, 0.0657, 0.0694, 0.0751), DF.n.support.vectors = c(79.2, 
    87.2, 95.2, 103.2, 111.2, 118.9, 126.8, 134.5, 142.9, 150.7, 
    158), DF.index = c(1, 1, 1, 1, 1, 1, 1, 1, 1, 1, 1), DF.n.solutions = c(1, 
    1, 1, 1, 1, 1, 1, 1, 1, 1, 1), DF.generations = c(1, 1, 1, 
    1, 1, 1, 1, 1, 1, 1, 1), DF.n.evaluations = c(1, 1, 1, 1, 
    1, 1, 1, 1, 1, 1, 1), DF.cpu.time = c(3.024, 3.119, 3.136, 
    3.045, 3.236, 3.166, 3.311, 3.202, 3.294, 3.3, 3.502), SMBO.cost = c(7.90601216473831, 
    7.90601216473831, 7.90601216473831, 7.90601216473831, 7.90601216473831, 
    7.90601216473831, 7.90601216473831, 7.90601216473831, 7.90601216473831, 
    7.90601216473831, 7.90601216473831), SMBO.gamma = c(-3.16402243178343, 
    -3.16402243178343, -3.16402243178343, -3.16402243178343, 
    -3.16402243178343, -3.16402243178343, -3.16402243178343, 
    -3.16402243178343, -3.16402243178343, -3.16402243178343, 
    -3.16402243178343), SMBO.balanced.test.accuracy = c(0.483067913540177, 
    0.483067913540177, 0.483067913540177, 0.483067913540177, 
    0.483067913540177, 0.483067913540177, 0.483067913540177, 
    0.483067913540177, 0.483067913540177, 0.483067913540177, 
    0.483067913540177)), .Names = c("Sampling", "PSO.cost", "PSO.gamma", 
"PSO.data.balancing", "PSO.feature.selection", "PSO.valid.acc", 
"PSO.test.acc", "PSO.train.time", "PSO.n.support.vectors", "PSO.index", 
"PSO.n.solutions", "PSO.generations", "PSO.n.evaluations", "PSO.cpu.time", 
"RS.cost", "RS.gamma", "RS.data.balancing", "RS.feature.selection", 
"RS.valid.acc", "RS.test.acc", "RS.train.time", "RS.n.support.vectors", 
"RS.index", "RS.n.solutions", "RS.generations", "RS.n.evaluations", 
"RS.cpu.time", "DF.cost", "DF.gamma", "DF.data.balancing", "DF.feature.selection", 
"DF.valid.acc", "DF.test.acc", "DF.train.time", "DF.n.support.vectors", 
"DF.index", "DF.n.solutions", "DF.generations", "DF.n.evaluations", 
"DF.cpu.time", "SMBO.cost", "SMBO.gamma", "SMBO.balanced.test.accuracy"
), row.names = c(NA, -11L), class = "data.frame")
