full <-
structure(c(50, 55, 60, 65, 70, 75, 80, 85, 90, 95, 100, -0.37181, 
0.97994, 15, 1, 0.21157, 0.80747, 3.86345, 3.42, 0.41013, 1, 
0.80885, -3.85451, -6.75546, -3.84691, 0.0303, -2.60836, -5.78428, 
-8.15643, -3.01562, -2.96268, 0.0303, -5.07885, 0, 0, 0, 0, 0, 
0, 0, 0, 0, 0, 0, 0, 0, 0, 0, 0, 0, 0, 0, 0, 0, 0, 0.4335, 0.41504, 
0.44558, 0.42239, 0.44073, 0.43128, 0.42098, 0.45455, 0.44233, 
0.43399, 0.44127, 0.42239, 0.39393, 0.38339, 0.42239, 0.4274, 
0.42414, 0.39469, 0.44837, 0.42497, 0.42844, 0.43016, 0.0404, 
0.0396, 0.0464, 0.0467, 0.0559, 0.0489, 0.0534, 0.0742, 0.0806, 
0.0671, 0.0722, 79.2, 87.1, 95.2, 103.2, 111.2, 118.7, 125.4, 
135.2, 143.2, 151, 158, 153, 1320, 127, 1, 200, 197, 1468, 31, 
762, 1, 1234, 562, 46, 583, 1811, 262, 96, 10, 693, 52, 2030, 
59, 100, 100, 100, 100, 100, 100, 100, 100, 100, 100, 100, 2500, 
2500, 2500, 2500, 2500, 2500, 2500, 2500, 2500, 2500, 2500, 7409.463, 
7578.526, 7654.007, 7620.495, 7995.969, 8030.514, 8308.31400000001, 
8472.402, 8794.946, 9092.50700000001, 8912.44399999999, -0.30123, 
0.58206, 6.19554, 1.53788, -0.30499, 0.57077, 1.41998, 6.90918, 
0.39705, 2.68981, -0.51417, -3.34455, -6.27911, -3.89368, -14.32003, 
-3.99678, -4.89762, -4.73577, -2.98515, -2.99284, -13.26219, 
-13.41298, 0, 0, 0, 0, 0, 0, 0, 0, 0, 0, 0, 0, 0, 0, 0, 0, 0, 
0, 0, 0, 0, 0, 0.4335, 0.41504, 0.44558, 0.42239, 0.44073, 0.42914, 
0.42452, 0.45455, 0.44233, 0.43399, 0.44047, 0.42239, 0.39393, 
0.38339, 0.42239, 0.44073, 0.41311, 0.41168, 0.44837, 0.42497, 
0.43399, 0.44047, 0.0375, 0.0376, 0.0461, 0.0395, 0.05, 0.0506, 
0.0591, 0.0756, 0.0791, 0.0638, 0.0615, 79.2, 87.1, 95.2, 99.4, 
111.2, 119.1, 127.2, 135.2, 143.2, 146.5, 146.3, 167, 391, 274, 
1, 58, 1598, 1325, 286, 130, 2, 2, 16, 3, 27, 1166, 2, 1, 1, 
32, 3, 1250, 1225, 100, 100, 100, 100, 100, 100, 100, 100, 100, 
100, 100, 2500, 2500, 2500, 2500, 2500, 2500, 2500, 2500, 2500, 
2500, 2500, 7421.136, 7558.214, 7662.663, 8068.35400000001, 7914.65700000001, 
8080.166, 8357.85000000001, 8321.796, 8709.82000000001, 8895.24400000001, 
8929.427, 1, 1, 1, 1, 1, 1, 1, 1, 1, 1, 1, 0.0303, 0.0303, 0.0303, 
0.0303, 0.0303, 0.0303, 0.0303, 0.0303, 0.0303, 0.0303, 0.0303, 
0, 0, 0, 0, 0, 0, 0, 0, 0, 0, 0, 0, 0, 0, 0, 0, 0, 0, 0, 0, 0, 
0, 0.41191, 0.39393, 0.43746, 0.42239, 0.42637, 0.42503, 0.41995, 
0.44726, 0.43677, 0.43399, 0.44047, 0.41329, 0.39393, 0.43746, 
0.42239, 0.44073, 0.42503, 0.41995, 0.44726, 0.43677, 0.42844, 
0.44047, 0.0349, 0.0402, 0.0437, 0.0436, 0.0465, 0.0518, 0.0543, 
0.0602, 0.0662, 0.0668, 0.0709, 79.2, 87.2, 95.2, 103.2, 111.2, 
119.1, 127.2, 135.2, 143.1, 151, 158, 1, 1, 1, 1, 1, 1, 1, 1, 
1, 1, 1, 1, 1, 1, 1, 1, 1, 1, 1, 1, 1, 1, 1, 1, 1, 1, 1, 1, 1, 
1, 1, 1, 1, 1, 1, 1, 1, 1, 1, 1, 1, 1, 1, 1, 2.813, 3.024, 3.152, 
3.183, 3.074, 3.152, 3.172, 3.395, 3.456, 3.361, 3.396), .Dim = c(11L, 
40L), .Dimnames = list(NULL, c("Sampling", "PSO.cost", "PSO.gamma", 
"PSO.data.balancing", "PSO.feature.selection", "PSO.valid.acc", 
"PSO.test.acc", "PSO.train.time", "PSO.n.support.vectors", "PSO.index", 
"PSO.n.solutions", "PSO.generations", "PSO.n.evaluations", "PSO.cpu.time", 
"RS.cost", "RS.gamma", "RS.data.balancing", "RS.feature.selection", 
"RS.valid.acc", "RS.test.acc", "RS.train.time", "RS.n.support.vectors", 
"RS.index", "RS.n.solutions", "RS.generations", "RS.n.evaluations", 
"RS.cpu.time", "DF.cost", "DF.gamma", "DF.data.balancing", "DF.feature.selection", 
"DF.valid.acc", "DF.test.acc", "DF.train.time", "DF.n.support.vectors", 
"DF.index", "DF.n.solutions", "DF.generations", "DF.n.evaluations", 
"DF.cpu.time")))
