full <-
structure(c(50, 55, 60, 65, 70, 75, 80, 85, 90, 95, 100, 1, 1, 
3.04127, 1, 7.93518, 2.15129, 1, 0.66714, 10.86886, 3.57302, 
1, 0.0303, 0.0303, -2.62358, 0.0303, -3.86878, -2.09831, 0.0303, 
-3.7231, 2.56152, -3.05208, 0.0303, 0, 0, 0, 0, 0, 0, 0, 0, 0, 
0, 0, 0, 0, 0, 0, 0, 0, 0, 0, 0, 0, 0, 0.46472, 0.44477, 0.44368, 
0.39728, 0.43815, 0.43141, 0.41021, 0.43715, 0.42873, 0.43631, 
0.44106, 0.46472, 0.44477, 0.41579, 0.39728, 0.39678, 0.41886, 
0.41021, 0.42423, 0.42873, 0.42421, 0.44106, 0.0421, 0.04, 0.0497, 
0.0483, 0.0569, 0.0674, 0.0574, 0.0709, 0.0827, 0.0817, 0.0738, 
79.1, 87.1, 95.2, 103.2, 111.2, 119.2, 127.1, 135, 143.2, 151.2, 
157.7, 1, 1, 16, 1, 95, 1853, 1, 574, 3, 36, 1, 1811, 1992, 616, 
2021, 826, 11, 1800, 146, 1932, 1632, 1904, 100, 100, 100, 100, 
100, 100, 100, 100, 100, 100, 100, 2500, 2500, 2500, 2500, 2500, 
2500, 2500, 2500, 2500, 2500, 2500, 7626.289, 7673.173, 7824.799, 
7975.95, 8043.024, 8305.514, 8278.943, 8469.74699999999, 8486.42499999999, 
8430.72499999998, 8684.568, 6.10771, 8.39328, 7.7892, 4.82914, 
13.06346, 6.98217, 7.71537, 0.4711, -1.19738, 6.3381, 0.05211, 
2.64515, -1.48889, -2.67009, -10.41743, -3.86669, -2.12074, 2.42132, 
-3.40366, -4.16084, -3.33436, -7.74621, 0, 0, 0, 0, 0, 0, 0, 
0, 0, 0, 0, 0, 0, 0, 0, 0, 0, 0, 0, 0, 0, 0, 0.46472, 0.44477, 
0.44368, 0.40395, 0.43815, 0.43141, 0.41021, 0.43048, 0.42873, 
0.43631, 0.44106, 0.46472, 0.44477, 0.41579, 0.39728, 0.39678, 
0.41886, 0.41021, 0.42423, 0.42873, 0.40842, 0.44106, 0.0446, 
0.0481, 0.0495, 0.0475, 0.0568, 0.0643, 0.072, 0.0693, 0.066, 
0.0833, 0.0698, 79.2, 87.2, 95.2, 101.7, 111.2, 119.2, 127.2, 
135.2, 142.9, 151.2, 155.9, 1, 3, 117, 495, 446, 1929, 1, 176, 
3, 69, 2, 1315, 1233, 8, 1, 4, 3, 1290, 2, 1133, 1280, 1360, 
100, 100, 100, 100, 100, 100, 100, 100, 100, 100, 100, 2500, 
2500, 2500, 2500, 2500, 2500, 2500, 2500, 2500, 2500, 2500, 7604.888, 
7705.768, 7830.585, 7960.604, 8050.265, 8220.96299999999, 8270.867, 
8364.026, 8354.99599999998, 8603.799, 8659.48400000003, 1, 1, 
1, 1, 1, 1, 1, 1, 1, 1, 1, 0.0303, 0.0303, 0.0303, 0.0303, 0.0303, 
0.0303, 0.0303, 0.0303, 0.0303, 0.0303, 0.0303, 0, 0, 0, 0, 0, 
0, 0, 0, 0, 0, 0, 0, 0, 0, 0, 0, 0, 0, 0, 0, 0, 0, 0.46472, 0.44477, 
0.43257, 0.39728, 0.42431, 0.42553, 0.41021, 0.42423, 0.42347, 
0.43631, 0.44106, 0.46472, 0.44477, 0.43257, 0.39728, 0.41661, 
0.42553, 0.41021, 0.42423, 0.42347, 0.43631, 0.44106, 0.0386, 
0.0418, 0.0441, 0.0487, 0.0518, 0.0535, 0.0575, 0.0603, 0.0663, 
0.0695, 0.0728, 79.1, 87.1, 95.2, 103.2, 111.2, 119.2, 127.1, 
135.2, 142.8, 150.8, 157.7, 1, 1, 1, 1, 1, 1, 1, 1, 1, 1, 1, 
1, 1, 1, 1, 1, 1, 1, 1, 1, 1, 1, 1, 1, 1, 1, 1, 1, 1, 1, 1, 1, 
1, 1, 1, 1, 1, 1, 1, 1, 1, 1, 1, 1, 2.987, 3.066, 3.121, 3.167, 
3.183, 3.231, 3.344, 3.287, 3.368, 3.266, 3.36), .Dim = c(11L, 
40L), .Dimnames = list(NULL, c("Sampling", "PSO.cost", "PSO.gamma", 
"PSO.data.balancing", "PSO.feature.selection", "PSO.valid.acc", 
"PSO.test.acc", "PSO.train.time", "PSO.n.support.vectors", "PSO.index", 
"PSO.n.solutions", "PSO.generations", "PSO.n.evaluations", "PSO.cpu.time", 
"RS.cost", "RS.gamma", "RS.data.balancing", "RS.feature.selection", 
"RS.valid.acc", "RS.test.acc", "RS.train.time", "RS.n.support.vectors", 
"RS.index", "RS.n.solutions", "RS.generations", "RS.n.evaluations", 
"RS.cpu.time", "DF.cost", "DF.gamma", "DF.data.balancing", "DF.feature.selection", 
"DF.valid.acc", "DF.test.acc", "DF.train.time", "DF.n.support.vectors", 
"DF.index", "DF.n.solutions", "DF.generations", "DF.n.evaluations", 
"DF.cpu.time")))
