full <-
structure(c(50, 55, 60, 65, 70, 75, 80, 85, 90, 95, 100, 1, -0.05047, 
0.35859, 1, 1.24897, 1, 0.42728, 1, 1, 0.73174, 0.47525, 0.0303, 
-4.10233, -4.05294, 0.0303, -5.29597, 0.0303, -4.5444, 0.0303, 
0.0303, -4.61638, -3.93777, 0, 0, 0, 0, 0, 0, 0, 0, 0, 0, 0, 
0, 0, 0, 0, 0, 0, 0, 0, 0, 0, 0, 0.43101, 0.44571, 0.47561, 0.4299, 
0.4528, 0.44758, 0.46143, 0.44702, 0.45763, 0.46153, 0.4493, 
0.43101, 0.43571, 0.45295, 0.4299, 0.40546, 0.44758, 0.44348, 
0.44702, 0.45763, 0.44416, 0.43898, 0.0375, 0.0408, 0.0441, 0.0434, 
0.0507, 0.0574, 0.0567, 0.0585, 0.0615, 0.0713, 0.0764, 79.2, 
87.2, 95.2, 103.2, 111.2, 118.7, 127.2, 135, 142.7, 150.9, 158.4, 
1, 363, 467, 1, 670, 1, 1733, 1, 1, 580, 1936, 2092, 390, 295, 
1927, 69, 1912, 9, 1917, 1794, 36, 2, 100, 100, 100, 100, 100, 
100, 100, 100, 100, 100, 100, 2500, 2500, 2500, 2500, 2500, 2500, 
2500, 2500, 2500, 2500, 2500, 6986.755, 7030.245, 7117.927, 7831.868, 
9643.82400000001, 9055.12800000001, 7948.61899999999, 7943.773, 
8113.53400000001, 8265.734, 8293.69999999998, 3.97978, 0.30638, 
6.15412, -1.28139, 1.25331, -0.3684, 3.39422, 0.84256, 7.20242, 
0.42915, 0.63648, -10.73741, -3.32815, -9.94655, -3.37, -5.22424, 
0.31291, -11.92979, -8.2891, -14.85364, -3.84732, -4.23867, 0, 
0, 0, 0, 0, 0, 0, 0, 0, 0, 0, 0, 0, 0, 0, 0, 0, 0, 0, 0, 0, 0, 
0.43101, 0.44571, 0.4838, 0.4299, 0.4528, 0.44758, 0.45643, 0.44702, 
0.45763, 0.45597, 0.44454, 0.43101, 0.42571, 0.37232, 0.4299, 
0.40727, 0.44758, 0.45643, 0.44702, 0.45763, 0.44972, 0.43898, 
0.0356, 0.0437, 0.0392, 0.056, 0.0537, 0.0687, 0.0528, 0.0548, 
0.0597, 0.0768, 0.0773, 78.2, 87.2, 93.3, 103.2, 111.2, 119.2, 
123.5, 132.1, 137.7, 151.2, 158.4, 1, 1405, 1654, 1, 2189, 2, 
2, 5, 2, 789, 482, 1302, 3, 1, 1242, 1, 1286, 1367, 1305, 1193, 
1, 2, 100, 100, 100, 100, 100, 100, 100, 100, 100, 100, 100, 
2500, 2500, 2500, 2500, 2500, 2500, 2500, 2500, 2500, 2500, 2500, 
6960.984, 7040.533, 7120.829, 9525.677, 9624.974, 7848.542, 7829.24000000001, 
7947.606, 7888.96100000001, 8308.31200000001, 8289.573, 1, 1, 
1, 1, 1, 1, 1, 1, 1, 1, 1, 0.0303, 0.0303, 0.0303, 0.0303, 0.0303, 
0.0303, 0.0303, 0.0303, 0.0303, 0.0303, 0.0303, 0, 0, 0, 0, 0, 
0, 0, 0, 0, 0, 0, 0, 0, 0, 0, 0, 0, 0, 0, 0, 0, 0, 0.43101, 0.43571, 
0.45792, 0.4299, 0.43886, 0.44758, 0.45643, 0.44702, 0.45763, 
0.45528, 0.44374, 0.43101, 0.43571, 0.44435, 0.4299, 0.43886, 
0.44758, 0.45643, 0.44702, 0.45763, 0.45528, 0.44374, 0.0379, 
0.0401, 0.042, 0.0465, 0.0526, 0.0515, 0.0553, 0.0593, 0.0619, 
0.0676, 0.067, 79.2, 87.2, 95.2, 103.2, 111.2, 118.7, 127.2, 
135, 142.7, 150.8, 158, 1, 1, 1, 1, 1, 1, 1, 1, 1, 1, 1, 1, 1, 
1, 1, 1, 1, 1, 1, 1, 1, 1, 1, 1, 1, 1, 1, 1, 1, 1, 1, 1, 1, 1, 
1, 1, 1, 1, 1, 1, 1, 1, 1, 1, 2.82, 2.834, 2.8, 3.598, 3.767, 
2.979, 3.081, 3.145, 3.144, 3.195, 2.937), .Dim = c(11L, 40L), .Dimnames = list(
    NULL, c("Sampling", "PSO.cost", "PSO.gamma", "PSO.data.balancing", 
    "PSO.feature.selection", "PSO.valid.acc", "PSO.test.acc", 
    "PSO.train.time", "PSO.n.support.vectors", "PSO.index", "PSO.n.solutions", 
    "PSO.generations", "PSO.n.evaluations", "PSO.cpu.time", "RS.cost", 
    "RS.gamma", "RS.data.balancing", "RS.feature.selection", 
    "RS.valid.acc", "RS.test.acc", "RS.train.time", "RS.n.support.vectors", 
    "RS.index", "RS.n.solutions", "RS.generations", "RS.n.evaluations", 
    "RS.cpu.time", "DF.cost", "DF.gamma", "DF.data.balancing", 
    "DF.feature.selection", "DF.valid.acc", "DF.test.acc", "DF.train.time", 
    "DF.n.support.vectors", "DF.index", "DF.n.solutions", "DF.generations", 
    "DF.n.evaluations", "DF.cpu.time")))
