full <-
structure(c(50, 55, 60, 65, 70, 75, 80, 85, 90, 95, 100, 3.07127, 
0.99204, 1, 1.50127, 0.65551, 1, 1, 1, 1, 1, 1, -2.48025, -3.21243, 
0.0303, -6.05001, -3.34703, 0.0303, 0.0303, 0.0303, 0.0303, 0.0303, 
0.0303, 0, 0, 0, 0, 0, 0, 0, 0, 0, 0, 0, 0, 0, 0, 0, 0, 0, 0, 
0, 0, 0, 0, 0.53851, 0.52137, 0.47594, 0.47412, 0.48045, 0.46179, 
0.46129, 0.45089, 0.46109, 0.45231, 0.44241, 0.52601, 0.50118, 
0.46825, 0.46578, 0.47212, 0.46179, 0.46129, 0.45089, 0.46109, 
0.45231, 0.44241, 0.0414, 0.0467, 0.0447, 0.048, 0.0586, 0.0528, 
0.0558, 0.0581, 0.0629, 0.067, 0.0709, 79.2, 87.2, 95.2, 102.1, 
111.2, 118.4, 126.8, 134.9, 142.9, 150.5, 158, 51, 2335, 1, 85, 
213, 1, 1, 1, 1, 1, 1, 244, 1, 1676, 92, 250, 1818, 1857, 1830, 
1877, 1841, 1900, 100, 100, 100, 100, 100, 100, 100, 100, 100, 
100, 100, 2500, 2500, 2500, 2500, 2500, 2500, 2500, 2500, 2500, 
2500, 2500, 7802.004, 7882.327, 8011.821, 8137.038, 8391.68200000001, 
7961.19499999999, 8142.421, 8008.73100000001, 8273.86099999999, 
8521.399, 8645.38500000001, 9.21895, 0.58089, 13.25444, 1.83014, 
0.69173, -0.18184, -1.77131, 6.58926, 6.23489, 0.17993, 4.46527, 
-2.46665, -9.51551, -1.63183, -6.44666, -3.32729, -1.34172, -1.83993, 
1.12441, -0.8799, -10.35695, -10.43698, 0, 0, 0, 0, 0, 0, 0, 
0, 0, 0, 0, 0, 0, 0, 0, 0, 0, 0, 0, 0, 0, 0, 0.53851, 0.51656, 
0.47594, 0.47412, 0.48045, 0.46179, 0.46129, 0.45089, 0.46109, 
0.45231, 0.44241, 0.53851, 0.51656, 0.47594, 0.46578, 0.47212, 
0.46179, 0.46129, 0.45089, 0.46109, 0.45231, 0.44241, 0.044, 
0.0402, 0.0511, 0.0468, 0.0564, 0.0694, 0.0682, 0.0806, 0.085, 
0.0649, 0.0678, 79.2, 82.6, 95.2, 101.7, 111.2, 119.2, 127.2, 
135.2, 143.2, 146.2, 153.6, 10, 2, 1, 832, 1436, 1, 2, 1, 1, 
5, 5, 12, 1279, 1308, 2, 2, 1242, 1221, 1161, 1207, 1223, 1198, 
100, 100, 100, 100, 100, 100, 100, 100, 100, 100, 100, 2500, 
2500, 2500, 2500, 2500, 2500, 2500, 2500, 2500, 2500, 2500, 7760.458, 
7849.77, 8015.77600000001, 8192.75799999999, 7873.617, 7906.77, 
8126.704, 8044.662, 8159.25399999999, 8499.27499999999, 8431.40899999999, 
1, 1, 1, 1, 1, 1, 1, 1, 1, 1, 1, 0.0303, 0.0303, 0.0303, 0.0303, 
0.0303, 0.0303, 0.0303, 0.0303, 0.0303, 0.0303, 0.0303, 0, 0, 
0, 0, 0, 0, 0, 0, 0, 0, 0, 0, 0, 0, 0, 0, 0, 0, 0, 0, 0, 0, 0.52601, 
0.51656, 0.47594, 0.47292, 0.47331, 0.46179, 0.46129, 0.45089, 
0.46109, 0.45231, 0.44241, 0.52601, 0.51656, 0.46825, 0.47292, 
0.47331, 0.46179, 0.46129, 0.45089, 0.46109, 0.45231, 0.44241, 
0.0391, 0.0413, 0.0451, 0.0486, 0.0505, 0.0535, 0.0555, 0.0596, 
0.0613, 0.0667, 0.0718, 78.5, 86.4, 95.2, 103.1, 111.2, 118.4, 
126.8, 134.9, 142.9, 150.5, 158, 1, 1, 1, 1, 1, 1, 1, 1, 1, 1, 
1, 1, 1, 1, 1, 1, 1, 1, 1, 1, 1, 1, 1, 1, 1, 1, 1, 1, 1, 1, 1, 
1, 1, 1, 1, 1, 1, 1, 1, 1, 1, 1, 1, 1, 3.09, 3.127, 3.233, 3.256, 
3.037, 3.12, 3.148, 3.199, 3.168, 3.229, 3.251), .Dim = c(11L, 
40L), .Dimnames = list(NULL, c("Sampling", "PSO.cost", "PSO.gamma", 
"PSO.data.balancing", "PSO.feature.selection", "PSO.valid.acc", 
"PSO.test.acc", "PSO.train.time", "PSO.n.support.vectors", "PSO.index", 
"PSO.n.solutions", "PSO.generations", "PSO.n.evaluations", "PSO.cpu.time", 
"RS.cost", "RS.gamma", "RS.data.balancing", "RS.feature.selection", 
"RS.valid.acc", "RS.test.acc", "RS.train.time", "RS.n.support.vectors", 
"RS.index", "RS.n.solutions", "RS.generations", "RS.n.evaluations", 
"RS.cpu.time", "DF.cost", "DF.gamma", "DF.data.balancing", "DF.feature.selection", 
"DF.valid.acc", "DF.test.acc", "DF.train.time", "DF.n.support.vectors", 
"DF.index", "DF.n.solutions", "DF.generations", "DF.n.evaluations", 
"DF.cpu.time")))
