new.sol <-
structure(list(Sampling = c(50, 55, 60, 65, 70, 75, 80, 85, 90, 
95, 100), PSO.cost = c(1.88126, 1, 1, 8.34997, 5.4035, 2.65868, 
1, 2.81637, 1, 0.14251, 1), PSO.gamma = c(-5.74512, 0.0303, 0.0303, 
-13.0238, -2.56321, -7.35956, 0.0303, -2.29171, 0.0303, -4.59104, 
0.0303), PSO.data.balancing = c(0, 0, 0, 0, 0, 0, 0, 0, 0, 0, 
0), PSO.feature.selection = c(0, 0, 0, 0, 0, 0, 0, 0, 0, 0, 0
), PSO.valid.acc = c(0.49547, 0.46864, 0.46935, 0.46562, 0.48002, 
0.46572, 0.45147, 0.44851, 0.44342, 0.44126, 0.4433), PSO.test.acc = c(0.46296, 
0.46864, 0.46935, 0.45729, 0.45115, 0.45191, 0.45147, 0.42845, 
0.44342, 0.4357, 0.4433), PSO.train.time = c(0.0351, 0.0365, 
0.0396, 0.0401, 0.0559, 0.05, 0.0554, 0.0731, 0.0648, 0.0659, 
0.0696), PSO.n.support.vectors = c(78.9, 87.2, 95, 99.7, 111.2, 
117.5, 127.1, 135.2, 143, 151.1, 158), PSO.index = c(1373, 1, 
1, 931, 144, 349, 1, 188, 1, 1761, 1), PSO.n.solutions = c(27, 
1880, 1994, 46, 795, 54, 1934, 187, 1915, 46, 1773), PSO.generations = c(100, 
100, 100, 100, 100, 100, 100, 100, 100, 100, 100), PSO.n.evaluations = c(2500, 
2500, 2500, 2500, 2500, 2500, 2500, 2500, 2500, 2500, 2500), 
    PSO.cpu.time = c(6848.924, 7042.793, 7175.341, 7232.164, 
    7788.799, 9546.675, 9582.162, 9900.43000000001, 9795.93299999999, 
    9091.37899999999, 8134.766), RS.cost = c(1.3702, 1.19908, 
    12.39793, 8.11581, 2.9127, 0.26584, 1.10234, 8.70492, 4.4495, 
    0.34878, 7.54247), RS.gamma = c(-6.39583, -8.53008, -0.01206, 
    -12.77789, -2.59355, -3.35689, -14.68544, -2.30109, 2.31491, 
    -4.16798, -14.25642), RS.data.balancing = c(0, 0, 0, 0, 0, 
    0, 0, 0, 0, 0, 0), RS.feature.selection = c(0, 0, 0, 0, 0, 
    0, 0, 0, 0, 0, 0), RS.valid.acc = c(0.49455, 0.46864, 0.46935, 
    0.46562, 0.48002, 0.45906, 0.45147, 0.44851, 0.44342, 0.44126, 
    0.4433), RS.test.acc = c(0.48455, 0.46864, 0.46935, 0.45729, 
    0.45115, 0.45191, 0.45147, 0.42845, 0.44342, 0.4357, 0.4433
    ), RS.train.time = c(0.0322, 0.0374, 0.0498, 0.0418, 0.0607, 
    0.059, 0.0493, 0.0761, 0.0838, 0.0741, 0.0668), RS.n.support.vectors = c(78.4, 
    85.9, 95.2, 99.7, 111.2, 119.2, 121, 135.2, 143.2, 151.2, 
    152.6), RS.index = c(853, 1, 4, 2412, 16, 536, 2, 116, 2, 
    428, 3), RS.n.solutions = c(1, 1316, 1205, 1, 6, 1, 1333, 
    9, 1293, 4, 1267), RS.generations = c(100, 100, 100, 100, 
    100, 100, 100, 100, 100, 100, 100), RS.n.evaluations = c(2500, 
    2500, 2500, 2500, 2500, 2500, 2500, 2500, 2500, 2500, 2500
    ), RS.cpu.time = c(6877.038, 7011.954, 7167.344, 7353.289, 
    9568.367, 9390.565, 9615.11500000001, 9770.007, 9949.68199999997, 
    8088.11800000002, 8149.93500000003), DF.cost = c(1, 1, 1, 
    1, 1, 1, 1, 1, 1, 1, 1), DF.gamma = c(0.0303, 0.0303, 0.0303, 
    0.0303, 0.0303, 0.0303, 0.0303, 0.0303, 0.0303, 0.0303, 0.0303
    ), DF.data.balancing = c(0, 0, 0, 0, 0, 0, 0, 0, 0, 0, 0), 
    DF.feature.selection = c(0, 0, 0, 0, 0, 0, 0, 0, 0, 0, 0), 
    DF.valid.acc = c(0.48455, 0.46864, 0.46935, 0.43793, 0.46454, 
    0.45191, 0.45147, 0.44351, 0.44342, 0.4357, 0.4433), DF.test.acc = c(0.48455, 
    0.46864, 0.46935, 0.46293, 0.46454, 0.45191, 0.45147, 0.44351, 
    0.44342, 0.4357, 0.4433), DF.train.time = c(0.0337, 0.038, 
    0.0374, 0.0454, 0.0481, 0.0522, 0.0548, 0.0599, 0.0633, 0.0672, 
    0.0692), DF.n.support.vectors = c(79.1, 87.2, 95, 103, 111.1, 
    119.1, 127.1, 135, 143, 150.8, 158), DF.index = c(1, 1, 1, 
    1, 1, 1, 1, 1, 1, 1, 1), DF.n.solutions = c(1, 1, 1, 1, 1, 
    1, 1, 1, 1, 1, 1), DF.generations = c(1, 1, 1, 1, 1, 1, 1, 
    1, 1, 1, 1), DF.n.evaluations = c(1, 1, 1, 1, 1, 1, 1, 1, 
    1, 1, 1), DF.cpu.time = c(2.771, 2.83, 2.705, 3.089, 3.652, 
    3.739, 3.707, 3.744, 3.69, 3.212, 3.128), SMBO.cost = c(13.5812287759645, 
    13.5812287759645, 13.5812287759645, 13.5812287759645, 13.5812287759645, 
    13.5812287759645, 13.5812287759645, 13.5812287759645, 13.5812287759645, 
    13.5812287759645, 13.5812287759645), SMBO.gamma = c(-5.95658779093435, 
    -5.95658779093435, -5.95658779093435, -5.95658779093435, 
    -5.95658779093435, -5.95658779093435, -5.95658779093435, 
    -5.95658779093435, -5.95658779093435, -5.95658779093435, 
    -5.95658779093435), SMBO.balanced.test.accuracy = c(0.473935605457345, 
    0.473935605457345, 0.473935605457345, 0.473935605457345, 
    0.473935605457345, 0.473935605457345, 0.473935605457345, 
    0.473935605457345, 0.473935605457345, 0.473935605457345, 
    0.473935605457345)), .Names = c("Sampling", "PSO.cost", "PSO.gamma", 
"PSO.data.balancing", "PSO.feature.selection", "PSO.valid.acc", 
"PSO.test.acc", "PSO.train.time", "PSO.n.support.vectors", "PSO.index", 
"PSO.n.solutions", "PSO.generations", "PSO.n.evaluations", "PSO.cpu.time", 
"RS.cost", "RS.gamma", "RS.data.balancing", "RS.feature.selection", 
"RS.valid.acc", "RS.test.acc", "RS.train.time", "RS.n.support.vectors", 
"RS.index", "RS.n.solutions", "RS.generations", "RS.n.evaluations", 
"RS.cpu.time", "DF.cost", "DF.gamma", "DF.data.balancing", "DF.feature.selection", 
"DF.valid.acc", "DF.test.acc", "DF.train.time", "DF.n.support.vectors", 
"DF.index", "DF.n.solutions", "DF.generations", "DF.n.evaluations", 
"DF.cpu.time", "SMBO.cost", "SMBO.gamma", "SMBO.balanced.test.accuracy"
), row.names = c(NA, -11L), class = "data.frame")
