new.sol <-
structure(list(Sampling = c(50, 55, 60, 65, 70, 75, 80, 85, 90, 
95, 100), PSO.cost = c(0.21258, 0.50703, 9.66814, 4.41547, 1, 
1, 1, 1, 1, 3.61698, 1), PSO.gamma = c(-4.41005, -4.4412, -2.84836, 
-2.68836, 0.0303, 0.0303, 0.0303, 0.0303, 0.0303, -13.08549, 
0.0303), PSO.data.balancing = c(0, 0, 0, 0, 0, 0, 0, 0, 0, 0, 
0), PSO.feature.selection = c(0, 0, 0, 0, 0, 0, 0, 0, 0, 0, 0
), PSO.valid.acc = c(0.44746, 0.45235, 0.45351, 0.44853, 0.47591, 
0.4898, 0.4652, 0.45546, 0.43359, 0.45288, 0.44534), PSO.test.acc = c(0.44746, 
0.41878, 0.43323, 0.43901, 0.47591, 0.4898, 0.4652, 0.4502, 0.43359, 
0.45288, 0.44534), PSO.train.time = c(0.0398, 0.0393, 0.0479, 
0.0508, 0.0468, 0.0493, 0.0523, 0.0609, 0.0609, 0.0605, 0.0686
), PSO.n.support.vectors = c(79.2, 87.2, 95.2, 103.2, 111.1, 
118.7, 126.8, 134.8, 143.1, 146.6, 158.1), PSO.index = c(331, 
240, 55, 675, 1, 1, 1, 1, 1, 3, 1), PSO.n.solutions = c(367, 
238, 672, 64, 1815, 1746, 1869, 2113, 1944, 1837, 1898), PSO.generations = c(100, 
100, 100, 100, 100, 100, 100, 100, 100, 100, 100), PSO.n.evaluations = c(2500, 
2500, 2500, 2500, 2500, 2500, 2500, 2500, 2500, 2500, 2500), 
    PSO.cpu.time = c(7257.139, 7276.027, 7100.115, 7070.786, 
    7114.903, 7249.522, 7364.24000000001, 7286.624, 7580.81199999999, 
    7651.90300000001, 7981.23699999999), RS.cost = c(0.21106, 
    0.49579, 14.61377, 14.41086, -0.99223, 3.78759, 4.41605, 
    13.36204, 5.59137, -1.39496, 8.15584), RS.gamma = c(-3.41244, 
    -3.49087, -2.84901, -2.69213, -5.97559, -0.42004, -14.18076, 
    0.9501, 0.91831, -8.92348, -0.7358), RS.data.balancing = c(0, 
    0, 0, 0, 0, 0, 0, 0, 0, 0, 0), RS.feature.selection = c(0, 
    0, 0, 0, 0, 0, 0, 0, 0, 0, 0), RS.valid.acc = c(0.44746, 
    0.45235, 0.45351, 0.44853, 0.47591, 0.4898, 0.4652, 0.45546, 
    0.43359, 0.45288, 0.44534), RS.test.acc = c(0.43746, 0.45235, 
    0.43323, 0.43901, 0.47591, 0.4898, 0.4652, 0.45546, 0.43359, 
    0.45288, 0.44534), RS.train.time = c(0.041, 0.0431, 0.0471, 
    0.0523, 0.0435, 0.0658, 0.0486, 0.079, 0.0858, 0.0599, 0.0964
    ), RS.n.support.vectors = c(79.2, 87.2, 95.2, 103.2, 110.4, 
    119.2, 122.4, 135.2, 143.2, 148.3, 158.4), RS.index = c(54, 
    885, 114, 388, 1, 4, 1, 1, 1, 2, 2), RS.n.solutions = c(5, 
    6, 9, 6, 1191, 1319, 1279, 1275, 1212, 1297, 1188), RS.generations = c(100, 
    100, 100, 100, 100, 100, 100, 100, 100, 100, 100), RS.n.evaluations = c(2500, 
    2500, 2500, 2500, 2500, 2500, 2500, 2500, 2500, 2500, 2500
    ), RS.cpu.time = c(7288.028, 7159.568, 6923.556, 7034.136, 
    7086.65699999999, 7219.749, 7346.43500000001, 7573.272, 7613.542, 
    7805.236, 7834.31599999999), DF.cost = c(1, 1, 1, 1, 1, 1, 
    1, 1, 1, 1, 1), DF.gamma = c(0.0303, 0.0303, 0.0303, 0.0303, 
    0.0303, 0.0303, 0.0303, 0.0303, 0.0303, 0.0303, 0.0303), 
    DF.data.balancing = c(0, 0, 0, 0, 0, 0, 0, 0, 0, 0, 0), DF.feature.selection = c(0, 
    0, 0, 0, 0, 0, 0, 0, 0, 0, 0), DF.valid.acc = c(0.43746, 
    0.44326, 0.44317, 0.44639, 0.47591, 0.4898, 0.4652, 0.45546, 
    0.43359, 0.44663, 0.44534), DF.test.acc = c(0.43746, 0.44326, 
    0.44317, 0.44639, 0.47591, 0.4898, 0.4652, 0.4502, 0.43359, 
    0.44812, 0.44534), DF.train.time = c(0.0355, 0.0392, 0.0395, 
    0.0445, 0.0463, 0.049, 0.0551, 0.0571, 0.06, 0.065, 0.0694
    ), DF.n.support.vectors = c(79.2, 87.2, 95.2, 103.2, 111.1, 
    118.7, 126.8, 134.8, 143.1, 151.2, 158.1), DF.index = c(1, 
    1, 1, 1, 1, 1, 1, 1, 1, 1, 1), DF.n.solutions = c(1, 1, 1, 
    1, 1, 1, 1, 1, 1, 1, 1), DF.generations = c(1, 1, 1, 1, 1, 
    1, 1, 1, 1, 1, 1), DF.n.evaluations = c(1, 1, 1, 1, 1, 1, 
    1, 1, 1, 1, 1), DF.cpu.time = c(2.713, 2.818, 2.736, 2.811, 
    2.776, 2.838, 2.997, 2.884, 2.871, 3.036, 3.102), SMBO.cost = c(14.9565355540117, 
    14.9565355540117, 14.9565355540117, 14.9565355540117, 14.9565355540117, 
    14.9565355540117, 14.9565355540117, 14.9565355540117, 14.9565355540117, 
    14.9565355540117, 14.9565355540117), SMBO.gamma = c(-13.6184630262911, 
    -13.6184630262911, -13.6184630262911, -13.6184630262911, 
    -13.6184630262911, -13.6184630262911, -13.6184630262911, 
    -13.6184630262911, -13.6184630262911, -13.6184630262911, 
    -13.6184630262911), SMBO.balanced.test.accuracy = c(0.47036279839878, 
    0.47036279839878, 0.47036279839878, 0.47036279839878, 0.47036279839878, 
    0.47036279839878, 0.47036279839878, 0.47036279839878, 0.47036279839878, 
    0.47036279839878, 0.47036279839878)), .Names = c("Sampling", 
"PSO.cost", "PSO.gamma", "PSO.data.balancing", "PSO.feature.selection", 
"PSO.valid.acc", "PSO.test.acc", "PSO.train.time", "PSO.n.support.vectors", 
"PSO.index", "PSO.n.solutions", "PSO.generations", "PSO.n.evaluations", 
"PSO.cpu.time", "RS.cost", "RS.gamma", "RS.data.balancing", "RS.feature.selection", 
"RS.valid.acc", "RS.test.acc", "RS.train.time", "RS.n.support.vectors", 
"RS.index", "RS.n.solutions", "RS.generations", "RS.n.evaluations", 
"RS.cpu.time", "DF.cost", "DF.gamma", "DF.data.balancing", "DF.feature.selection", 
"DF.valid.acc", "DF.test.acc", "DF.train.time", "DF.n.support.vectors", 
"DF.index", "DF.n.solutions", "DF.generations", "DF.n.evaluations", 
"DF.cpu.time", "SMBO.cost", "SMBO.gamma", "SMBO.balanced.test.accuracy"
), row.names = c(NA, -11L), class = "data.frame")
