new.sol <-
structure(list(Sampling = c(50, 55, 60, 65, 70, 75, 80, 85, 90, 
95, 100), PSO.cost = c(1, 1, 0.27277, 8.93867, 1, 9.92734, 1.55052, 
2.47486, 1, 5.19228, 1), PSO.gamma = c(0.0303, 0.0303, -3.24491, 
-2.91312, 0.0303, -1.9707, -2.55923, -7.18771, 0.0303, -9.8681, 
0.0303), PSO.data.balancing = c(0, 0, 0, 0, 0, 0, 0, 0, 0, 0, 
0), PSO.feature.selection = c(0, 0, 0, 0, 0, 0, 0, 0, 0, 0, 0
), PSO.valid.acc = c(0.49389, 0.47904, 0.50017, 0.49217, 0.4649, 
0.45949, 0.44562, 0.44983, 0.44561, 0.44713, 0.44134), PSO.test.acc = c(0.49389, 
0.47904, 0.48248, 0.49336, 0.4649, 0.4536, 0.43512, 0.43149, 
0.44561, 0.43631, 0.44134), PSO.train.time = c(0.0359, 0.0372, 
0.0457, 0.0524, 0.0505, 0.0665, 0.0732, 0.0586, 0.0631, 0.067, 
0.0707), PSO.n.support.vectors = c(78.8, 87, 95.1, 103.2, 110.8, 
119.2, 127.2, 132.2, 142.7, 146.6, 157.8), PSO.index = c(1, 1, 
1094, 253, 1, 654, 186, 596, 1, 188, 1), PSO.n.solutions = c(1936, 
2150, 24, 236, 1912, 190, 501, 65, 2011, 91, 1943), PSO.generations = c(100, 
100, 100, 100, 100, 100, 100, 100, 100, 100, 100), PSO.n.evaluations = c(2500, 
2500, 2500, 2500, 2500, 2500, 2500, 2500, 2500, 2500, 2500), 
    PSO.cpu.time = c(7819.862, 7906.977, 10634.93, 10478.318, 
    10730.881, 10829.337, 10088.815, 8618.45200000002, 8520.78399999999, 
    8507.70099999997, 8902.03100000002), RS.cost = c(8.3405, 
    12.99478, -0.38758, 3.4475, 1.60237, 11.8191, 11.91688, 6.21921, 
    -0.85728, 7.29948, 5.95803), RS.gamma = c(-1.39209, 1.15881, 
    1.96665, -2.93449, -1.76091, -1.94375, -2.59685, 1.01701, 
    0.78476, -11.99047, -0.24511), RS.data.balancing = c(0, 0, 
    0, 0, 0, 0, 0, 0, 0, 0, 0), RS.feature.selection = c(0, 0, 
    0, 0, 0, 0, 0, 0, 0, 0, 0), RS.valid.acc = c(0.49389, 0.47904, 
    0.49017, 0.49217, 0.4649, 0.45949, 0.44562, 0.44316, 0.44561, 
    0.44713, 0.44134), RS.test.acc = c(0.49389, 0.47904, 0.49017, 
    0.48427, 0.4649, 0.4536, 0.43512, 0.44316, 0.44561, 0.43076, 
    0.44134), RS.train.time = c(0.0381, 0.0445, 0.049, 0.0523, 
    0.0594, 0.0681, 0.072, 0.0851, 0.0857, 0.0682, 0.1009), RS.n.support.vectors = c(79.2, 
    87.2, 95.2, 103.2, 111.2, 119.2, 127.2, 135.2, 143.2, 145.9, 
    158.4), RS.index = c(3, 2, 1, 58, 1, 434, 214, 2, 1, 108, 
    1), RS.n.solutions = c(1255, 1280, 1382, 6, 1298, 14, 14, 
    1254, 1283, 8, 1243), RS.generations = c(100, 100, 100, 100, 
    100, 100, 100, 100, 100, 100, 100), RS.n.evaluations = c(2500, 
    2500, 2500, 2500, 2500, 2500, 2500, 2500, 2500, 2500, 2500
    ), RS.cpu.time = c(7794.313, 9140.517, 10334.928, 10356.673, 
    10575.965, 10762.911, 8512.37500000001, 8609.255, 8421.31200000001, 
    8501.886, 8621.40899999999), DF.cost = c(1, 1, 1, 1, 1, 1, 
    1, 1, 1, 1, 1), DF.gamma = c(0.0303, 0.0303, 0.0303, 0.0303, 
    0.0303, 0.0303, 0.0303, 0.0303, 0.0303, 0.0303, 0.0303), 
    DF.data.balancing = c(0, 0, 0, 0, 0, 0, 0, 0, 0, 0, 0), DF.feature.selection = c(0, 
    0, 0, 0, 0, 0, 0, 0, 0, 0, 0), DF.valid.acc = c(0.49389, 
    0.47904, 0.49017, 0.48669, 0.4649, 0.4536, 0.44418, 0.44316, 
    0.44561, 0.44187, 0.44134), DF.test.acc = c(0.49389, 0.47904, 
    0.49017, 0.48669, 0.4649, 0.4536, 0.44418, 0.44316, 0.44561, 
    0.44187, 0.44134), DF.train.time = c(0.0347, 0.0423, 0.0443, 
    0.0465, 0.05, 0.0591, 0.0572, 0.0597, 0.0633, 0.0676, 0.0705
    ), DF.n.support.vectors = c(78.8, 87, 94.8, 102.8, 110.8, 
    119, 127, 134.8, 142.7, 150.9, 157.8), DF.index = c(1, 1, 
    1, 1, 1, 1, 1, 1, 1, 1, 1), DF.n.solutions = c(1, 1, 1, 1, 
    1, 1, 1, 1, 1, 1, 1), DF.generations = c(1, 1, 1, 1, 1, 1, 
    1, 1, 1, 1, 1), DF.n.evaluations = c(1, 1, 1, 1, 1, 1, 1, 
    1, 1, 1, 1), DF.cpu.time = c(3.171, 4.142, 4.213, 4.281, 
    4.12, 4.461, 3.302, 3.265, 3.262, 3.331, 3.322), SMBO.cost = c(2.59404079207045, 
    2.59404079207045, 2.59404079207045, 2.59404079207045, 2.59404079207045, 
    2.59404079207045, 2.59404079207045, 2.59404079207045, 2.59404079207045, 
    2.59404079207045, 2.59404079207045), SMBO.gamma = c(-4.97229278442856, 
    -4.97229278442856, -4.97229278442856, -4.97229278442856, 
    -4.97229278442856, -4.97229278442856, -4.97229278442856, 
    -4.97229278442856, -4.97229278442856, -4.97229278442856, 
    -4.97229278442856), SMBO.balanced.test.accuracy = c(0.475968283664436, 
    0.475968283664436, 0.475968283664436, 0.475968283664436, 
    0.475968283664436, 0.475968283664436, 0.475968283664436, 
    0.475968283664436, 0.475968283664436, 0.475968283664436, 
    0.475968283664436)), .Names = c("Sampling", "PSO.cost", "PSO.gamma", 
"PSO.data.balancing", "PSO.feature.selection", "PSO.valid.acc", 
"PSO.test.acc", "PSO.train.time", "PSO.n.support.vectors", "PSO.index", 
"PSO.n.solutions", "PSO.generations", "PSO.n.evaluations", "PSO.cpu.time", 
"RS.cost", "RS.gamma", "RS.data.balancing", "RS.feature.selection", 
"RS.valid.acc", "RS.test.acc", "RS.train.time", "RS.n.support.vectors", 
"RS.index", "RS.n.solutions", "RS.generations", "RS.n.evaluations", 
"RS.cpu.time", "DF.cost", "DF.gamma", "DF.data.balancing", "DF.feature.selection", 
"DF.valid.acc", "DF.test.acc", "DF.train.time", "DF.n.support.vectors", 
"DF.index", "DF.n.solutions", "DF.generations", "DF.n.evaluations", 
"DF.cpu.time", "SMBO.cost", "SMBO.gamma", "SMBO.balanced.test.accuracy"
), row.names = c(NA, -11L), class = "data.frame")
