full <-
structure(c(50, 55, 60, 65, 70, 75, 80, 85, 90, 95, 100, 12.93247, 
1, 1.32831, 13.05328, 4.3225, 1, 1, 1, 1, 1.40359, 0.43118, -3.60543, 
0.0303, -2.88501, -2.8832, -3.06274, 0.0303, 0.0303, 0.0303, 
0.0303, -2.74016, -3.42272, 0, 0, 0, 0, 0, 0, 0, 0, 0, 0, 0, 
0, 0, 0, 0, 0, 0, 0, 0, 0, 0, 0, 0.47155, 0.43556, 0.45667, 0.47511, 
0.47557, 0.46347, 0.45747, 0.45188, 0.44983, 0.44089, 0.44426, 
0.44337, 0.43556, 0.44667, 0.4587, 0.45811, 0.46347, 0.45747, 
0.45188, 0.44983, 0.41925, 0.4354, 0.0376, 0.0381, 0.0447, 0.0484, 
0.0555, 0.0522, 0.0564, 0.0612, 0.0624, 0.0862, 0.0878, 79.2, 
87.2, 95.2, 103.2, 111.2, 119, 127.1, 135.2, 142.8, 151.2, 158.4, 
239, 1, 152, 24, 387, 1, 1, 1, 1, 141, 1897, 463, 1908, 171, 
1122, 621, 1916, 1955, 1934, 1803, 102, 1, 100, 100, 100, 100, 
100, 100, 100, 100, 100, 100, 100, 2500, 2500, 2500, 2500, 2500, 
2500, 2500, 2500, 2500, 2500, 2500, 7358.515, 7377.11, 7460.44, 
7619.654, 7761.436, 7925.503, 8000.746, 8254.341, 8051.89599999998, 
8219.00199999998, 8654.478, 10.50147, -0.13064, 0.81571, 7.38741, 
12.74997, 0.20492, 2.23879, 8.30339, 3.42765, 0.75344, 0.22114, 
-3.63115, -4.61584, -2.84802, -2.88273, -3.06299, -11.00195, 
-14.35753, 2.36656, -11.54452, -2.84302, -3.59801, 0, 0, 0, 0, 
0, 0, 0, 0, 0, 0, 0, 0, 0, 0, 0, 0, 0, 0, 0, 0, 0, 0, 0.47155, 
0.43556, 0.45667, 0.47511, 0.47557, 0.46347, 0.45747, 0.45188, 
0.44983, 0.44089, 0.44426, 0.44337, 0.43556, 0.44667, 0.4587, 
0.45811, 0.46347, 0.45747, 0.45188, 0.44983, 0.43007, 0.4488, 
0.0369, 0.0384, 0.0451, 0.0501, 0.0561, 0.0474, 0.0529, 0.0818, 
0.0617, 0.0828, 0.0838, 79.2, 87.2, 95.2, 103.2, 111.2, 116.5, 
121.9, 135.2, 139.4, 151.2, 158.4, 86, 1, 1499, 7, 33, 1, 2, 
1, 4, 627, 540, 3, 1246, 2, 16, 5, 1196, 1256, 1176, 1166, 7, 
1, 100, 100, 100, 100, 100, 100, 100, 100, 100, 100, 100, 2500, 
2500, 2500, 2500, 2500, 2500, 2500, 2500, 2500, 2500, 2500, 7413.274, 
7356.546, 7482.90199999999, 7643.648, 7743.56999999999, 7834.70599999999, 
8013.22500000001, 8037.105, 8097.62299999999, 8226.15000000002, 
8589.087, 1, 1, 1, 1, 1, 1, 1, 1, 1, 1, 1, 0.0303, 0.0303, 0.0303, 
0.0303, 0.0303, 0.0303, 0.0303, 0.0303, 0.0303, 0.0303, 0.0303, 
0, 0, 0, 0, 0, 0, 0, 0, 0, 0, 0, 0, 0, 0, 0, 0, 0, 0, 0, 0, 0, 
0, 0.45309, 0.43556, 0.44758, 0.45908, 0.4575, 0.46347, 0.45747, 
0.45188, 0.44983, 0.43606, 0.44325, 0.45309, 0.43556, 0.44758, 
0.45908, 0.4575, 0.46347, 0.45747, 0.45188, 0.44983, 0.43606, 
0.44325, 0.0355, 0.0367, 0.0388, 0.0439, 0.0479, 0.0511, 0.0578, 
0.0583, 0.0666, 0.0686, 0.0719, 79.1, 87.2, 95.1, 103, 110.9, 
119, 127.1, 135.2, 142.8, 151, 158.1, 1, 1, 1, 1, 1, 1, 1, 1, 
1, 1, 1, 1, 1, 1, 1, 1, 1, 1, 1, 1, 1, 1, 1, 1, 1, 1, 1, 1, 1, 
1, 1, 1, 1, 1, 1, 1, 1, 1, 1, 1, 1, 1, 1, 1, 2.969, 2.86, 2.903, 
3.127, 3.012, 3.082, 3.163, 3.016, 3.401, 3.248, 3.288), .Dim = c(11L, 
40L), .Dimnames = list(NULL, c("Sampling", "PSO.cost", "PSO.gamma", 
"PSO.data.balancing", "PSO.feature.selection", "PSO.valid.acc", 
"PSO.test.acc", "PSO.train.time", "PSO.n.support.vectors", "PSO.index", 
"PSO.n.solutions", "PSO.generations", "PSO.n.evaluations", "PSO.cpu.time", 
"RS.cost", "RS.gamma", "RS.data.balancing", "RS.feature.selection", 
"RS.valid.acc", "RS.test.acc", "RS.train.time", "RS.n.support.vectors", 
"RS.index", "RS.n.solutions", "RS.generations", "RS.n.evaluations", 
"RS.cpu.time", "DF.cost", "DF.gamma", "DF.data.balancing", "DF.feature.selection", 
"DF.valid.acc", "DF.test.acc", "DF.train.time", "DF.n.support.vectors", 
"DF.index", "DF.n.solutions", "DF.generations", "DF.n.evaluations", 
"DF.cpu.time")))
