new.sol <-
structure(list(Sampling = c(50, 55, 60, 65, 70, 75, 80, 85, 90, 
95, 100), PSO.cost = c(2.85992, 1, 0.76178, 0.44677, 1.84465, 
1.06481, 1, 3.88638, 0.46996, 1, 1), PSO.gamma = c(-3.54215, 
0.0303, -4.27565, -4.10176, -5.30465, -4.76451, 0.0303, -3.06673, 
-4.14333, 0.0303, 0.0303), PSO.data.balancing = c(0, 0, 0, 0, 
0, 0, 0, 0, 0, 0, 0), PSO.feature.selection = c(0, 0, 0, 0, 0, 
0, 0, 0, 0, 0, 0), PSO.valid.acc = c(0.47422, 0.46074, 0.46947, 
0.44808, 0.43893, 0.48688, 0.44302, 0.44299, 0.44312, 0.43655, 
0.44711), PSO.test.acc = c(0.43655, 0.44963, 0.44221, 0.43206, 
0.41084, 0.46371, 0.44302, 0.42453, 0.43168, 0.43655, 0.44711
), PSO.train.time = c(0.0434, 0.0421, 0.047, 0.0515, 0.0513, 
0.0552, 0.0558, 0.0726, 0.071, 0.0673, 0.07), PSO.n.support.vectors = c(79.2, 
87.2, 95.2, 103.2, 111.1, 119.2, 127.2, 135.2, 143.2, 150.9, 
157.9), PSO.index = c(24, 1, 1357, 1966, 1981, 1329, 1, 898, 
1868, 1, 1), PSO.n.solutions = c(1387, 94, 73, 13, 9, 105, 2173, 
164, 24, 2158, 1977), PSO.generations = c(100, 100, 100, 100, 
100, 100, 100, 100, 100, 100, 100), PSO.n.evaluations = c(2500, 
2500, 2500, 2500, 2500, 2500, 2500, 2500, 2500, 2500, 2500), 
    PSO.cpu.time = c(7367.724, 7487.997, 7516.427, 7661.362, 
    7669.234, 7811.50899999999, 8000.819, 8174.007, 8157.129, 
    8624.071, 8360.769), RS.cost = c(8.07433, 0.11101, 0.66844, 
    0.22099, 1.24177, 0.86918, 0.21015, 6.93825, 0.41602, 2.19357, 
    5.13623), RS.gamma = c(-3.54361, -4.83207, -3.969, -4.00391, 
    -4.87855, -4.38907, -12.50881, -3.04911, -3.10404, -14.45224, 
    -13.70044), RS.data.balancing = c(0, 0, 0, 0, 0, 0, 0, 0, 
    0, 0, 0), RS.feature.selection = c(0, 0, 0, 0, 0, 0, 0, 0, 
    0, 0, 0), RS.valid.acc = c(0.47422, 0.46074, 0.46177, 0.44039, 
    0.43818, 0.48063, 0.44302, 0.44299, 0.44312, 0.43655, 0.44711
    ), RS.test.acc = c(0.43655, 0.44963, 0.43451, 0.42437, 0.42389, 
    0.47104, 0.44302, 0.42453, 0.41455, 0.43655, 0.44711), RS.train.time = c(0.0434, 
    0.0427, 0.0488, 0.0518, 0.051, 0.0562, 0.0517, 0.0735, 0.0779, 
    0.0622, 0.0691), RS.n.support.vectors = c(79.2, 87.2, 95.2, 
    103.2, 111.1, 119.2, 123.6, 135.2, 143.2, 146.1, 153.2), 
    RS.index = c(151, 346, 419, 1232, 2218, 1232, 2, 321, 717, 
    1, 1), RS.n.solutions = c(32, 5, 2, 2, 1, 1, 1362, 2, 2, 
    1164, 1255), RS.generations = c(100, 100, 100, 100, 100, 
    100, 100, 100, 100, 100, 100), RS.n.evaluations = c(2500, 
    2500, 2500, 2500, 2500, 2500, 2500, 2500, 2500, 2500, 2500
    ), RS.cpu.time = c(7356.258, 7429.008, 7522.544, 7614.084, 
    7698.38, 7820.284, 7918.20600000001, 8056.04000000001, 8166.41200000001, 
    8321.81, 8439.41199999998), DF.cost = c(1, 1, 1, 1, 1, 1, 
    1, 1, 1, 1, 1), DF.gamma = c(0.0303, 0.0303, 0.0303, 0.0303, 
    0.0303, 0.0303, 0.0303, 0.0303, 0.0303, 0.0303, 0.0303), 
    DF.data.balancing = c(0, 0, 0, 0, 0, 0, 0, 0, 0, 0, 0), DF.feature.selection = c(0, 
    0, 0, 0, 0, 0, 0, 0, 0, 0, 0), DF.valid.acc = c(0.41612, 
    0.46074, 0.44221, 0.4327, 0.43812, 0.45746, 0.44302, 0.44089, 
    0.43224, 0.43655, 0.44711), DF.test.acc = c(0.41612, 0.44963, 
    0.43387, 0.4327, 0.43812, 0.45746, 0.44302, 0.44089, 0.43224, 
    0.43655, 0.44711), DF.train.time = c(0.0391, 0.0442, 0.0448, 
    0.0483, 0.0511, 0.053, 0.0584, 0.0633, 0.065, 0.0676, 0.0701
    ), DF.n.support.vectors = c(79.2, 87.2, 95.2, 103.1, 111.1, 
    119.2, 127.2, 135.2, 143.1, 150.9, 157.9), DF.index = c(1, 
    1, 1, 1, 1, 1, 1, 1, 1, 1, 1), DF.n.solutions = c(1, 1, 1, 
    1, 1, 1, 1, 1, 1, 1, 1), DF.generations = c(1, 1, 1, 1, 1, 
    1, 1, 1, 1, 1, 1), DF.n.evaluations = c(1, 1, 1, 1, 1, 1, 
    1, 1, 1, 1, 1), DF.cpu.time = c(2.897, 2.974, 2.972, 3.004, 
    3.066, 3.043, 3.135, 3.149, 3.181, 3.197, 3.24), SMBO.cost = c(13.9981705078771, 
    13.9981705078771, 13.9981705078771, 13.9981705078771, 13.9981705078771, 
    13.9981705078771, 13.9981705078771, 13.9981705078771, 13.9981705078771, 
    13.9981705078771, 13.9981705078771), SMBO.gamma = c(-14.0692788057459, 
    -14.0692788057459, -14.0692788057459, -14.0692788057459, 
    -14.0692788057459, -14.0692788057459, -14.0692788057459, 
    -14.0692788057459, -14.0692788057459, -14.0692788057459, 
    -14.0692788057459), SMBO.balanced.test.accuracy = c(0.459555283685719, 
    0.459555283685719, 0.459555283685719, 0.459555283685719, 
    0.459555283685719, 0.459555283685719, 0.459555283685719, 
    0.459555283685719, 0.459555283685719, 0.459555283685719, 
    0.459555283685719)), .Names = c("Sampling", "PSO.cost", "PSO.gamma", 
"PSO.data.balancing", "PSO.feature.selection", "PSO.valid.acc", 
"PSO.test.acc", "PSO.train.time", "PSO.n.support.vectors", "PSO.index", 
"PSO.n.solutions", "PSO.generations", "PSO.n.evaluations", "PSO.cpu.time", 
"RS.cost", "RS.gamma", "RS.data.balancing", "RS.feature.selection", 
"RS.valid.acc", "RS.test.acc", "RS.train.time", "RS.n.support.vectors", 
"RS.index", "RS.n.solutions", "RS.generations", "RS.n.evaluations", 
"RS.cpu.time", "DF.cost", "DF.gamma", "DF.data.balancing", "DF.feature.selection", 
"DF.valid.acc", "DF.test.acc", "DF.train.time", "DF.n.support.vectors", 
"DF.index", "DF.n.solutions", "DF.generations", "DF.n.evaluations", 
"DF.cpu.time", "SMBO.cost", "SMBO.gamma", "SMBO.balanced.test.accuracy"
), row.names = c(NA, -11L), class = "data.frame")
