new.sol <-
structure(list(Sampling = c(50, 55, 60, 65, 70, 75, 80, 85, 90, 
95, 100), PSO.cost = c(1, 1, 7.18895, 0.19611, 0.64121, -0.45231, 
1, 6.83613, 1, 1, 0.56111), PSO.gamma = c(0.0303, 0.0303, -12.82377, 
-3.68138, -4.2304, -11.93526, 0.0303, -14.31701, 0.0303, 0.0303, 
-3.88718), PSO.data.balancing = c(0, 0, 0, 0, 0, 0, 0, 0, 0, 
0, 0), PSO.feature.selection = c(0, 0, 0, 0, 0, 0, 0, 0, 0, 0, 
0), PSO.valid.acc = c(0.42697, 0.42785, 0.40582, 0.43325, 0.45885, 
0.43676, 0.43061, 0.44225, 0.44238, 0.44778, 0.44976), PSO.test.acc = c(0.42697, 
0.42785, 0.38979, 0.42214, 0.45885, 0.43676, 0.43061, 0.44225, 
0.44238, 0.44778, 0.43423), PSO.train.time = c(0.0384, 0.0415, 
0.0434, 0.0511, 0.0525, 0.0487, 0.0574, 0.0595, 0.0663, 0.0711, 
0.0822), PSO.n.support.vectors = c(79.1, 87, 93.8, 103.2, 111.2, 
115.9, 127, 130.6, 142.7, 150.5, 158.4), PSO.index = c(1, 1, 
336, 93, 1947, 2, 1, 3, 1, 1, 2047), PSO.n.solutions = c(2193, 
2087, 121, 517, 2, 1806, 1778, 1835, 1822, 1965, 1), PSO.generations = c(100, 
100, 100, 100, 100, 100, 100, 100, 100, 100, 100), PSO.n.evaluations = c(2500, 
2500, 2500, 2500, 2500, 2500, 2500, 2500, 2500, 2500, 2500), 
    PSO.cpu.time = c(8510.122, 8428.922, 8478.921, 8684.548, 
    8894.03700000001, 8546.78600000001, 9028.478, 9167.99100000001, 
    9270.22399999999, 9282.05799999999, 9258.71300000002), RS.cost = c(5.26555, 
    -0.15013, 6.92916, 0.26038, 0.34494, -0.61934, 2.30205, 5.83817, 
    11.02403, -1.1631, -1.50236), RS.gamma = c(-2.17377, -7.15569, 
    -12.58603, -3.94038, -4.21112, -12.34462, -14.20308, 1.92369, 
    -1.76432, -9.49649, -13.93525), RS.data.balancing = c(0, 
    0, 0, 0, 0, 0, 0, 0, 0, 0, 0), RS.feature.selection = c(0, 
    0, 0, 0, 0, 0, 0, 0, 0, 0, 0), RS.valid.acc = c(0.42697, 
    0.42785, 0.40582, 0.43325, 0.45171, 0.43676, 0.43061, 0.44225, 
    0.44238, 0.44778, 0.44361), RS.test.acc = c(0.42697, 0.42785, 
    0.38979, 0.42214, 0.45171, 0.43676, 0.43061, 0.44225, 0.44238, 
    0.44778, 0.44361), RS.train.time = c(0.0439, 0.0393, 0.0438, 
    0.0501, 0.0518, 0.0498, 0.0526, 0.0885, 0.081, 0.0693, 0.0593
    ), RS.n.support.vectors = c(79.2, 86, 93.8, 103.2, 111.2, 
    115.4, 124, 135.2, 143.2, 148, 139.7), RS.index = c(1, 5, 
    381, 168, 796, 4, 1, 1, 1, 1, 5), RS.n.solutions = c(1374, 
    1315, 5, 2, 3, 1267, 1188, 1248, 1333, 1218, 1183), RS.generations = c(100, 
    100, 100, 100, 100, 100, 100, 100, 100, 100, 100), RS.n.evaluations = c(2500, 
    2500, 2500, 2500, 2500, 2500, 2500, 2500, 2500, 2500, 2500
    ), RS.cpu.time = c(8511.938, 8436.313, 8612.51, 8719.59099999999, 
    8492.715, 8823.927, 8866.591, 9185.314, 9222.26300000001, 
    9384.80799999999, 9019.83199999999), DF.cost = c(1, 1, 1, 
    1, 1, 1, 1, 1, 1, 1, 1), DF.gamma = c(0.0303, 0.0303, 0.0303, 
    0.0303, 0.0303, 0.0303, 0.0303, 0.0303, 0.0303, 0.0303, 0.0303
    ), DF.data.balancing = c(0, 0, 0, 0, 0, 0, 0, 0, 0, 0, 0), 
    DF.feature.selection = c(0, 0, 0, 0, 0, 0, 0, 0, 0, 0, 0), 
    DF.valid.acc = c(0.42697, 0.42785, 0.38904, 0.41589, 0.43687, 
    0.4301, 0.43061, 0.43637, 0.44238, 0.44778, 0.44361), DF.test.acc = c(0.42697, 
    0.42785, 0.39813, 0.40756, 0.43687, 0.43676, 0.43061, 0.43049, 
    0.44238, 0.44778, 0.44361), DF.train.time = c(0.0393, 0.0415, 
    0.0434, 0.0492, 0.0493, 0.054, 0.0576, 0.0621, 0.0655, 0.072, 
    0.0736), DF.n.support.vectors = c(79.1, 87, 94.9, 103.1, 
    111.2, 118.9, 127, 134.8, 142.7, 150.5, 157.7), DF.index = c(1, 
    1, 1, 1, 1, 1, 1, 1, 1, 1, 1), DF.n.solutions = c(1, 1, 1, 
    1, 1, 1, 1, 1, 1, 1, 1), DF.generations = c(1, 1, 1, 1, 1, 
    1, 1, 1, 1, 1, 1), DF.n.evaluations = c(1, 1, 1, 1, 1, 1, 
    1, 1, 1, 1, 1), DF.cpu.time = c(3.333, 3.251, 3.3, 3.543, 
    3.232, 3.505, 3.554, 3.46, 3.646, 3.674, 3.432), SMBO.cost = c(14.9671871766675, 
    14.9671871766675, 14.9671871766675, 14.9671871766675, 14.9671871766675, 
    14.9671871766675, 14.9671871766675, 14.9671871766675, 14.9671871766675, 
    14.9671871766675, 14.9671871766675), SMBO.gamma = c(-4.93747140618779, 
    -4.93747140618779, -4.93747140618779, -4.93747140618779, 
    -4.93747140618779, -4.93747140618779, -4.93747140618779, 
    -4.93747140618779, -4.93747140618779, -4.93747140618779, 
    -4.93747140618779), SMBO.balanced.test.accuracy = c(0.470641464981795, 
    0.470641464981795, 0.470641464981795, 0.470641464981795, 
    0.470641464981795, 0.470641464981795, 0.470641464981795, 
    0.470641464981795, 0.470641464981795, 0.470641464981795, 
    0.470641464981795)), .Names = c("Sampling", "PSO.cost", "PSO.gamma", 
"PSO.data.balancing", "PSO.feature.selection", "PSO.valid.acc", 
"PSO.test.acc", "PSO.train.time", "PSO.n.support.vectors", "PSO.index", 
"PSO.n.solutions", "PSO.generations", "PSO.n.evaluations", "PSO.cpu.time", 
"RS.cost", "RS.gamma", "RS.data.balancing", "RS.feature.selection", 
"RS.valid.acc", "RS.test.acc", "RS.train.time", "RS.n.support.vectors", 
"RS.index", "RS.n.solutions", "RS.generations", "RS.n.evaluations", 
"RS.cpu.time", "DF.cost", "DF.gamma", "DF.data.balancing", "DF.feature.selection", 
"DF.valid.acc", "DF.test.acc", "DF.train.time", "DF.n.support.vectors", 
"DF.index", "DF.n.solutions", "DF.generations", "DF.n.evaluations", 
"DF.cpu.time", "SMBO.cost", "SMBO.gamma", "SMBO.balanced.test.accuracy"
), row.names = c(NA, -11L), class = "data.frame")
