new.sol <-
structure(list(Sampling = c(50, 55, 60, 65, 70, 75, 80, 85, 90, 
95, 100), PSO.cost = c(10.54936, 1, 1, 1, 0.64394, 12.38418, 
0.73974, 0.83809, 1, 1, 0.6235), PSO.gamma = c(-3.02444, 0.0303, 
0.0303, 0.0303, -3.3567, -3.02771, -2.81656, -3.37363, 0.0303, 
0.0303, -3.53384), PSO.data.balancing = c(0, 0, 0, 0, 0, 0, 0, 
0, 0, 0, 0), PSO.feature.selection = c(0, 0, 0, 0, 0, 0, 0, 0, 
0, 0, 0), PSO.valid.acc = c(0.43167, 0.44672, 0.45759, 0.44604, 
0.45628, 0.47339, 0.4698, 0.46959, 0.45115, 0.44132, 0.44283), 
    PSO.test.acc = c(0.41257, 0.44672, 0.45759, 0.44604, 0.4343, 
    0.43213, 0.45647, 0.4275, 0.45115, 0.43677, 0.42354), PSO.train.time = c(0.0381, 
    0.0337, 0.0367, 0.039, 0.0493, 0.0545, 0.061, 0.0619, 0.0628, 
    0.0643, 0.0826), PSO.n.support.vectors = c(79.2, 87, 94.9, 
    102.7, 111.2, 119.2, 127.2, 135.2, 142.8, 150.7, 158.4), 
    PSO.index = c(1633, 1, 1, 1, 1268, 6, 803, 2355, 1, 1, 104
    ), PSO.n.solutions = c(5, 1991, 2051, 2016, 23, 862, 45, 
    2, 1908, 1717, 70), PSO.generations = c(100, 100, 100, 100, 
    100, 100, 100, 100, 100, 100, 100), PSO.n.evaluations = c(2500, 
    2500, 2500, 2500, 2500, 2500, 2500, 2500, 2500, 2500, 2500
    ), PSO.cpu.time = c(6870.047, 6271.07, 6411.869, 6454.727, 
    6885.028, 6898.768, 7194.686, 7416.205, 7555.48700000001, 
    7605.505, 7919.60900000003), RS.cost = c(3.08462, 3.55836, 
    3.42265, 11.0565, -1.79669, 11.90318, 3.54306, 12.72557, 
    -1.04221, 0.30624, 2.87676), RS.gamma = c(-3.02732, -11.18874, 
    -0.26115, 2.4632, -7.67101, -3.10397, -13.51528, -2.97877, 
    -7.51685, -4.21366, -12.35828), RS.data.balancing = c(0, 
    0, 0, 0, 0, 0, 0, 0, 0, 0, 0), RS.feature.selection = c(0, 
    0, 0, 0, 0, 0, 0, 0, 0, 0, 0), RS.valid.acc = c(0.43167, 
    0.44672, 0.45759, 0.44604, 0.44914, 0.47339, 0.46902, 0.46482, 
    0.45115, 0.44586, 0.44191), RS.test.acc = c(0.41257, 0.44672, 
    0.45759, 0.44604, 0.44914, 0.43213, 0.46902, 0.44609, 0.45115, 
    0.44132, 0.44191), RS.train.time = c(0.0354, 0.0329, 0.0452, 
    0.0481, 0.0409, 0.0562, 0.0478, 0.0672, 0.0557, 0.0721, 0.0625
    ), RS.n.support.vectors = c(79.2, 84.8, 95.2, 103.2, 109.3, 
    119.2, 121.7, 135.2, 141.7, 151.1, 153.6), RS.index = c(807, 
    1, 2, 1, 1, 71, 1, 15, 2, 1889, 2), RS.n.solutions = c(1, 
    1225, 1294, 1225, 1293, 19, 1268, 13, 1211, 1, 1260), RS.generations = c(100, 
    100, 100, 100, 100, 100, 100, 100, 100, 100, 100), RS.n.evaluations = c(2500, 
    2500, 2500, 2500, 2500, 2500, 2500, 2500, 2500, 2500, 2500
    ), RS.cpu.time = c(6420.508, 6258.632, 6338.62, 6672.015, 
    6920.318, 7023.82400000001, 7216.30200000001, 7333.30099999999, 
    7657.482, 7745.538, 8300.35800000001), DF.cost = c(1, 1, 
    1, 1, 1, 1, 1, 1, 1, 1, 1), DF.gamma = c(0.0303, 0.0303, 
    0.0303, 0.0303, 0.0303, 0.0303, 0.0303, 0.0303, 0.0303, 0.0303, 
    0.0303), DF.data.balancing = c(0, 0, 0, 0, 0, 0, 0, 0, 0, 
    0, 0), DF.feature.selection = c(0, 0, 0, 0, 0, 0, 0, 0, 0, 
    0, 0), DF.valid.acc = c(0.42167, 0.44672, 0.45759, 0.44604, 
    0.44914, 0.458, 0.46902, 0.45848, 0.45115, 0.44132, 0.44191
    ), DF.test.acc = c(0.42167, 0.44672, 0.45759, 0.44604, 0.44914, 
    0.458, 0.46902, 0.45848, 0.45115, 0.43677, 0.43715), DF.train.time = c(0.0331, 
    0.0336, 0.0355, 0.0424, 0.0424, 0.0458, 0.0495, 0.0551, 0.0593, 
    0.0669, 0.0737), DF.n.support.vectors = c(79.2, 87, 94.9, 
    102.7, 110.8, 118.5, 125.6, 134.7, 142.8, 150.7, 158), DF.index = c(1, 
    1, 1, 1, 1, 1, 1, 1, 1, 1, 1), DF.n.solutions = c(1, 1, 1, 
    1, 1, 1, 1, 1, 1, 1, 1), DF.generations = c(1, 1, 1, 1, 1, 
    1, 1, 1, 1, 1, 1), DF.n.evaluations = c(1, 1, 1, 1, 1, 1, 
    1, 1, 1, 1, 1), DF.cpu.time = c(2.492, 2.403, 2.468, 2.759, 
    2.616, 2.679, 2.962, 2.956, 2.827, 3.004, 3.436), SMBO.cost = c(5.4689076687576, 
    5.4689076687576, 5.4689076687576, 5.4689076687576, 5.4689076687576, 
    5.4689076687576, 5.4689076687576, 5.4689076687576, 5.4689076687576, 
    5.4689076687576, 5.4689076687576), SMBO.gamma = c(-7.41474978392978, 
    -7.41474978392978, -7.41474978392978, -7.41474978392978, 
    -7.41474978392978, -7.41474978392978, -7.41474978392978, 
    -7.41474978392978, -7.41474978392978, -7.41474978392978, 
    -7.41474978392978), SMBO.balanced.test.accuracy = c(0.502520372810228, 
    0.502520372810228, 0.502520372810228, 0.502520372810228, 
    0.502520372810228, 0.502520372810228, 0.502520372810228, 
    0.502520372810228, 0.502520372810228, 0.502520372810228, 
    0.502520372810228)), .Names = c("Sampling", "PSO.cost", "PSO.gamma", 
"PSO.data.balancing", "PSO.feature.selection", "PSO.valid.acc", 
"PSO.test.acc", "PSO.train.time", "PSO.n.support.vectors", "PSO.index", 
"PSO.n.solutions", "PSO.generations", "PSO.n.evaluations", "PSO.cpu.time", 
"RS.cost", "RS.gamma", "RS.data.balancing", "RS.feature.selection", 
"RS.valid.acc", "RS.test.acc", "RS.train.time", "RS.n.support.vectors", 
"RS.index", "RS.n.solutions", "RS.generations", "RS.n.evaluations", 
"RS.cpu.time", "DF.cost", "DF.gamma", "DF.data.balancing", "DF.feature.selection", 
"DF.valid.acc", "DF.test.acc", "DF.train.time", "DF.n.support.vectors", 
"DF.index", "DF.n.solutions", "DF.generations", "DF.n.evaluations", 
"DF.cpu.time", "SMBO.cost", "SMBO.gamma", "SMBO.balanced.test.accuracy"
), row.names = c(NA, -11L), class = "data.frame")
