full <-
structure(c(50, 55, 60, 65, 70, 75, 80, 85, 90, 95, 100, 0.21258, 
0.50703, 9.66814, 4.41547, 1, 1, 1, 1, 1, 3.61698, 1, -4.41005, 
-4.4412, -2.84836, -2.68836, 0.0303, 0.0303, 0.0303, 0.0303, 
0.0303, -13.08549, 0.0303, 0, 0, 0, 0, 0, 0, 0, 0, 0, 0, 0, 0, 
0, 0, 0, 0, 0, 0, 0, 0, 0, 0, 0.44746, 0.45235, 0.45351, 0.44853, 
0.47591, 0.4898, 0.4652, 0.45546, 0.43359, 0.45288, 0.44534, 
0.44746, 0.41878, 0.43323, 0.43901, 0.47591, 0.4898, 0.4652, 
0.4502, 0.43359, 0.45288, 0.44534, 0.0398, 0.0393, 0.0479, 0.0508, 
0.0468, 0.0493, 0.0523, 0.0609, 0.0609, 0.0605, 0.0686, 79.2, 
87.2, 95.2, 103.2, 111.1, 118.7, 126.8, 134.8, 143.1, 146.6, 
158.1, 331, 240, 55, 675, 1, 1, 1, 1, 1, 3, 1, 367, 238, 672, 
64, 1815, 1746, 1869, 2113, 1944, 1837, 1898, 100, 100, 100, 
100, 100, 100, 100, 100, 100, 100, 100, 2500, 2500, 2500, 2500, 
2500, 2500, 2500, 2500, 2500, 2500, 2500, 7257.139, 7276.027, 
7100.115, 7070.786, 7114.903, 7249.522, 7364.24000000001, 7286.624, 
7580.81199999999, 7651.90300000001, 7981.23699999999, 0.21106, 
0.49579, 14.61377, 14.41086, -0.99223, 3.78759, 4.41605, 13.36204, 
5.59137, -1.39496, 8.15584, -3.41244, -3.49087, -2.84901, -2.69213, 
-5.97559, -0.42004, -14.18076, 0.9501, 0.91831, -8.92348, -0.7358, 
0, 0, 0, 0, 0, 0, 0, 0, 0, 0, 0, 0, 0, 0, 0, 0, 0, 0, 0, 0, 0, 
0, 0.44746, 0.45235, 0.45351, 0.44853, 0.47591, 0.4898, 0.4652, 
0.45546, 0.43359, 0.45288, 0.44534, 0.43746, 0.45235, 0.43323, 
0.43901, 0.47591, 0.4898, 0.4652, 0.45546, 0.43359, 0.45288, 
0.44534, 0.041, 0.0431, 0.0471, 0.0523, 0.0435, 0.0658, 0.0486, 
0.079, 0.0858, 0.0599, 0.0964, 79.2, 87.2, 95.2, 103.2, 110.4, 
119.2, 122.4, 135.2, 143.2, 148.3, 158.4, 54, 885, 114, 388, 
1, 4, 1, 1, 1, 2, 2, 5, 6, 9, 6, 1191, 1319, 1279, 1275, 1212, 
1297, 1188, 100, 100, 100, 100, 100, 100, 100, 100, 100, 100, 
100, 2500, 2500, 2500, 2500, 2500, 2500, 2500, 2500, 2500, 2500, 
2500, 7288.028, 7159.568, 6923.556, 7034.136, 7086.65699999999, 
7219.749, 7346.43500000001, 7573.272, 7613.542, 7805.236, 7834.31599999999, 
1, 1, 1, 1, 1, 1, 1, 1, 1, 1, 1, 0.0303, 0.0303, 0.0303, 0.0303, 
0.0303, 0.0303, 0.0303, 0.0303, 0.0303, 0.0303, 0.0303, 0, 0, 
0, 0, 0, 0, 0, 0, 0, 0, 0, 0, 0, 0, 0, 0, 0, 0, 0, 0, 0, 0, 0.43746, 
0.44326, 0.44317, 0.44639, 0.47591, 0.4898, 0.4652, 0.45546, 
0.43359, 0.44663, 0.44534, 0.43746, 0.44326, 0.44317, 0.44639, 
0.47591, 0.4898, 0.4652, 0.4502, 0.43359, 0.44812, 0.44534, 0.0355, 
0.0392, 0.0395, 0.0445, 0.0463, 0.049, 0.0551, 0.0571, 0.06, 
0.065, 0.0694, 79.2, 87.2, 95.2, 103.2, 111.1, 118.7, 126.8, 
134.8, 143.1, 151.2, 158.1, 1, 1, 1, 1, 1, 1, 1, 1, 1, 1, 1, 
1, 1, 1, 1, 1, 1, 1, 1, 1, 1, 1, 1, 1, 1, 1, 1, 1, 1, 1, 1, 1, 
1, 1, 1, 1, 1, 1, 1, 1, 1, 1, 1, 1, 2.713, 2.818, 2.736, 2.811, 
2.776, 2.838, 2.997, 2.884, 2.871, 3.036, 3.102), .Dim = c(11L, 
40L), .Dimnames = list(NULL, c("Sampling", "PSO.cost", "PSO.gamma", 
"PSO.data.balancing", "PSO.feature.selection", "PSO.valid.acc", 
"PSO.test.acc", "PSO.train.time", "PSO.n.support.vectors", "PSO.index", 
"PSO.n.solutions", "PSO.generations", "PSO.n.evaluations", "PSO.cpu.time", 
"RS.cost", "RS.gamma", "RS.data.balancing", "RS.feature.selection", 
"RS.valid.acc", "RS.test.acc", "RS.train.time", "RS.n.support.vectors", 
"RS.index", "RS.n.solutions", "RS.generations", "RS.n.evaluations", 
"RS.cpu.time", "DF.cost", "DF.gamma", "DF.data.balancing", "DF.feature.selection", 
"DF.valid.acc", "DF.test.acc", "DF.train.time", "DF.n.support.vectors", 
"DF.index", "DF.n.solutions", "DF.generations", "DF.n.evaluations", 
"DF.cpu.time")))
