new.sol <-
structure(list(Sampling = c(50, 55, 60, 65, 70, 75, 80, 85, 90, 
95, 100), PSO.cost = c(1.1177, 1.79403, 3.24237, 1, 1, 6.15595, 
0.58675, 0.4721, 1, 0.47691, 0.52356), PSO.gamma = c(-6.78918, 
-2.37177, -2.63497, 0.0303, 0.0303, -11.07912, -3.78328, -4.15522, 
0.0303, -4.28327, -4.26342), PSO.data.balancing = c(0, 0, 0, 
0, 0, 0, 0, 0, 0, 0, 0), PSO.feature.selection = c(0, 0, 0, 0, 
0, 0, 0, 0, 0, 0, 0), PSO.valid.acc = c(0.39297, 0.41209, 0.4379, 
0.43695, 0.43822, 0.44376, 0.44083, 0.4475, 0.45246, 0.4561, 
0.44515), PSO.test.acc = c(0.37749, 0.41209, 0.42111, 0.43695, 
0.43822, 0.43199, 0.43985, 0.44162, 0.45246, 0.46136, 0.44039
), PSO.train.time = c(0.0329, 0.0396, 0.0457, 0.0394, 0.0464, 
0.0466, 0.0628, 0.0643, 0.0647, 0.0743, 0.0748), PSO.n.support.vectors = c(79.2, 
87.2, 95.2, 103.2, 110.9, 114.6, 127.1, 135.1, 142.8, 150.9, 
158.1), PSO.index = c(143, 152, 295, 1, 1, 949, 1032, 741, 1, 
1791, 720), PSO.n.solutions = c(60, 1043, 103, 1893, 1890, 30, 
57, 49, 1991, 18, 28), PSO.generations = c(100, 100, 100, 100, 
100, 100, 100, 100, 100, 100, 100), PSO.n.evaluations = c(2500, 
2500, 2500, 2500, 2500, 2500, 2500, 2500, 2500, 2500, 2500), 
    PSO.cpu.time = c(6856.896, 7022.835, 7062.948, 7044.369, 
    7304.317, 7484.132, 7739.23699999999, 7809.399, 7894.821, 
    8320.65599999999, 8211.57500000001), RS.cost = c(1.20082, 
    2.8916, 4.57426, 4.73331, 7.86413, 5.35673, 0.5961, 3.37879, 
    7.1759, 0.43959, 0.39096), RS.gamma = c(-6.96649, -2.4273, 
    -2.64216, -11.38153, 0.83345, -10.27962, -3.71545, -8.56208, 
    1.31022, -4.40878, -3.96846), RS.data.balancing = c(0, 0, 
    0, 0, 0, 0, 0, 0, 0, 0, 0), RS.feature.selection = c(0, 0, 
    0, 0, 0, 0, 0, 0, 0, 0, 0), RS.valid.acc = c(0.39297, 0.41209, 
    0.4379, 0.43695, 0.43822, 0.44376, 0.44083, 0.44688, 0.45246, 
    0.4561, 0.44515), RS.test.acc = c(0.37749, 0.41209, 0.42111, 
    0.43695, 0.43822, 0.43199, 0.4336, 0.44162, 0.45246, 0.4561, 
    0.44039), RS.train.time = c(0.0332, 0.042, 0.0462, 0.0388, 
    0.0578, 0.0468, 0.063, 0.0598, 0.0876, 0.0698, 0.0799), RS.n.support.vectors = c(79.2, 
    87.2, 95.2, 99.4, 111.2, 115.1, 127.1, 132.5, 143.2, 150.9, 
    158.3), RS.index = c(1836, 31, 1167, 4, 1, 513, 2142, 118, 
    1, 1055, 1530), RS.n.solutions = c(1, 27, 1, 1309, 1389, 
    1, 1, 10, 1220, 2, 2), RS.generations = c(100, 100, 100, 
    100, 100, 100, 100, 100, 100, 100, 100), RS.n.evaluations = c(2500, 
    2500, 2500, 2500, 2500, 2500, 2500, 2500, 2500, 2500, 2500
    ), RS.cpu.time = c(6794.545, 7063.424, 7130.951, 7148.452, 
    7344.547, 7517.935, 7706.444, 7788.375, 8052.345, 8192.37599999999, 
    8364.55500000002), DF.cost = c(1, 1, 1, 1, 1, 1, 1, 1, 1, 
    1, 1), DF.gamma = c(0.0303, 0.0303, 0.0303, 0.0303, 0.0303, 
    0.0303, 0.0303, 0.0303, 0.0303, 0.0303, 0.0303), DF.data.balancing = c(0, 
    0, 0, 0, 0, 0, 0, 0, 0, 0, 0), DF.feature.selection = c(0, 
    0, 0, 0, 0, 0, 0, 0, 0, 0, 0), DF.valid.acc = c(0.37749, 
    0.39105, 0.42873, 0.43695, 0.43822, 0.43787, 0.43985, 0.44162, 
    0.45246, 0.4511, 0.44039), DF.test.acc = c(0.37749, 0.40014, 
    0.42873, 0.43695, 0.43822, 0.43787, 0.43985, 0.44162, 0.45246, 
    0.4511, 0.44039), DF.train.time = c(0.0346, 0.0374, 0.0382, 
    0.0425, 0.0481, 0.0485, 0.0572, 0.0624, 0.0621, 0.068, 0.0707
    ), DF.n.support.vectors = c(79.2, 87.2, 95.2, 103.2, 110.9, 
    118.9, 127.1, 135.1, 142.8, 150.9, 157.8), DF.index = c(1, 
    1, 1, 1, 1, 1, 1, 1, 1, 1, 1), DF.n.solutions = c(1, 1, 1, 
    1, 1, 1, 1, 1, 1, 1, 1), DF.generations = c(1, 1, 1, 1, 1, 
    1, 1, 1, 1, 1, 1), DF.n.evaluations = c(1, 1, 1, 1, 1, 1, 
    1, 1, 1, 1, 1), DF.cpu.time = c(2.725, 2.809, 2.729, 2.902, 
    3.016, 2.87, 3.114, 3.216, 3.076, 3.205, 3.337), SMBO.cost = c(3.81947282517096, 
    3.81947282517096, 3.81947282517096, 3.81947282517096, 3.81947282517096, 
    3.81947282517096, 3.81947282517096, 3.81947282517096, 3.81947282517096, 
    3.81947282517096, 3.81947282517096), SMBO.gamma = c(-7.65583159678915, 
    -7.65583159678915, -7.65583159678915, -7.65583159678915, 
    -7.65583159678915, -7.65583159678915, -7.65583159678915, 
    -7.65583159678915, -7.65583159678915, -7.65583159678915, 
    -7.65583159678915), SMBO.balanced.test.accuracy = c(0.456060118089104, 
    0.456060118089104, 0.456060118089104, 0.456060118089104, 
    0.456060118089104, 0.456060118089104, 0.456060118089104, 
    0.456060118089104, 0.456060118089104, 0.456060118089104, 
    0.456060118089104)), .Names = c("Sampling", "PSO.cost", "PSO.gamma", 
"PSO.data.balancing", "PSO.feature.selection", "PSO.valid.acc", 
"PSO.test.acc", "PSO.train.time", "PSO.n.support.vectors", "PSO.index", 
"PSO.n.solutions", "PSO.generations", "PSO.n.evaluations", "PSO.cpu.time", 
"RS.cost", "RS.gamma", "RS.data.balancing", "RS.feature.selection", 
"RS.valid.acc", "RS.test.acc", "RS.train.time", "RS.n.support.vectors", 
"RS.index", "RS.n.solutions", "RS.generations", "RS.n.evaluations", 
"RS.cpu.time", "DF.cost", "DF.gamma", "DF.data.balancing", "DF.feature.selection", 
"DF.valid.acc", "DF.test.acc", "DF.train.time", "DF.n.support.vectors", 
"DF.index", "DF.n.solutions", "DF.generations", "DF.n.evaluations", 
"DF.cpu.time", "SMBO.cost", "SMBO.gamma", "SMBO.balanced.test.accuracy"
), row.names = c(NA, -11L), class = "data.frame")
