new.sol <-
structure(list(Sampling = c(50, 55, 60, 65, 70, 75, 80, 85, 90, 
95, 100), PSO.cost = c(5.27848, 0.09479, 15, -1.3905, 0.37948, 
1, 1, 1, 1, 0.77721, 4.57888), PSO.gamma = c(-9.67564, -3.54217, 
-2.50391, 0.5344, -3.64525, 0.0303, 0.0303, 0.0303, 0.0303, -3.60945, 
-9.5735), PSO.data.balancing = c(0, 0, 0, 0, 0, 0, 0, 0, 0, 0, 
0), PSO.feature.selection = c(0, 0, 0, 0, 0, 0, 0, 0, 0, 0, 0
), PSO.valid.acc = c(0.47917, 0.44045, 0.42046, 0.41471, 0.44271, 
0.45271, 0.45453, 0.46107, 0.44872, 0.44337, 0.44806), PSO.test.acc = c(0.41333, 
0.42248, 0.42046, 0.41471, 0.43327, 0.44683, 0.44828, 0.46107, 
0.44872, 0.43385, 0.44251), PSO.train.time = c(0.0353, 0.0456, 
0.048, 0.0522, 0.0577, 0.0499, 0.0534, 0.0598, 0.061, 0.0843, 
0.0711), PSO.n.support.vectors = c(78.1, 87.2, 95.2, 103.2, 111.1, 
118.7, 127, 135.1, 142.8, 151.2, 154.1), PSO.index = c(643, 2447, 
138, 2, 350, 1, 1, 1, 1, 1369, 244), PSO.n.solutions = c(229, 
1, 473, 1864, 61, 1818, 1888, 1933, 1943, 39, 124), PSO.generations = c(100, 
100, 100, 100, 100, 100, 100, 100, 100, 100, 100), PSO.n.evaluations = c(2500, 
2500, 2500, 2500, 2500, 2500, 2500, 2500, 2500, 2500, 2500), 
    PSO.cpu.time = c(7466.353, 7730.975, 7800.303, 7641.583, 
    7899.563, 7943.151, 8059.238, 8490.69, 8750.969, 8587.51800000001, 
    8474.399), RS.cost = c(5.17943, 2.47227, -0.10487, 5.1059, 
    10.57132, 0.71285, -1.47766, 7.07762, 5.10858, 14.08054, 
    6.21823), RS.gamma = c(-9.56541, 2.35047, -3.85812, -0.43827, 
    -0.71679, -2.81605, 2.77558, -1.24841, -0.54553, 1.57955, 
    -10.95216), RS.data.balancing = c(0, 0, 0, 0, 0, 0, 0, 0, 
    0, 0, 0), RS.feature.selection = c(0, 0, 0, 0, 0, 0, 0, 0, 
    0, 0, 0), RS.valid.acc = c(0.47917, 0.43017, 0.4276, 0.41471, 
    0.43929, 0.45349, 0.45453, 0.46107, 0.44872, 0.44258, 0.44806
    ), RS.test.acc = c(0.41333, 0.43017, 0.4276, 0.41471, 0.43929, 
    0.43325, 0.45453, 0.46107, 0.44872, 0.44258, 0.43724), RS.train.time = c(0.0383, 
    0.0492, 0.0478, 0.0545, 0.0593, 0.0605, 0.0674, 0.0788, 0.0878, 
    0.0969, 0.0685), RS.n.support.vectors = c(78.1, 87.2, 95.2, 
    103.2, 111.2, 119.2, 127.2, 135.2, 143.2, 151.2, 154.1), 
    RS.index = c(484, 2, 1696, 1, 2, 899, 2, 3, 1, 2, 556), RS.n.solutions = c(2, 
    1080, 1, 1138, 1152, 1, 1210, 1196, 1273, 1267, 3), RS.generations = c(100, 
    100, 100, 100, 100, 100, 100, 100, 100, 100, 100), RS.n.evaluations = c(2500, 
    2500, 2500, 2500, 2500, 2500, 2500, 2500, 2500, 2500, 2500
    ), RS.cpu.time = c(7412.277, 7628.81, 7959.622, 7616.63200000001, 
    7797.44499999999, 7925.575, 7968.92599999999, 8529.43900000001, 
    8730.57500000001, 8560.72100000002, 8704.50199999998), DF.cost = c(1, 
    1, 1, 1, 1, 1, 1, 1, 1, 1, 1), DF.gamma = c(0.0303, 0.0303, 
    0.0303, 0.0303, 0.0303, 0.0303, 0.0303, 0.0303, 0.0303, 0.0303, 
    0.0303), DF.data.balancing = c(0, 0, 0, 0, 0, 0, 0, 0, 0, 
    0, 0), DF.feature.selection = c(0, 0, 0, 0, 0, 0, 0, 0, 0, 
    0, 0), DF.valid.acc = c(0.41889, 0.41478, 0.39458, 0.41187, 
    0.4316, 0.45271, 0.45453, 0.46107, 0.44872, 0.44258, 0.44251
    ), DF.test.acc = c(0.41639, 0.39931, 0.42046, 0.39652, 0.44763, 
    0.44683, 0.44828, 0.46107, 0.44872, 0.44258, 0.44251), DF.train.time = c(0.0357, 
    0.0407, 0.0417, 0.0457, 0.0487, 0.0524, 0.0546, 0.0615, 0.0656, 
    0.0698, 0.0714), DF.n.support.vectors = c(79.2, 87.1, 94.9, 
    103.1, 111, 118.7, 127, 135.1, 142.8, 150.7, 157.9), DF.index = c(1, 
    1, 1, 1, 1, 1, 1, 1, 1, 1, 1), DF.n.solutions = c(1, 1, 1, 
    1, 1, 1, 1, 1, 1, 1, 1), DF.generations = c(1, 1, 1, 1, 1, 
    1, 1, 1, 1, 1, 1), DF.n.evaluations = c(1, 1, 1, 1, 1, 1, 
    1, 1, 1, 1, 1), DF.cpu.time = c(2.873, 3.061, 2.996, 3.114, 
    3.147, 3.213, 3.178, 3.344, 3.416, 3.393, 3.337), SMBO.cost = c(4.0368707228807, 
    4.0368707228807, 4.0368707228807, 4.0368707228807, 4.0368707228807, 
    4.0368707228807, 4.0368707228807, 4.0368707228807, 4.0368707228807, 
    4.0368707228807, 4.0368707228807), SMBO.gamma = c(-6.83190051981539, 
    -6.83190051981539, -6.83190051981539, -6.83190051981539, 
    -6.83190051981539, -6.83190051981539, -6.83190051981539, 
    -6.83190051981539, -6.83190051981539, -6.83190051981539, 
    -6.83190051981539), SMBO.balanced.test.accuracy = c(0.494004558659731, 
    0.494004558659731, 0.494004558659731, 0.494004558659731, 
    0.494004558659731, 0.494004558659731, 0.494004558659731, 
    0.494004558659731, 0.494004558659731, 0.494004558659731, 
    0.494004558659731)), .Names = c("Sampling", "PSO.cost", "PSO.gamma", 
"PSO.data.balancing", "PSO.feature.selection", "PSO.valid.acc", 
"PSO.test.acc", "PSO.train.time", "PSO.n.support.vectors", "PSO.index", 
"PSO.n.solutions", "PSO.generations", "PSO.n.evaluations", "PSO.cpu.time", 
"RS.cost", "RS.gamma", "RS.data.balancing", "RS.feature.selection", 
"RS.valid.acc", "RS.test.acc", "RS.train.time", "RS.n.support.vectors", 
"RS.index", "RS.n.solutions", "RS.generations", "RS.n.evaluations", 
"RS.cpu.time", "DF.cost", "DF.gamma", "DF.data.balancing", "DF.feature.selection", 
"DF.valid.acc", "DF.test.acc", "DF.train.time", "DF.n.support.vectors", 
"DF.index", "DF.n.solutions", "DF.generations", "DF.n.evaluations", 
"DF.cpu.time", "SMBO.cost", "SMBO.gamma", "SMBO.balanced.test.accuracy"
), row.names = c(NA, -11L), class = "data.frame")
