new.sol <-
structure(list(Sampling = c(50, 55, 60, 65, 70, 75, 80, 85, 90, 
95, 100), PSO.cost = c(1, 9.80801, 1, 1, 0.68501, 1, 1, 1.03227, 
1, 1, 0.51971), PSO.gamma = c(0.0303, -15, 0.0303, 0.0303, -4.40592, 
0.0303, 0.0303, -7.15643, 0.0303, 0.0303, -3.99494), PSO.data.balancing = c(0, 
0, 0, 0, 0, 0, 0, 0, 0, 0, 0), PSO.feature.selection = c(0, 0, 
0, 0, 0, 0, 0, 0, 0, 0, 0), PSO.valid.acc = c(0.43975, 0.44763, 
0.43228, 0.46368, 0.46011, 0.43983, 0.43856, 0.4247, 0.4336, 
0.43223, 0.45148), PSO.test.acc = c(0.43975, 0.42956, 0.43228, 
0.46368, 0.4368, 0.43983, 0.43856, 0.41882, 0.4336, 0.43223, 
0.45103), PSO.train.time = c(0.0373, 0.0403, 0.0411, 0.0437, 
0.0525, 0.0541, 0.0553, 0.0579, 0.0633, 0.0689, 0.0778), PSO.n.support.vectors = c(79.2, 
86.7, 95.2, 102.6, 111.2, 118.6, 126.9, 134.3, 143, 151, 158.2
), PSO.index = c(1, 1616, 1, 1, 468, 1, 1, 2, 1, 1, 28), PSO.n.solutions = c(1997, 
10, 1781, 2132, 38, 1897, 1805, 1815, 1562, 2019, 61), PSO.generations = c(100, 
100, 100, 100, 100, 100, 100, 100, 100, 100, 100), PSO.n.evaluations = c(2500, 
2500, 2500, 2500, 2500, 2500, 2500, 2500, 2500, 2500, 2500), 
    PSO.cpu.time = c(7045.986, 7272.8, 7433.117, 7387.462, 7664.986, 
    7849.677, 7874.86200000001, 7984.821, 8127.44, 8413.573, 
    8410.533), RS.cost = c(3.82499, 8.22351, 0.26951, -1.59539, 
    0.63344, 13.58391, 0.16842, 1.17995, -1.60733, 0.37038, 0.54298
    ), RS.gamma = c(-11.33851, -13.81445, -7.21417, -5.89965, 
    -4.37747, -0.16764, -12.72821, 1.79296, -9.78788, -3.63488, 
    -3.94494), RS.data.balancing = c(0, 0, 0, 0, 0, 0, 0, 0, 
    0, 0, 0), RS.feature.selection = c(0, 0, 0, 0, 0, 0, 0, 0, 
    0, 0, 0), RS.valid.acc = c(0.43975, 0.44304, 0.43228, 0.46368, 
    0.46011, 0.43983, 0.43856, 0.4247, 0.4336, 0.43699, 0.45148
    ), RS.test.acc = c(0.43975, 0.42187, 0.43228, 0.46368, 0.44514, 
    0.43983, 0.43856, 0.4247, 0.4336, 0.41949, 0.45103), RS.train.time = c(0.0364, 
    0.0379, 0.0413, 0.044, 0.0522, 0.0677, 0.0523, 0.0795, 0.0607, 
    0.0742, 0.082), RS.n.support.vectors = c(78.3, 86.7, 94.9, 
    102.2, 111.2, 119.2, 121.9, 135.2, 141.1, 151.2, 158.3), 
    RS.index = c(5, 32, 1, 3, 2232, 1, 2, 1, 1, 1815, 1746), 
    RS.n.solutions = c(1169, 11, 1158, 1146, 2, 1194, 1283, 1214, 
    1195, 1, 1), RS.generations = c(100, 100, 100, 100, 100, 
    100, 100, 100, 100, 100, 100), RS.n.evaluations = c(2500, 
    2500, 2500, 2500, 2500, 2500, 2500, 2500, 2500, 2500, 2500
    ), RS.cpu.time = c(7121.981, 7199.53, 7395.866, 7381.153, 
    7768.455, 7846.692, 7907.917, 8031.11599999999, 8244.75100000002, 
    8242.18799999999, 8416.73799999998), DF.cost = c(1, 1, 1, 
    1, 1, 1, 1, 1, 1, 1, 1), DF.gamma = c(0.0303, 0.0303, 0.0303, 
    0.0303, 0.0303, 0.0303, 0.0303, 0.0303, 0.0303, 0.0303, 0.0303
    ), DF.data.balancing = c(0, 0, 0, 0, 0, 0, 0, 0, 0, 0, 0), 
    DF.feature.selection = c(0, 0, 0, 0, 0, 0, 0, 0, 0, 0, 0), 
    DF.valid.acc = c(0.43975, 0.4402, 0.43228, 0.46368, 0.45935, 
    0.43983, 0.43856, 0.41915, 0.4336, 0.43223, 0.44648), DF.test.acc = c(0.43975, 
    0.43187, 0.43228, 0.46368, 0.45935, 0.43983, 0.43856, 0.41882, 
    0.4336, 0.43223, 0.44648), DF.train.time = c(0.0381, 0.0392, 
    0.0414, 0.0471, 0.0498, 0.054, 0.0574, 0.0594, 0.0616, 0.0688, 
    0.0744), DF.n.support.vectors = c(79.2, 87.2, 95.2, 102.6, 
    110.9, 118.6, 126.9, 135, 143, 151, 157.6), DF.index = c(1, 
    1, 1, 1, 1, 1, 1, 1, 1, 1, 1), DF.n.solutions = c(1, 1, 1, 
    1, 1, 1, 1, 1, 1, 1, 1), DF.generations = c(1, 1, 1, 1, 1, 
    1, 1, 1, 1, 1, 1), DF.n.evaluations = c(1, 1, 1, 1, 1, 1, 
    1, 1, 1, 1, 1), DF.cpu.time = c(2.862, 2.769, 2.799, 3.019, 
    3.096, 3.089, 3.115, 3.163, 3.204, 3.202, 3.286), SMBO.cost = c(2.84019079860794, 
    2.84019079860794, 2.84019079860794, 2.84019079860794, 2.84019079860794, 
    2.84019079860794, 2.84019079860794, 2.84019079860794, 2.84019079860794, 
    2.84019079860794, 2.84019079860794), SMBO.gamma = c(-5.05399477294937, 
    -5.05399477294937, -5.05399477294937, -5.05399477294937, 
    -5.05399477294937, -5.05399477294937, -5.05399477294937, 
    -5.05399477294937, -5.05399477294937, -5.05399477294937, 
    -5.05399477294937), SMBO.balanced.test.accuracy = c(0.490697450697451, 
    0.490697450697451, 0.490697450697451, 0.490697450697451, 
    0.490697450697451, 0.490697450697451, 0.490697450697451, 
    0.490697450697451, 0.490697450697451, 0.490697450697451, 
    0.490697450697451)), .Names = c("Sampling", "PSO.cost", "PSO.gamma", 
"PSO.data.balancing", "PSO.feature.selection", "PSO.valid.acc", 
"PSO.test.acc", "PSO.train.time", "PSO.n.support.vectors", "PSO.index", 
"PSO.n.solutions", "PSO.generations", "PSO.n.evaluations", "PSO.cpu.time", 
"RS.cost", "RS.gamma", "RS.data.balancing", "RS.feature.selection", 
"RS.valid.acc", "RS.test.acc", "RS.train.time", "RS.n.support.vectors", 
"RS.index", "RS.n.solutions", "RS.generations", "RS.n.evaluations", 
"RS.cpu.time", "DF.cost", "DF.gamma", "DF.data.balancing", "DF.feature.selection", 
"DF.valid.acc", "DF.test.acc", "DF.train.time", "DF.n.support.vectors", 
"DF.index", "DF.n.solutions", "DF.generations", "DF.n.evaluations", 
"DF.cpu.time", "SMBO.cost", "SMBO.gamma", "SMBO.balanced.test.accuracy"
), row.names = c(NA, -11L), class = "data.frame")
