new.sol <-
structure(list(Sampling = c(50, 55, 60, 65, 70, 75, 80, 85, 90, 
95, 100), PSO.cost = c(1, 13.66855, 1, 3.94924, 7.07811, 4.96534, 
4.20507, 1, 1, 1, 4.63), PSO.gamma = c(0.0303, -2.21359, 0.0303, 
-3.07832, -2.97808, -2.75434, -2.71851, 0.0303, 0.0303, 0.0303, 
-13.53807), PSO.data.balancing = c(0, 0, 0, 0, 0, 0, 0, 0, 0, 
0, 0), PSO.feature.selection = c(0, 0, 0, 0, 0, 0, 0, 0, 0, 0, 
0), PSO.valid.acc = c(0.44133, 0.44617, 0.4367, 0.45535, 0.44078, 
0.44571, 0.45426, 0.43718, 0.42963, 0.43354, 0.44242), PSO.test.acc = c(0.44133, 
0.44617, 0.4367, 0.42523, 0.41159, 0.4453, 0.43541, 0.43718, 
0.42963, 0.43354, 0.44242), PSO.train.time = c(0.0395, 0.0468, 
0.045, 0.0537, 0.0574, 0.0604, 0.0689, 0.0607, 0.0653, 0.0629, 
0.0641), PSO.n.support.vectors = c(78.8, 87.2, 94.7, 103.2, 111.2, 
119.2, 127.2, 135, 143.1, 151.1, 154.2), PSO.index = c(1, 14, 
1, 252, 26, 57, 360, 1, 1, 1, 2), PSO.n.solutions = c(1949, 1291, 
1991, 447, 729, 1218, 349, 1711, 2043, 1955, 1804), PSO.generations = c(100, 
100, 100, 100, 100, 100, 100, 100, 100, 100, 100), PSO.n.evaluations = c(2500, 
2500, 2500, 2500, 2500, 2500, 2500, 2500, 2500, 2500, 2500), 
    PSO.cpu.time = c(7384.555, 7338.207, 7520.423, 7638.55, 7751.64599999999, 
    7892.31200000001, 8331.03, 8379.905, 8531.62800000001, 7624.45999999999, 
    7595.283), RS.cost = c(-1.15142, 1.33711, 13.24287, 6.30448, 
    2.21326, 0.72891, 3.66891, -0.3536, -0.24228, 10.49555, 0.43896
    ), RS.gamma = c(-14.93991, -4.20279, 1.09845, -3.0814, -3.06525, 
    -3.22474, -2.64695, -6.61215, -7.399, 1.40624, 2.37136), 
    RS.data.balancing = c(0, 0, 0, 0, 0, 0, 0, 0, 0, 0, 0), RS.feature.selection = c(0, 
    0, 0, 0, 0, 0, 0, 0, 0, 0, 0), RS.valid.acc = c(0.44133, 
    0.45367, 0.4367, 0.45535, 0.44078, 0.45286, 0.45426, 0.43718, 
    0.42963, 0.43354, 0.44242), RS.test.acc = c(0.44133, 0.42422, 
    0.4367, 0.42523, 0.41159, 0.43815, 0.43541, 0.43718, 0.42963, 
    0.43354, 0.44242), RS.train.time = c(0.0369, 0.0468, 0.0534, 
    0.052, 0.0562, 0.0608, 0.0655, 0.0605, 0.0626, 0.0923, 0.0961
    ), RS.n.support.vectors = c(64.3, 87.1, 95.2, 103.2, 111.2, 
    119.2, 127.2, 134.1, 141.8, 151.2, 158.4), RS.index = c(1, 
    217, 1, 578, 125, 46, 42, 1, 3, 1, 2), RS.n.solutions = c(1363, 
    1, 1248, 6, 15, 1, 13, 1149, 1244, 1269, 1295), RS.generations = c(100, 
    100, 100, 100, 100, 100, 100, 100, 100, 100, 100), RS.n.evaluations = c(2500, 
    2500, 2500, 2500, 2500, 2500, 2500, 2500, 2500, 2500, 2500
    ), RS.cpu.time = c(7537.635, 7489.178, 7430.19300000001, 
    7624.199, 7679.81, 7875.194, 8185.183, 8341.19100000001, 
    7995.73500000002, 7471.59, 7617.99399999998), DF.cost = c(1, 
    1, 1, 1, 1, 1, 1, 1, 1, 1, 1), DF.gamma = c(0.0303, 0.0303, 
    0.0303, 0.0303, 0.0303, 0.0303, 0.0303, 0.0303, 0.0303, 0.0303, 
    0.0303), DF.data.balancing = c(0, 0, 0, 0, 0, 0, 0, 0, 0, 
    0, 0), DF.feature.selection = c(0, 0, 0, 0, 0, 0, 0, 0, 0, 
    0, 0), DF.valid.acc = c(0.44133, 0.43708, 0.4367, 0.43857, 
    0.42031, 0.43713, 0.44871, 0.43718, 0.42963, 0.43354, 0.43653
    ), DF.test.acc = c(0.44133, 0.43708, 0.4367, 0.43857, 0.42698, 
    0.43713, 0.44871, 0.43718, 0.42963, 0.43354, 0.44242), DF.train.time = c(0.0377, 
    0.041, 0.0425, 0.0449, 0.051, 0.0546, 0.0556, 0.0611, 0.0583, 
    0.0663, 0.0675), DF.n.support.vectors = c(78.8, 86.9, 94.7, 
    102.9, 111, 119.2, 127.2, 135, 143.1, 151.1, 157.9), DF.index = c(1, 
    1, 1, 1, 1, 1, 1, 1, 1, 1, 1), DF.n.solutions = c(1, 1, 1, 
    1, 1, 1, 1, 1, 1, 1, 1), DF.generations = c(1, 1, 1, 1, 1, 
    1, 1, 1, 1, 1, 1), DF.n.evaluations = c(1, 1, 1, 1, 1, 1, 
    1, 1, 1, 1, 1), DF.cpu.time = c(2.871, 2.856, 2.809, 2.883, 
    3.16, 3.126, 3.046, 3.229, 2.809, 2.991, 2.913), SMBO.cost = c(12.3976292577316, 
    12.3976292577316, 12.3976292577316, 12.3976292577316, 12.3976292577316, 
    12.3976292577316, 12.3976292577316, 12.3976292577316, 12.3976292577316, 
    12.3976292577316, 12.3976292577316), SMBO.gamma = c(-14.8490164901939, 
    -14.8490164901939, -14.8490164901939, -14.8490164901939, 
    -14.8490164901939, -14.8490164901939, -14.8490164901939, 
    -14.8490164901939, -14.8490164901939, -14.8490164901939, 
    -14.8490164901939), SMBO.balanced.test.accuracy = c(0.459605782112176, 
    0.459605782112176, 0.459605782112176, 0.459605782112176, 
    0.459605782112176, 0.459605782112176, 0.459605782112176, 
    0.459605782112176, 0.459605782112176, 0.459605782112176, 
    0.459605782112176)), .Names = c("Sampling", "PSO.cost", "PSO.gamma", 
"PSO.data.balancing", "PSO.feature.selection", "PSO.valid.acc", 
"PSO.test.acc", "PSO.train.time", "PSO.n.support.vectors", "PSO.index", 
"PSO.n.solutions", "PSO.generations", "PSO.n.evaluations", "PSO.cpu.time", 
"RS.cost", "RS.gamma", "RS.data.balancing", "RS.feature.selection", 
"RS.valid.acc", "RS.test.acc", "RS.train.time", "RS.n.support.vectors", 
"RS.index", "RS.n.solutions", "RS.generations", "RS.n.evaluations", 
"RS.cpu.time", "DF.cost", "DF.gamma", "DF.data.balancing", "DF.feature.selection", 
"DF.valid.acc", "DF.test.acc", "DF.train.time", "DF.n.support.vectors", 
"DF.index", "DF.n.solutions", "DF.generations", "DF.n.evaluations", 
"DF.cpu.time", "SMBO.cost", "SMBO.gamma", "SMBO.balanced.test.accuracy"
), row.names = c(NA, -11L), class = "data.frame")
