full <-
structure(c(50, 55, 60, 65, 70, 75, 80, 85, 90, 95, 100, 0.94855, 
1, 1, 0.59911, 1.67739, 7.17185, 2.8195, 1.33048, 0.54325, 1, 
1, -3.00703, 0.0303, 0.0303, -4.26518, -6.38805, -3.50837, -8.76512, 
-4.61889, -3.76906, 0.0303, 0.0303, 0, 0, 0, 0, 0, 0, 0, 0, 0, 
0, 0, 0, 0, 0, 0, 0, 0, 0, 0, 0, 0, 0, 0.46728, 0.44485, 0.46132, 
0.45676, 0.46214, 0.47709, 0.47648, 0.46051, 0.46613, 0.45689, 
0.44626, 0.45681, 0.44485, 0.46132, 0.41652, 0.44472, 0.46306, 
0.46814, 0.43589, 0.44637, 0.45689, 0.44626, 0.0352, 0.0383, 
0.041, 0.046, 0.0469, 0.0541, 0.0497, 0.0584, 0.0688, 0.0635, 
0.0707, 79.2, 87.1, 95.1, 103.1, 109.9, 119.2, 124.2, 135.1, 
142.8, 150.7, 158.1, 124, 1, 1, 649, 658, 144, 225, 158, 530, 
1, 1, 70, 2003, 1851, 65, 66, 1003, 76, 58, 64, 1869, 1903, 100, 
100, 100, 100, 100, 100, 100, 100, 100, 100, 100, 2500, 2500, 
2500, 2500, 2500, 2500, 2500, 2500, 2500, 2500, 2500, 8111.34, 
7365.776, 7182.597, 7511.692, 7671.54700000001, 7446.943, 6968.984, 
7316.96900000001, 7676.787, 7901.93699999998, 8502.16399999999, 
6.28728, -0.99304, -0.01337, 1.00379, 1.07745, 14.10524, 3.54401, 
9.13345, 0.5348, 8.0523, 4.48147, 1.8718, -6.25331, -9.87816, 
-5.16905, -5.85086, -3.48557, -9.46827, -0.10863, -4.32466, 0.47113, 
2.7027, 0, 0, 0, 0, 0, 0, 0, 0, 0, 0, 0, 0, 0, 0, 0, 0, 0, 0, 
0, 0, 0, 0, 0.46273, 0.44485, 0.46132, 0.44906, 0.46214, 0.47709, 
0.47648, 0.45925, 0.45899, 0.45689, 0.44626, 0.46273, 0.44485, 
0.46132, 0.43331, 0.44638, 0.46306, 0.46814, 0.45925, 0.4503, 
0.45689, 0.44626, 0.0409, 0.0362, 0.0398, 0.0441, 0.0461, 0.0567, 
0.0466, 0.0761, 0.0643, 0.0955, 0.1007, 79.2, 86.5, 92.5, 102.8, 
110.1, 119.2, 123.7, 135.2, 142.8, 151.2, 158.4, 1, 1, 1, 164, 
640, 2144, 82, 1, 62, 4, 1, 1376, 1329, 1302, 3, 2, 2, 23, 1240, 
2, 1282, 1272, 100, 100, 100, 100, 100, 100, 100, 100, 100, 100, 
100, 2500, 2500, 2500, 2500, 2500, 2500, 2500, 2500, 2500, 2500, 
2500, 7356.614, 7252.706, 7637.867, 7418.81, 7717.29400000001, 
7323.336, 7126.65700000001, 7361.141, 7562.95499999999, 8212.13, 
8751.826, 1, 1, 1, 1, 1, 1, 1, 1, 1, 1, 1, 0.0303, 0.0303, 0.0303, 
0.0303, 0.0303, 0.0303, 0.0303, 0.0303, 0.0303, 0.0303, 0.0303, 
0, 0, 0, 0, 0, 0, 0, 0, 0, 0, 0, 0, 0, 0, 0, 0, 0, 0, 0, 0, 0, 
0, 0.46273, 0.44485, 0.46132, 0.43997, 0.44852, 0.45324, 0.46314, 
0.45925, 0.45837, 0.45689, 0.44626, 0.46273, 0.44485, 0.46132, 
0.43997, 0.44852, 0.45324, 0.46814, 0.45925, 0.45837, 0.45689, 
0.44626, 0.0346, 0.036, 0.0424, 0.0436, 0.045, 0.0481, 0.0527, 
0.0581, 0.0613, 0.0677, 0.0736, 79.2, 87.1, 95.1, 102.8, 110.5, 
118.7, 126.9, 135, 142.6, 150.7, 158.1, 1, 1, 1, 1, 1, 1, 1, 
1, 1, 1, 1, 1, 1, 1, 1, 1, 1, 1, 1, 1, 1, 1, 1, 1, 1, 1, 1, 1, 
1, 1, 1, 1, 1, 1, 1, 1, 1, 1, 1, 1, 1, 1, 1, 1, 2.964, 2.741, 
3.077, 2.863, 2.844, 2.75, 2.847, 3.032, 2.985, 3.261, 3.456), .Dim = c(11L, 
40L), .Dimnames = list(NULL, c("Sampling", "PSO.cost", "PSO.gamma", 
"PSO.data.balancing", "PSO.feature.selection", "PSO.valid.acc", 
"PSO.test.acc", "PSO.train.time", "PSO.n.support.vectors", "PSO.index", 
"PSO.n.solutions", "PSO.generations", "PSO.n.evaluations", "PSO.cpu.time", 
"RS.cost", "RS.gamma", "RS.data.balancing", "RS.feature.selection", 
"RS.valid.acc", "RS.test.acc", "RS.train.time", "RS.n.support.vectors", 
"RS.index", "RS.n.solutions", "RS.generations", "RS.n.evaluations", 
"RS.cpu.time", "DF.cost", "DF.gamma", "DF.data.balancing", "DF.feature.selection", 
"DF.valid.acc", "DF.test.acc", "DF.train.time", "DF.n.support.vectors", 
"DF.index", "DF.n.solutions", "DF.generations", "DF.n.evaluations", 
"DF.cpu.time")))
