full <-
structure(c(50, 55, 60, 65, 70, 75, 80, 85, 90, 95, 100, 1, 1, 
3.84644, 0.39811, 1, 1, 2.85693, 7.54817, 1, 1, 0.62536, 0.0303, 
0.0303, -2.27338, -2.87149, 0.0303, 0.0303, -2.06192, -11.22122, 
0.0303, 0.0303, -3.55688, 0, 0, 0, 0, 0, 0, 0, 0, 0, 0, 0, 0, 
0, 0, 0, 0, 0, 0, 0, 0, 0, 0, 0.44717, 0.43571, 0.43805, 0.45934, 
0.45314, 0.45596, 0.46458, 0.44116, 0.42795, 0.42676, 0.44691, 
0.44717, 0.43571, 0.42971, 0.44631, 0.45314, 0.45596, 0.45833, 
0.42361, 0.42795, 0.42676, 0.43135, 0.0379, 0.0407, 0.0497, 0.0533, 
0.0468, 0.0506, 0.0699, 0.0596, 0.0621, 0.063, 0.0838, 78.9, 
86.8, 95.2, 103.2, 110.9, 119.1, 127.2, 132.5, 143, 151.1, 158.3, 
1, 1, 782, 513, 1, 1, 133, 955, 1, 1, 395, 2141, 1964, 101, 155, 
2110, 1918, 335, 42, 1908, 1888, 56, 100, 100, 100, 100, 100, 
100, 100, 100, 100, 100, 100, 2500, 2500, 2500, 2500, 2500, 2500, 
2500, 2500, 2500, 2500, 2500, 7372.414, 7566.191, 7590.41, 7609.729, 
7582.391, 7639.731, 7905.323, 7910.564, 8002.82299999999, 8029.33199999999, 
8407.94100000002, 1.92121, 1.72154, 4.36277, 0.52263, 9.2342, 
12.97505, 11.62908, 10.11794, 3.45081, 3.56023, 0.67201, 1.43618, 
-14.5005, -2.25788, -2.3373, 2.79822, -1.00789, -2.01886, -13.85285, 
-13.60164, -11.49906, -3.50298, 0, 0, 0, 0, 0, 0, 0, 0, 0, 0, 
0, 0, 0, 0, 0, 0, 0, 0, 0, 0, 0, 0, 0.44717, 0.43571, 0.43805, 
0.45934, 0.45314, 0.45596, 0.46458, 0.43616, 0.42795, 0.42676, 
0.44191, 0.44717, 0.43571, 0.42971, 0.44234, 0.45314, 0.45596, 
0.45833, 0.42361, 0.42795, 0.42676, 0.43135, 0.0429, 0.0374, 
0.0497, 0.0537, 0.0585, 0.0643, 0.0675, 0.0599, 0.0571, 0.062, 
0.0834, 79.2, 83, 95.2, 103.2, 111.2, 119.2, 127.2, 132.3, 138, 
147.7, 158.3, 2, 1, 201, 182, 1, 2, 112, 1187, 3, 1, 1139, 1338, 
1378, 4, 1, 1408, 1347, 11, 3, 1239, 1302, 1, 100, 100, 100, 
100, 100, 100, 100, 100, 100, 100, 100, 2500, 2500, 2500, 2500, 
2500, 2500, 2500, 2500, 2500, 2500, 2500, 7360.505, 7476.133, 
7523.447, 7578.733, 7577.637, 7655.87999999999, 7806.60699999999, 
7872.18000000001, 7865.56300000001, 8087.76699999999, 8281.40299999999, 
1, 1, 1, 1, 1, 1, 1, 1, 1, 1, 1, 0.0303, 0.0303, 0.0303, 0.0303, 
0.0303, 0.0303, 0.0303, 0.0303, 0.0303, 0.0303, 0.0303, 0, 0, 
0, 0, 0, 0, 0, 0, 0, 0, 0, 0, 0, 0, 0, 0, 0, 0, 0, 0, 0, 0, 0.44717, 
0.43571, 0.43035, 0.45345, 0.45314, 0.45596, 0.45833, 0.4295, 
0.42795, 0.42676, 0.44135, 0.44717, 0.43571, 0.43035, 0.45345, 
0.45314, 0.45596, 0.45833, 0.43575, 0.42795, 0.42676, 0.44135, 
0.0374, 0.0403, 0.0431, 0.0432, 0.0478, 0.0507, 0.0533, 0.0574, 
0.06, 0.0654, 0.0703, 78.9, 86.8, 95, 102.7, 110.9, 119.1, 127.2, 
135, 143, 151.1, 157.9, 1, 1, 1, 1, 1, 1, 1, 1, 1, 1, 1, 1, 1, 
1, 1, 1, 1, 1, 1, 1, 1, 1, 1, 1, 1, 1, 1, 1, 1, 1, 1, 1, 1, 1, 
1, 1, 1, 1, 1, 1, 1, 1, 1, 1, 3.041, 3.021, 2.95, 2.881, 2.971, 
2.967, 3.024, 2.99, 2.976, 3.101, 3.217), .Dim = c(11L, 40L), .Dimnames = list(
    NULL, c("Sampling", "PSO.cost", "PSO.gamma", "PSO.data.balancing", 
    "PSO.feature.selection", "PSO.valid.acc", "PSO.test.acc", 
    "PSO.train.time", "PSO.n.support.vectors", "PSO.index", "PSO.n.solutions", 
    "PSO.generations", "PSO.n.evaluations", "PSO.cpu.time", "RS.cost", 
    "RS.gamma", "RS.data.balancing", "RS.feature.selection", 
    "RS.valid.acc", "RS.test.acc", "RS.train.time", "RS.n.support.vectors", 
    "RS.index", "RS.n.solutions", "RS.generations", "RS.n.evaluations", 
    "RS.cpu.time", "DF.cost", "DF.gamma", "DF.data.balancing", 
    "DF.feature.selection", "DF.valid.acc", "DF.test.acc", "DF.train.time", 
    "DF.n.support.vectors", "DF.index", "DF.n.solutions", "DF.generations", 
    "DF.n.evaluations", "DF.cpu.time")))
