full <-
structure(c(50, 55, 60, 65, 70, 75, 80, 85, 90, 95, 100, 9.67481, 
10.9896, 0.75806, 1, 1, 3.20292, 0.61092, 3.14196, 1.57883, 1, 
0.4446, -2.86467, -2.57046, -3.04942, 0.0303, 0.0303, -2.48791, 
-3.75064, -2.76763, -6.7157, 0.0303, -4.19619, 0, 0, 0, 0, 0, 
0, 0, 0, 0, 0, 0, 0, 0, 0, 0, 0, 0, 0, 0, 0, 0, 0, 0.45439, 0.4301, 
0.44183, 0.42765, 0.43181, 0.4319, 0.44299, 0.43645, 0.43125, 
0.43505, 0.44935, 0.43761, 0.4051, 0.41033, 0.42098, 0.43181, 
0.43087, 0.43086, 0.41844, 0.42043, 0.43505, 0.44379, 0.0407, 
0.0463, 0.0529, 0.0484, 0.0493, 0.066, 0.0649, 0.0737, 0.0657, 
0.0705, 0.083, 79.2, 87.2, 95.2, 103.1, 111.1, 119.2, 127.2, 
135.2, 142, 150.8, 158.3, 540, 13, 925, 1, 1, 36, 1813, 557, 
257, 1, 115, 811, 1049, 38, 2000, 1840, 833, 9, 547, 104, 1886, 
61, 100, 100, 100, 100, 100, 100, 100, 100, 100, 100, 100, 2500, 
2500, 2500, 2500, 2500, 2500, 2500, 2500, 2500, 2500, 2500, 8470.798, 
8494.94, 8587.302, 8574.25199999999, 8864.667, 9105.80699999999, 
8621.13499999999, 9259.719, 9153.147, 9238.304, 9645.79799999998, 
8.25574, 1.53257, 0.75991, 12.89289, 6.71501, 10.60622, 0.79314, 
10.49282, 3.68936, 10.78547, 0.52907, -2.84765, -2.31734, -3.04014, 
0.08555, -0.43899, -2.51993, -3.36092, -2.74894, -9.05166, 2.69604, 
-4.3464, 0, 0, 0, 0, 0, 0, 0, 0, 0, 0, 0, 0, 0, 0, 0, 0, 0, 0, 
0, 0, 0, 0, 0.45439, 0.4301, 0.44183, 0.42765, 0.43181, 0.4319, 
0.43852, 0.43645, 0.42599, 0.43505, 0.44935, 0.43761, 0.4176, 
0.41033, 0.42765, 0.43181, 0.4242, 0.44378, 0.41844, 0.41589, 
0.43505, 0.44379, 0.0431, 0.0435, 0.0489, 0.0569, 0.0641, 0.0683, 
0.0668, 0.0739, 0.0633, 0.0938, 0.0786, 79.2, 87.2, 95.2, 103.2, 
111.2, 119.2, 127.2, 135.2, 140.4, 151.2, 158.3, 1032, 36, 2104, 
1, 1, 36, 2341, 252, 1465, 1, 375, 7, 79, 1, 1266, 1262, 19, 
1, 4, 1, 1228, 1, 100, 100, 100, 100, 100, 100, 100, 100, 100, 
100, 100, 2500, 2500, 2500, 2500, 2500, 2500, 2500, 2500, 2500, 
2500, 2500, 8529.317, 8443.187, 8496.285, 8690.712, 8657.872, 
9067.31, 8737.09, 9107.61600000001, 9280.98699999999, 9530.68299999999, 
9421.89800000002, 1, 1, 1, 1, 1, 1, 1, 1, 1, 1, 1, 0.0303, 0.0303, 
0.0303, 0.0303, 0.0303, 0.0303, 0.0303, 0.0303, 0.0303, 0.0303, 
0.0303, 0, 0, 0, 0, 0, 0, 0, 0, 0, 0, 0, 0, 0, 0, 0, 0, 0, 0, 
0, 0, 0, 0, 0.4253, 0.40927, 0.41866, 0.42765, 0.43181, 0.42475, 
0.42997, 0.42811, 0.42569, 0.43505, 0.44459, 0.4253, 0.4176, 
0.41866, 0.42098, 0.43181, 0.43142, 0.42997, 0.42811, 0.42569, 
0.43505, 0.44459, 0.0391, 0.0425, 0.0445, 0.0502, 0.0513, 0.0553, 
0.0589, 0.063, 0.0644, 0.0703, 0.0773, 79.2, 86.7, 95, 103.1, 
111.1, 119.1, 127.2, 135.2, 142.9, 150.8, 158.1, 1, 1, 1, 1, 
1, 1, 1, 1, 1, 1, 1, 1, 1, 1, 1, 1, 1, 1, 1, 1, 1, 1, 1, 1, 1, 
1, 1, 1, 1, 1, 1, 1, 1, 1, 1, 1, 1, 1, 1, 1, 1, 1, 1, 1, 3.472, 
3.608, 3.413, 3.477, 3.531, 3.427, 3.453, 3.563, 3.662, 3.607, 
3.605), .Dim = c(11L, 40L), .Dimnames = list(NULL, c("Sampling", 
"PSO.cost", "PSO.gamma", "PSO.data.balancing", "PSO.feature.selection", 
"PSO.valid.acc", "PSO.test.acc", "PSO.train.time", "PSO.n.support.vectors", 
"PSO.index", "PSO.n.solutions", "PSO.generations", "PSO.n.evaluations", 
"PSO.cpu.time", "RS.cost", "RS.gamma", "RS.data.balancing", "RS.feature.selection", 
"RS.valid.acc", "RS.test.acc", "RS.train.time", "RS.n.support.vectors", 
"RS.index", "RS.n.solutions", "RS.generations", "RS.n.evaluations", 
"RS.cpu.time", "DF.cost", "DF.gamma", "DF.data.balancing", "DF.feature.selection", 
"DF.valid.acc", "DF.test.acc", "DF.train.time", "DF.n.support.vectors", 
"DF.index", "DF.n.solutions", "DF.generations", "DF.n.evaluations", 
"DF.cpu.time")))
