new.sol <-
structure(list(Sampling = c(50, 55, 60, 65, 70, 75, 80, 85, 90, 
95, 100), PSO.cost = c(1, 1, 1, 1, 1, 2.84037, 1, 1, 1, 1, 0.38098
), PSO.gamma = c(0.0303, 0.0303, 0.0303, 0.0303, 0.0303, -7.58957, 
0.0303, 0.0303, 0.0303, 0.0303, -3.83928), PSO.data.balancing = c(0, 
0, 0, 0, 0, 0, 0, 0, 0, 0, 0), PSO.feature.selection = c(0, 0, 
0, 0, 0, 0, 0, 0, 0, 0, 0), PSO.valid.acc = c(0.44025, 0.4433, 
0.45122, 0.4469, 0.45901, 0.46349, 0.45328, 0.45128, 0.45175, 
0.45108, 0.44748), PSO.test.acc = c(0.44025, 0.4433, 0.45122, 
0.4469, 0.45901, 0.44726, 0.45328, 0.45128, 0.44648, 0.45108, 
0.44748), PSO.train.time = c(0.038, 0.041, 0.0399, 0.047, 0.0472, 
0.0495, 0.0552, 0.0604, 0.0635, 0.0684, 0.0839), PSO.n.support.vectors = c(79.2, 
87, 95.2, 102.8, 111, 116.9, 127.1, 134.9, 142.6, 150.9, 158.4
), PSO.index = c(1, 1, 1, 1, 1, 439, 1, 1, 1, 1, 275), PSO.n.solutions = c(2011, 
2133, 1792, 1966, 1938, 146, 1792, 1781, 1848, 1810, 538), PSO.generations = c(100, 
100, 100, 100, 100, 100, 100, 100, 100, 100, 100), PSO.n.evaluations = c(2500, 
2500, 2500, 2500, 2500, 2500, 2500, 2500, 2500, 2500, 2500), 
    PSO.cpu.time = c(7486.144, 7604.896, 7672.047, 7734.063, 
    7885.99299999999, 7854.36, 8015.689, 8430.984, 8442.74000000001, 
    8395.47099999999, 8737.489), RS.cost = c(-1.85275, 5.75045, 
    10.45849, 0.26725, 1.15156, 4.57267, 14.46664, 6.08132, -0.89163, 
    0.79144, 0.12556), RS.gamma = c(0.78009, -1.38826, 2.83616, 
    2.76102, -9.93546, -9.36774, 2.75262, -0.26889, -2.1061, 
    -0.15867, -3.82457), RS.data.balancing = c(0, 0, 0, 0, 0, 
    0, 0, 0, 0, 0, 0), RS.feature.selection = c(0, 0, 0, 0, 0, 
    0, 0, 0, 0, 0, 0), RS.valid.acc = c(0.44025, 0.4433, 0.45122, 
    0.4469, 0.45901, 0.46349, 0.45328, 0.45128, 0.45175, 0.45108, 
    0.44748), RS.test.acc = c(0.44025, 0.4433, 0.45122, 0.4469, 
    0.45901, 0.44726, 0.45328, 0.45128, 0.45175, 0.45108, 0.44193
    ), RS.train.time = c(0.041, 0.0459, 0.0464, 0.0523, 0.0444, 
    0.0536, 0.0699, 0.0802, 0.0795, 0.0929, 0.0815), RS.n.support.vectors = c(79.2, 
    87.2, 95.2, 103.2, 108.2, 116.5, 127.2, 135.2, 143.2, 151.2, 
    158.4), RS.index = c(2, 2, 2, 1, 2, 180, 2, 1, 2, 1, 8), 
    RS.n.solutions = c(1222, 1297, 1297, 1279, 1315, 9, 1197, 
    1238, 1259, 1265, 6), RS.generations = c(100, 100, 100, 100, 
    100, 100, 100, 100, 100, 100, 100), RS.n.evaluations = c(2500, 
    2500, 2500, 2500, 2500, 2500, 2500, 2500, 2500, 2500, 2500
    ), RS.cpu.time = c(7483.071, 7560.33, 7649.071, 7682.761, 
    7745.20400000001, 8073.08900000001, 8257.11199999999, 8376.5, 
    8317.196, 8614.649, 8835.65599999999), DF.cost = c(1, 1, 
    1, 1, 1, 1, 1, 1, 1, 1, 1), DF.gamma = c(0.0303, 0.0303, 
    0.0303, 0.0303, 0.0303, 0.0303, 0.0303, 0.0303, 0.0303, 0.0303, 
    0.0303), DF.data.balancing = c(0, 0, 0, 0, 0, 0, 0, 0, 0, 
    0, 0), DF.feature.selection = c(0, 0, 0, 0, 0, 0, 0, 0, 0, 
    0, 0), DF.valid.acc = c(0.44025, 0.4433, 0.45122, 0.4469, 
    0.45901, 0.45996, 0.45328, 0.45128, 0.45175, 0.45108, 0.44193
    ), DF.test.acc = c(0.44025, 0.4433, 0.45122, 0.4469, 0.45901, 
    0.45996, 0.45328, 0.45128, 0.44648, 0.45108, 0.44193), DF.train.time = c(0.0385, 
    0.0386, 0.0443, 0.0441, 0.0477, 0.0515, 0.0546, 0.0603, 0.0619, 
    0.0721, 0.0739), DF.n.support.vectors = c(79.2, 87, 95.2, 
    102.8, 111, 119, 127.1, 134.9, 142.6, 150.9, 157.9), DF.index = c(1, 
    1, 1, 1, 1, 1, 1, 1, 1, 1, 1), DF.n.solutions = c(1, 1, 1, 
    1, 1, 1, 1, 1, 1, 1, 1), DF.generations = c(1, 1, 1, 1, 1, 
    1, 1, 1, 1, 1, 1), DF.n.evaluations = c(1, 1, 1, 1, 1, 1, 
    1, 1, 1, 1, 1), DF.cpu.time = c(3.065, 2.865, 3.221, 3.044, 
    2.991, 3.031, 3.181, 3.289, 3.166, 3.414, 3.341), SMBO.cost = c(14.9897837034211, 
    14.9897837034211, 14.9897837034211, 14.9897837034211, 14.9897837034211, 
    14.9897837034211, 14.9897837034211, 14.9897837034211, 14.9897837034211, 
    14.9897837034211, 14.9897837034211), SMBO.gamma = c(-6.73793561351602, 
    -6.73793561351602, -6.73793561351602, -6.73793561351602, 
    -6.73793561351602, -6.73793561351602, -6.73793561351602, 
    -6.73793561351602, -6.73793561351602, -6.73793561351602, 
    -6.73793561351602), SMBO.balanced.test.accuracy = c(0.478576737272389, 
    0.478576737272389, 0.478576737272389, 0.478576737272389, 
    0.478576737272389, 0.478576737272389, 0.478576737272389, 
    0.478576737272389, 0.478576737272389, 0.478576737272389, 
    0.478576737272389)), .Names = c("Sampling", "PSO.cost", "PSO.gamma", 
"PSO.data.balancing", "PSO.feature.selection", "PSO.valid.acc", 
"PSO.test.acc", "PSO.train.time", "PSO.n.support.vectors", "PSO.index", 
"PSO.n.solutions", "PSO.generations", "PSO.n.evaluations", "PSO.cpu.time", 
"RS.cost", "RS.gamma", "RS.data.balancing", "RS.feature.selection", 
"RS.valid.acc", "RS.test.acc", "RS.train.time", "RS.n.support.vectors", 
"RS.index", "RS.n.solutions", "RS.generations", "RS.n.evaluations", 
"RS.cpu.time", "DF.cost", "DF.gamma", "DF.data.balancing", "DF.feature.selection", 
"DF.valid.acc", "DF.test.acc", "DF.train.time", "DF.n.support.vectors", 
"DF.index", "DF.n.solutions", "DF.generations", "DF.n.evaluations", 
"DF.cpu.time", "SMBO.cost", "SMBO.gamma", "SMBO.balanced.test.accuracy"
), row.names = c(NA, -11L), class = "data.frame")
