new.sol <-
structure(list(Sampling = c(50, 55, 60, 65, 70, 75, 80, 85, 90, 
95, 100), PSO.cost = c(5.25059, 0.83835, 1, 2.77354, 1, 1, 1, 
1, 1, 1, 1), PSO.gamma = c(-10.12418, -2.63819, 0.0303, -2.76734, 
0.0303, 0.0303, 0.0303, 0.0303, 0.0303, 0.0303, 0.0303), PSO.data.balancing = c(0, 
0, 0, 0, 0, 0, 0, 0, 0, 0, 0), PSO.feature.selection = c(0, 0, 
0, 0, 0, 0, 0, 0, 0, 0, 0), PSO.valid.acc = c(0.50989, 0.51027, 
0.50552, 0.49405, 0.51031, 0.48277, 0.46914, 0.4646, 0.46148, 
0.45462, 0.44208), PSO.test.acc = c(0.49878, 0.4936, 0.50552, 
0.47586, 0.51031, 0.48277, 0.46914, 0.4646, 0.46148, 0.45462, 
0.44208), PSO.train.time = c(0.0362, 0.0474, 0.0414, 0.0543, 
0.0482, 0.0524, 0.0575, 0.0603, 0.0602, 0.0665, 0.0736), PSO.n.support.vectors = c(75.9, 
87.2, 94.8, 103.2, 110.2, 118.5, 126.7, 134.6, 142.7, 150.6, 
157.8), PSO.index = c(212, 315, 1, 126, 1, 1, 1, 1, 1, 1, 1), 
    PSO.n.solutions = c(116, 91, 1897, 169, 1964, 2010, 1984, 
    1866, 1882, 1946, 1915), PSO.generations = c(100, 100, 100, 
    100, 100, 100, 100, 100, 100, 100, 100), PSO.n.evaluations = c(2500, 
    2500, 2500, 2500, 2500, 2500, 2500, 2500, 2500, 2500, 2500
    ), PSO.cpu.time = c(7499.138, 7759.498, 7311.35, 7455.033, 
    7829.89199999999, 8056.85399999999, 8194.152, 8139.86500000001, 
    8191.09999999999, 8365.03099999999, 8762.601), RS.cost = c(3.99328, 
    0.32432, -0.11365, 11.93669, 5.23265, 10.99627, 9.82003, 
    1.77455, 3.85903, 14.32154, 3.335), RS.gamma = c(-9.15191, 
    -3.05388, -1.35303, -2.8036, -13.49039, 0.86127, 0.62759, 
    -0.55911, 1.80055, -0.20334, -12.64817), RS.data.balancing = c(0, 
    0, 0, 0, 0, 0, 0, 0, 0, 0, 0), RS.feature.selection = c(0, 
    0, 0, 0, 0, 0, 0, 0, 0, 0, 0), RS.valid.acc = c(0.50989, 
    0.51027, 0.50552, 0.49405, 0.51031, 0.48277, 0.46914, 0.4646, 
    0.46148, 0.45462, 0.44208), RS.test.acc = c(0.49878, 0.4936, 
    0.50552, 0.47586, 0.51031, 0.48277, 0.46914, 0.4646, 0.46148, 
    0.45462, 0.44208), RS.train.time = c(0.0386, 0.0434, 0.049, 
    0.0551, 0.0465, 0.0715, 0.077, 0.0801, 0.0894, 0.0998, 0.0706
    ), RS.n.support.vectors = c(76.3, 87.2, 95.2, 103.2, 103.6, 
    119.2, 127.2, 135.2, 143.2, 151.2, 153.7), RS.index = c(466, 
    1978, 8, 283, 5, 1, 2, 2, 1, 3, 1), RS.n.solutions = c(13, 
    1, 1321, 6, 1377, 1368, 1322, 1211, 1262, 1238, 1282), RS.generations = c(100, 
    100, 100, 100, 100, 100, 100, 100, 100, 100, 100), RS.n.evaluations = c(2500, 
    2500, 2500, 2500, 2500, 2500, 2500, 2500, 2500, 2500, 2500
    ), RS.cpu.time = c(7704.307, 7168.927, 7332.439, 7703.624, 
    7807.076, 7930.47500000001, 8045.39599999999, 8074.443, 8160.18599999999, 
    8572.50699999998, 8399.28700000001), DF.cost = c(1, 1, 1, 
    1, 1, 1, 1, 1, 1, 1, 1), DF.gamma = c(0.0303, 0.0303, 0.0303, 
    0.0303, 0.0303, 0.0303, 0.0303, 0.0303, 0.0303, 0.0303, 0.0303
    ), DF.data.balancing = c(0, 0, 0, 0, 0, 0, 0, 0, 0, 0, 0), 
    DF.feature.selection = c(0, 0, 0, 0, 0, 0, 0, 0, 0, 0, 0), 
    DF.valid.acc = c(0.49878, 0.50194, 0.50552, 0.49265, 0.51031, 
    0.48277, 0.46914, 0.4646, 0.46148, 0.45462, 0.44208), DF.test.acc = c(0.49878, 
    0.50194, 0.50552, 0.49265, 0.51031, 0.48277, 0.46914, 0.4646, 
    0.46148, 0.45462, 0.44208), DF.train.time = c(0.0387, 0.0381, 
    0.0413, 0.0452, 0.0482, 0.0523, 0.0571, 0.0597, 0.0613, 0.0695, 
    0.0692), DF.n.support.vectors = c(79.1, 86.9, 94.8, 102.6, 
    110.2, 118.5, 126.7, 134.6, 142.7, 150.6, 157.8), DF.index = c(1, 
    1, 1, 1, 1, 1, 1, 1, 1, 1, 1), DF.n.solutions = c(1, 1, 1, 
    1, 1, 1, 1, 1, 1, 1, 1), DF.generations = c(1, 1, 1, 1, 1, 
    1, 1, 1, 1, 1, 1), DF.n.evaluations = c(1, 1, 1, 1, 1, 1, 
    1, 1, 1, 1, 1), DF.cpu.time = c(3.068, 2.854, 2.876, 3.034, 
    3.058, 3.088, 3.177, 3.126, 3.121, 3.311, 3.062), SMBO.cost = c(7.20676956189591, 
    7.20676956189591, 7.20676956189591, 7.20676956189591, 7.20676956189591, 
    7.20676956189591, 7.20676956189591, 7.20676956189591, 7.20676956189591, 
    7.20676956189591, 7.20676956189591), SMBO.gamma = c(-9.27886157468484, 
    -9.27886157468484, -9.27886157468484, -9.27886157468484, 
    -9.27886157468484, -9.27886157468484, -9.27886157468484, 
    -9.27886157468484, -9.27886157468484, -9.27886157468484, 
    -9.27886157468484), SMBO.balanced.test.accuracy = c(0.472219346675868, 
    0.472219346675868, 0.472219346675868, 0.472219346675868, 
    0.472219346675868, 0.472219346675868, 0.472219346675868, 
    0.472219346675868, 0.472219346675868, 0.472219346675868, 
    0.472219346675868)), .Names = c("Sampling", "PSO.cost", "PSO.gamma", 
"PSO.data.balancing", "PSO.feature.selection", "PSO.valid.acc", 
"PSO.test.acc", "PSO.train.time", "PSO.n.support.vectors", "PSO.index", 
"PSO.n.solutions", "PSO.generations", "PSO.n.evaluations", "PSO.cpu.time", 
"RS.cost", "RS.gamma", "RS.data.balancing", "RS.feature.selection", 
"RS.valid.acc", "RS.test.acc", "RS.train.time", "RS.n.support.vectors", 
"RS.index", "RS.n.solutions", "RS.generations", "RS.n.evaluations", 
"RS.cpu.time", "DF.cost", "DF.gamma", "DF.data.balancing", "DF.feature.selection", 
"DF.valid.acc", "DF.test.acc", "DF.train.time", "DF.n.support.vectors", 
"DF.index", "DF.n.solutions", "DF.generations", "DF.n.evaluations", 
"DF.cpu.time", "SMBO.cost", "SMBO.gamma", "SMBO.balanced.test.accuracy"
), row.names = c(NA, -11L), class = "data.frame")
