new.sol <-
structure(list(Sampling = c(50, 55, 60, 65, 70, 75, 80, 85, 90, 
95, 100), PSO.cost = c(9.95321, 4.98243, 3.73305, 1, 1.19324, 
5.96205, 3.95173, 1, 2.8932, 1, 0.62175), PSO.gamma = c(-3.73011, 
-2.96837, -2.33852, 0.0303, -3.72242, -2.02344, -8.70594, 0.0303, 
-7.52752, 0.0303, -4.16129), PSO.data.balancing = c(0, 0, 0, 
0, 0, 0, 0, 0, 0, 0, 0), PSO.feature.selection = c(0, 0, 0, 0, 
0, 0, 0, 0, 0, 0, 0), PSO.valid.acc = c(0.46414, 0.45457, 0.45248, 
0.41473, 0.47178, 0.42609, 0.44944, 0.45662, 0.4452, 0.45591, 
0.44551), PSO.test.acc = c(0.44192, 0.45457, 0.41534, 0.40639, 
0.44799, 0.41839, 0.44319, 0.45662, 0.42906, 0.45591, 0.44051
), PSO.train.time = c(0.0419, 0.0468, 0.0523, 0.0493, 0.0585, 
0.0688, 0.0542, 0.065, 0.0639, 0.0678, 0.0782), PSO.n.support.vectors = c(79.2, 
87.2, 95.2, 103.2, 111.2, 119.2, 124.9, 134.9, 142.2, 150.9, 
157.9), PSO.index = c(217, 308, 280, 1, 659, 1418, 642, 1, 1403, 
1, 357), PSO.n.solutions = c(839, 884, 186, 1737, 36, 12, 143, 
1851, 12, 1917, 55), PSO.generations = c(100, 100, 100, 100, 
100, 100, 100, 100, 100, 100, 100), PSO.n.evaluations = c(2500, 
2500, 2500, 2500, 2500, 2500, 2500, 2500, 2500, 2500, 2500), 
    PSO.cpu.time = c(8495.729, 8506.245, 8855.241, 8718.74000000001, 
    8901.2, 9032.853, 8680.951, 9237.98300000001, 9507.99600000001, 
    9546.598, 9448.73800000001), RS.cost = c(8.74285, 13.39267, 
    6.57201, 0.31809, 6.76714, 3.11579, 3.97116, 4.75708, 2.8648, 
    3.02607, 0.53026), RS.gamma = c(-3.71924, -2.97872, -2.59094, 
    -14.54174, -3.07392, -2.02024, -8.73928, -12.95014, -7.3612, 
    -1.45168, -3.96236), RS.data.balancing = c(0, 0, 0, 0, 0, 
    0, 0, 0, 0, 0, 0), RS.feature.selection = c(0, 0, 0, 0, 0, 
    0, 0, 0, 0, 0, 0), RS.valid.acc = c(0.46414, 0.45457, 0.45158, 
    0.41473, 0.47171, 0.42609, 0.44944, 0.45662, 0.4452, 0.45591, 
    0.44551), RS.test.acc = c(0.44192, 0.44346, 0.42443, 0.41473, 
    0.44943, 0.41839, 0.44319, 0.45662, 0.43406, 0.45591, 0.44486
    ), RS.train.time = c(0.0417, 0.0461, 0.0519, 0.0462, 0.0581, 
    0.0636, 0.0541, 0.0605, 0.0664, 0.0904, 0.0853), RS.n.support.vectors = c(79.2, 
    87.2, 95.2, 99.8, 111.2, 119.2, 124.9, 132.2, 142.2, 151.2, 
    158.3), RS.index = c(18, 1284, 36, 1, 539, 851, 805, 1, 2306, 
    2, 596), RS.n.solutions = c(3, 1, 25, 1191, 5, 2, 4, 1165, 
    2, 1295, 1), RS.generations = c(100, 100, 100, 100, 100, 
    100, 100, 100, 100, 100, 100), RS.n.evaluations = c(2500, 
    2500, 2500, 2500, 2500, 2500, 2500, 2500, 2500, 2500, 2500
    ), RS.cpu.time = c(8526.124, 8335.186, 8651.625, 8639.276, 
    8762.28999999999, 9100.22200000001, 8632.766, 9116.36199999999, 
    9314.87800000003, 9521.61799999999, 9525.03700000001), DF.cost = c(1, 
    1, 1, 1, 1, 1, 1, 1, 1, 1, 1), DF.gamma = c(0.0303, 0.0303, 
    0.0303, 0.0303, 0.0303, 0.0303, 0.0303, 0.0303, 0.0303, 0.0303, 
    0.0303), DF.data.balancing = c(0, 0, 0, 0, 0, 0, 0, 0, 0, 
    0, 0), DF.feature.selection = c(0, 0, 0, 0, 0, 0, 0, 0, 0, 
    0, 0), DF.valid.acc = c(0.43303, 0.43124, 0.38625, 0.41473, 
    0.44421, 0.42428, 0.44278, 0.45662, 0.44488, 0.45591, 0.44486
    ), DF.test.acc = c(0.43303, 0.43124, 0.38947, 0.40639, 0.44421, 
    0.42428, 0.44278, 0.45662, 0.44488, 0.45591, 0.44486), DF.train.time = c(0.0389, 
    0.0416, 0.0481, 0.0515, 0.0508, 0.0528, 0.059, 0.0623, 0.0644, 
    0.0691, 0.0759), DF.n.support.vectors = c(79.2, 87.2, 95.2, 
    103.2, 111.2, 119.2, 127, 134.9, 143.2, 150.9, 157.8), DF.index = c(1, 
    1, 1, 1, 1, 1, 1, 1, 1, 1, 1), DF.n.solutions = c(1, 1, 1, 
    1, 1, 1, 1, 1, 1, 1, 1), DF.generations = c(1, 1, 1, 1, 1, 
    1, 1, 1, 1, 1, 1), DF.n.evaluations = c(1, 1, 1, 1, 1, 1, 
    1, 1, 1, 1, 1), DF.cpu.time = c(3.315, 3.434, 3.452, 3.399, 
    3.435, 3.209, 3.483, 3.648, 3.394, 3.593, 3.706), SMBO.cost = c(11.7585755633961, 
    11.7585755633961, 11.7585755633961, 11.7585755633961, 11.7585755633961, 
    11.7585755633961, 11.7585755633961, 11.7585755633961, 11.7585755633961, 
    11.7585755633961, 11.7585755633961), SMBO.gamma = c(-11.5616295809593, 
    -11.5616295809593, -11.5616295809593, -11.5616295809593, 
    -11.5616295809593, -11.5616295809593, -11.5616295809593, 
    -11.5616295809593, -11.5616295809593, -11.5616295809593, 
    -11.5616295809593), SMBO.balanced.test.accuracy = c(0.509348032536438, 
    0.509348032536438, 0.509348032536438, 0.509348032536438, 
    0.509348032536438, 0.509348032536438, 0.509348032536438, 
    0.509348032536438, 0.509348032536438, 0.509348032536438, 
    0.509348032536438)), .Names = c("Sampling", "PSO.cost", "PSO.gamma", 
"PSO.data.balancing", "PSO.feature.selection", "PSO.valid.acc", 
"PSO.test.acc", "PSO.train.time", "PSO.n.support.vectors", "PSO.index", 
"PSO.n.solutions", "PSO.generations", "PSO.n.evaluations", "PSO.cpu.time", 
"RS.cost", "RS.gamma", "RS.data.balancing", "RS.feature.selection", 
"RS.valid.acc", "RS.test.acc", "RS.train.time", "RS.n.support.vectors", 
"RS.index", "RS.n.solutions", "RS.generations", "RS.n.evaluations", 
"RS.cpu.time", "DF.cost", "DF.gamma", "DF.data.balancing", "DF.feature.selection", 
"DF.valid.acc", "DF.test.acc", "DF.train.time", "DF.n.support.vectors", 
"DF.index", "DF.n.solutions", "DF.generations", "DF.n.evaluations", 
"DF.cpu.time", "SMBO.cost", "SMBO.gamma", "SMBO.balanced.test.accuracy"
), row.names = c(NA, -11L), class = "data.frame")
