full <-
structure(c(50, 55, 60, 65, 70, 75, 80, 85, 90, 95, 100, 1, 1, 
1.6249, 1, 1, 0.33262, 3.47224, 0.47009, 1, 1, 1, 0.0303, 0.0303, 
-4.63288, 0.0303, 0.0303, -3.40879, -2.32423, -2.57561, 0.0303, 
0.0303, 0.0303, 0, 0, 0, 0, 0, 0, 0, 0, 0, 0, 0, 0, 0, 0, 0, 
0, 0, 0, 0, 0, 0, 0, 0.45545, 0.4793, 0.49692, 0.47705, 0.49978, 
0.48904, 0.46822, 0.45762, 0.45059, 0.45294, 0.44481, 0.45545, 
0.4793, 0.47683, 0.47705, 0.49978, 0.48404, 0.45055, 0.45732, 
0.45059, 0.45294, 0.44481, 0.0363, 0.0412, 0.0451, 0.0469, 0.0497, 
0.0599, 0.0728, 0.0712, 0.0639, 0.0678, 0.0705, 78.8, 87, 94.1, 
102.5, 110.1, 119.2, 127.2, 135.2, 142.5, 150.9, 157.8, 1, 1, 
1187, 1, 1, 78, 240, 287, 1, 1, 1, 1858, 1926, 46, 1774, 1773, 
358, 521, 90, 1812, 1951, 1891, 100, 100, 100, 100, 100, 100, 
100, 100, 100, 100, 100, 2500, 2500, 2500, 2500, 2500, 2500, 
2500, 2500, 2500, 2500, 2500, 6901.48, 6723.411, 7237.45, 7214.205, 
7439.464, 7209.80399999999, 7373.704, 7415.09300000001, 7697.41399999999, 
7719.69500000001, 7897.753, 8.19484, -0.2689, 8.22976, -1.3442, 
-0.86035, 0.35339, 2.20961, 0.78826, 14.61337, -0.19208, 0.03251, 
1.36683, -9.7844, -1.54923, -5.45237, -5.82779, -2.84977, -2.27407, 
-14.0999, 1.727, -7.31455, -2.02955, 0, 0, 0, 0, 0, 0, 0, 0, 
0, 0, 0, 0, 0, 0, 0, 0, 0, 0, 0, 0, 0, 0, 0.45545, 0.4793, 0.48866, 
0.47705, 0.49978, 0.48904, 0.46822, 0.45732, 0.45059, 0.45294, 
0.44481, 0.45545, 0.4793, 0.48866, 0.47705, 0.49978, 0.48904, 
0.45055, 0.45732, 0.45059, 0.45294, 0.44481, 0.0423, 0.0397, 
0.0525, 0.046, 0.0468, 0.0657, 0.073, 0.0496, 0.0875, 0.0636, 
0.0911, 79.2, 84.4, 95.2, 102.4, 109.2, 119.2, 127.2, 124.3, 
143.2, 149.3, 158.4, 1, 1, 2, 5, 4, 390, 48, 6, 1, 2, 2, 1237, 
1316, 1262, 1276, 1301, 1, 24, 1361, 1185, 1243, 1248, 100, 100, 
100, 100, 100, 100, 100, 100, 100, 100, 100, 2500, 2500, 2500, 
2500, 2500, 2500, 2500, 2500, 2500, 2500, 2500, 6797.326, 6693.697, 
7314.628, 7280.625, 7117.916, 7172.36200000001, 7293.71799999999, 
7394.215, 7713.088, 7843.386, 7916.682, 1, 1, 1, 1, 1, 1, 1, 
1, 1, 1, 1, 0.0303, 0.0303, 0.0303, 0.0303, 0.0303, 0.0303, 0.0303, 
0.0303, 0.0303, 0.0303, 0.0303, 0, 0, 0, 0, 0, 0, 0, 0, 0, 0, 
0, 0, 0, 0, 0, 0, 0, 0, 0, 0, 0, 0, 0.45545, 0.4793, 0.48866, 
0.47705, 0.49978, 0.48404, 0.46774, 0.45732, 0.45059, 0.45294, 
0.44481, 0.45545, 0.4793, 0.48866, 0.47705, 0.49978, 0.48404, 
0.46774, 0.45732, 0.45059, 0.45294, 0.44481, 0.0381, 0.041, 0.0433, 
0.0475, 0.0463, 0.0522, 0.0564, 0.0603, 0.0644, 0.0674, 0.0708, 
78.8, 87, 94, 102.5, 110.1, 118.8, 126.5, 134.3, 142.5, 150.9, 
157.8, 1, 1, 1, 1, 1, 1, 1, 1, 1, 1, 1, 1, 1, 1, 1, 1, 1, 1, 
1, 1, 1, 1, 1, 1, 1, 1, 1, 1, 1, 1, 1, 1, 1, 1, 1, 1, 1, 1, 1, 
1, 1, 1, 1, 1, 2.769, 2.801, 2.85, 2.942, 2.715, 2.876, 2.952, 
2.941, 2.999, 3.019, 3.072), .Dim = c(11L, 40L), .Dimnames = list(
    NULL, c("Sampling", "PSO.cost", "PSO.gamma", "PSO.data.balancing", 
    "PSO.feature.selection", "PSO.valid.acc", "PSO.test.acc", 
    "PSO.train.time", "PSO.n.support.vectors", "PSO.index", "PSO.n.solutions", 
    "PSO.generations", "PSO.n.evaluations", "PSO.cpu.time", "RS.cost", 
    "RS.gamma", "RS.data.balancing", "RS.feature.selection", 
    "RS.valid.acc", "RS.test.acc", "RS.train.time", "RS.n.support.vectors", 
    "RS.index", "RS.n.solutions", "RS.generations", "RS.n.evaluations", 
    "RS.cpu.time", "DF.cost", "DF.gamma", "DF.data.balancing", 
    "DF.feature.selection", "DF.valid.acc", "DF.test.acc", "DF.train.time", 
    "DF.n.support.vectors", "DF.index", "DF.n.solutions", "DF.generations", 
    "DF.n.evaluations", "DF.cpu.time")))
