full <-
structure(c(50, 55, 60, 65, 70, 75, 80, 85, 90, 95, 100, 0.04598, 
1, 1, 1, 1, 0.52117, 0.72164, 1.0539, 0.74601, 1, 1, 1.3237, 
0.0303, 0.0303, 0.0303, 0.0303, -3.77213, -3.66342, -4.01401, 
-3.92714, 0.0303, 0.0303, 0, 0, 0, 0, 0, 0, 0, 0, 0, 0, 0, 0, 
0, 0, 0, 0, 0, 0, 0, 0, 0, 0, 0.46859, 0.46325, 0.46141, 0.43857, 
0.44277, 0.46065, 0.47988, 0.49411, 0.48043, 0.44087, 0.44732, 
0.46859, 0.46325, 0.46141, 0.43857, 0.44277, 0.46018, 0.474, 
0.48323, 0.469, 0.44087, 0.44732, 0.046, 0.0418, 0.0449, 0.0491, 
0.0517, 0.0624, 0.0652, 0.0696, 0.073, 0.0673, 0.0707, 79.2, 
86.7, 94.4, 102.9, 111.1, 119.2, 127.2, 135.1, 142.8, 150.6, 
157.8, 4, 1, 1, 1, 1, 2473, 434, 2188, 2488, 1, 1, 2011, 1896, 
1915, 1763, 1928, 2, 126, 1, 1, 1947, 2131, 100, 100, 100, 100, 
100, 100, 100, 100, 100, 100, 100, 2500, 2500, 2500, 2500, 2500, 
2500, 2500, 2500, 2500, 2500, 2500, 7363.854, 7285.342, 7426.407, 
8033.199, 8037.51299999999, 8112.42600000001, 7883.212, 8322.06600000001, 
8477.46800000001, 8563.14299999998, 8829.859, -0.97856, 1.46924, 
1.31063, 0.45555, -1.4183, 10.04743, 3.70865, 11.17608, 0.73286, 
0.34604, 1.71102, -3.46808, -5.34983, -9.81078, -0.07362, -4.34483, 
-1.56824, -7.87843, 0.84365, -4.01982, -4.44835, -1.26133, 0, 
0, 0, 0, 0, 0, 0, 0, 0, 0, 0, 0, 0, 0, 0, 0, 0, 0, 0, 0, 0, 0, 
0.46859, 0.46428, 0.46141, 0.43857, 0.44277, 0.46018, 0.47544, 
0.48352, 0.47377, 0.44541, 0.44732, 0.46859, 0.45832, 0.46141, 
0.43857, 0.44277, 0.46018, 0.45228, 0.48352, 0.469, 0.42943, 
0.44732, 0.0423, 0.0421, 0.0436, 0.0608, 0.0544, 0.0707, 0.0557, 
0.0848, 0.0729, 0.0717, 0.097, 79.2, 86.4, 92.6, 103.2, 111.2, 
119.2, 124.7, 135.2, 142.8, 150.9, 158.4, 1, 700, 2, 1, 2, 1, 
195, 1, 2186, 1285, 2, 1253, 2, 1364, 1255, 1176, 1280, 1, 1284, 
1, 1, 1219, 100, 100, 100, 100, 100, 100, 100, 100, 100, 100, 
100, 2500, 2500, 2500, 2500, 2500, 2500, 2500, 2500, 2500, 2500, 
2500, 7286.794, 7156.591, 7736.32799999999, 7570.915, 7925.579, 
7730.955, 7977.78700000001, 8297.659, 8506.48300000001, 8565.30299999999, 
8432.05100000001, 1, 1, 1, 1, 1, 1, 1, 1, 1, 1, 1, 0.0303, 0.0303, 
0.0303, 0.0303, 0.0303, 0.0303, 0.0303, 0.0303, 0.0303, 0.0303, 
0.0303, 0, 0, 0, 0, 0, 0, 0, 0, 0, 0, 0, 0, 0, 0, 0, 0, 0, 0, 
0, 0, 0, 0, 0.4595, 0.46325, 0.46141, 0.43857, 0.44277, 0.46018, 
0.474, 0.48352, 0.47321, 0.44087, 0.44732, 0.46859, 0.46325, 
0.46141, 0.43857, 0.44277, 0.46018, 0.474, 0.48352, 0.47321, 
0.44087, 0.44732, 0.0386, 0.0414, 0.0455, 0.0487, 0.0544, 0.0513, 
0.0551, 0.0613, 0.0639, 0.0666, 0.0695, 78.5, 86.7, 94.4, 102.9, 
111.1, 119.2, 126.8, 134.8, 142.5, 150.6, 157.8, 1, 1, 1, 1, 
1, 1, 1, 1, 1, 1, 1, 1, 1, 1, 1, 1, 1, 1, 1, 1, 1, 1, 1, 1, 1, 
1, 1, 1, 1, 1, 1, 1, 1, 1, 1, 1, 1, 1, 1, 1, 1, 1, 1, 1, 2.864, 
2.821, 3.125, 3.032, 3.146, 2.872, 3.02, 3.215, 3.156, 3.105, 
3.06), .Dim = c(11L, 40L), .Dimnames = list(NULL, c("Sampling", 
"PSO.cost", "PSO.gamma", "PSO.data.balancing", "PSO.feature.selection", 
"PSO.valid.acc", "PSO.test.acc", "PSO.train.time", "PSO.n.support.vectors", 
"PSO.index", "PSO.n.solutions", "PSO.generations", "PSO.n.evaluations", 
"PSO.cpu.time", "RS.cost", "RS.gamma", "RS.data.balancing", "RS.feature.selection", 
"RS.valid.acc", "RS.test.acc", "RS.train.time", "RS.n.support.vectors", 
"RS.index", "RS.n.solutions", "RS.generations", "RS.n.evaluations", 
"RS.cpu.time", "DF.cost", "DF.gamma", "DF.data.balancing", "DF.feature.selection", 
"DF.valid.acc", "DF.test.acc", "DF.train.time", "DF.n.support.vectors", 
"DF.index", "DF.n.solutions", "DF.generations", "DF.n.evaluations", 
"DF.cpu.time")))
