new.sol <-
structure(list(Sampling = c(50, 55, 60, 65, 70, 75, 80, 85, 90, 
95, 100), PSO.cost = c(1.16823, 1, 5.95671, 1, 1.91963, 0.64125, 
8.83127, 3.09926, 1.0678, 1, 0.30808), PSO.gamma = c(-4.28844, 
0.0303, -10.5518, 0.0303, -6.46518, -3.46571, -3.10099, -8.35422, 
-4.07913, 0.0303, -3.47286), PSO.data.balancing = c(0, 0, 0, 
0, 0, 0, 0, 0, 0, 0, 0), PSO.feature.selection = c(0, 0, 0, 0, 
0, 0, 0, 0, 0, 0, 0), PSO.valid.acc = c(0.47306, 0.45702, 0.48018, 
0.50386, 0.49042, 0.47885, 0.46781, 0.4538, 0.45006, 0.44103, 
0.44869), PSO.test.acc = c(0.46472, 0.45702, 0.45416, 0.49761, 
0.47542, 0.46338, 0.4252, 0.44298, 0.43446, 0.44103, 0.44434), 
    PSO.train.time = c(0.0411, 0.0418, 0.047, 0.0494, 0.0557, 
    0.0673, 0.0746, 0.0675, 0.0752, 0.0734, 0.0921), PSO.n.support.vectors = c(79.2, 
    86.9, 92.3, 102.8, 110.1, 119.2, 127.2, 133, 143.2, 150.4, 
    158.4), PSO.index = c(1500, 1, 721, 1, 786, 319, 488, 41, 
    2241, 1, 1327), PSO.n.solutions = c(3, 1968, 20, 1971, 73, 
    144, 478, 75, 1, 1885, 1), PSO.generations = c(100, 100, 
    100, 100, 100, 100, 100, 100, 100, 100, 100), PSO.n.evaluations = c(2500, 
    2500, 2500, 2500, 2500, 2500, 2500, 2500, 2500, 2500, 2500
    ), PSO.cpu.time = c(8313.837, 8391.549, 8761.666, 8928.619, 
    10720.755, 10780.081, 10952.687, 11009.261, 10799.131, 9885.14300000001, 
    9951.89199999999), RS.cost = c(6.63658, 8.3037, 1.2113, -0.53971, 
    2.00782, 13.12004, 8.0619, 3.60976, 1.01393, 2.26337, -0.34717
    ), RS.gamma = c(-3.88772, -13.90332, -4.3904, -14.68907, 
    -6.55214, -2.25025, -3.12061, -8.8543, -12.65276, -9.05725, 
    -10.97456), RS.data.balancing = c(0, 0, 0, 0, 0, 0, 0, 0, 
    0, 0, 0), RS.feature.selection = c(0, 0, 0, 0, 0, 0, 0, 0, 
    0, 0, 0), RS.valid.acc = c(0.46583, 0.45702, 0.48082, 0.50386, 
    0.49042, 0.47885, 0.46254, 0.4538, 0.44927, 0.44103, 0.44434
    ), RS.test.acc = c(0.44361, 0.45702, 0.46249, 0.50386, 0.47542, 
    0.46338, 0.43046, 0.44298, 0.44927, 0.44103, 0.44434), RS.train.time = c(0.0401, 
    0.0429, 0.0479, 0.0427, 0.056, 0.073, 0.0742, 0.0661, 0.0643, 
    0.0712, 0.0711), RS.n.support.vectors = c(79.2, 84.3, 95, 
    80.9, 110, 119.2, 127.2, 132.3, 139.1, 147.5, 153.8), RS.index = c(666, 
    4, 1831, 1, 446, 8, 589, 125, 1, 1, 2), RS.n.solutions = c(4, 
    1341, 1, 1394, 2, 7, 4, 4, 1191, 1284, 1324), RS.generations = c(100, 
    100, 100, 100, 100, 100, 100, 100, 100, 100, 100), RS.n.evaluations = c(2500, 
    2500, 2500, 2500, 2500, 2500, 2500, 2500, 2500, 2500, 2500
    ), RS.cpu.time = c(8198.983, 8334.752, 8694.821, 9469.432, 
    10759.819, 10778.234, 10959.479, 11072.269, 9651.81199999998, 
    9820.23700000002, 9933.30599999998), DF.cost = c(1, 1, 1, 
    1, 1, 1, 1, 1, 1, 1, 1), DF.gamma = c(0.0303, 0.0303, 0.0303, 
    0.0303, 0.0303, 0.0303, 0.0303, 0.0303, 0.0303, 0.0303, 0.0303
    ), DF.data.balancing = c(0, 0, 0, 0, 0, 0, 0, 0, 0, 0, 0), 
    DF.feature.selection = c(0, 0, 0, 0, 0, 0, 0, 0, 0, 0, 0), 
    DF.valid.acc = c(0.46306, 0.45702, 0.47018, 0.50386, 0.48833, 
    0.47052, 0.45686, 0.44854, 0.44927, 0.44103, 0.44434), DF.test.acc = c(0.46306, 
    0.45702, 0.47787, 0.49761, 0.48833, 0.47052, 0.45686, 0.44854, 
    0.44927, 0.44103, 0.44434), DF.train.time = c(0.0382, 0.0436, 
    0.0467, 0.0543, 0.0574, 0.0581, 0.0627, 0.0674, 0.0702, 0.0726, 
    0.0754), DF.n.support.vectors = c(79.2, 86.9, 94.7, 102.8, 
    110.7, 118.7, 127, 134.9, 142.9, 150.4, 157.9), DF.index = c(1, 
    1, 1, 1, 1, 1, 1, 1, 1, 1, 1), DF.n.solutions = c(1, 1, 1, 
    1, 1, 1, 1, 1, 1, 1, 1), DF.generations = c(1, 1, 1, 1, 1, 
    1, 1, 1, 1, 1, 1), DF.n.evaluations = c(1, 1, 1, 1, 1, 1, 
    1, 1, 1, 1, 1), DF.cpu.time = c(3.113, 3.375, 3.38, 4.236, 
    4.353, 4.117, 4.245, 4.269, 3.741, 3.788, 3.892), SMBO.cost = c(7.89247751732379, 
    7.89247751732379, 7.89247751732379, 7.89247751732379, 7.89247751732379, 
    7.89247751732379, 7.89247751732379, 7.89247751732379, 7.89247751732379, 
    7.89247751732379, 7.89247751732379), SMBO.gamma = c(-9.47894911578442, 
    -9.47894911578442, -9.47894911578442, -9.47894911578442, 
    -9.47894911578442, -9.47894911578442, -9.47894911578442, 
    -9.47894911578442, -9.47894911578442, -9.47894911578442, 
    -9.47894911578442), SMBO.balanced.test.accuracy = c(0.455669245045122, 
    0.455669245045122, 0.455669245045122, 0.455669245045122, 
    0.455669245045122, 0.455669245045122, 0.455669245045122, 
    0.455669245045122, 0.455669245045122, 0.455669245045122, 
    0.455669245045122)), .Names = c("Sampling", "PSO.cost", "PSO.gamma", 
"PSO.data.balancing", "PSO.feature.selection", "PSO.valid.acc", 
"PSO.test.acc", "PSO.train.time", "PSO.n.support.vectors", "PSO.index", 
"PSO.n.solutions", "PSO.generations", "PSO.n.evaluations", "PSO.cpu.time", 
"RS.cost", "RS.gamma", "RS.data.balancing", "RS.feature.selection", 
"RS.valid.acc", "RS.test.acc", "RS.train.time", "RS.n.support.vectors", 
"RS.index", "RS.n.solutions", "RS.generations", "RS.n.evaluations", 
"RS.cpu.time", "DF.cost", "DF.gamma", "DF.data.balancing", "DF.feature.selection", 
"DF.valid.acc", "DF.test.acc", "DF.train.time", "DF.n.support.vectors", 
"DF.index", "DF.n.solutions", "DF.generations", "DF.n.evaluations", 
"DF.cpu.time", "SMBO.cost", "SMBO.gamma", "SMBO.balanced.test.accuracy"
), row.names = c(NA, -11L), class = "data.frame")
