new.sol <-
structure(list(Sampling = c(50, 55, 60, 65, 70, 75, 80, 85, 90, 
95, 100), PSO.cost = c(1, 1, 1.6249, 1, 1, 0.33262, 3.47224, 
0.47009, 1, 1, 1), PSO.gamma = c(0.0303, 0.0303, -4.63288, 0.0303, 
0.0303, -3.40879, -2.32423, -2.57561, 0.0303, 0.0303, 0.0303), 
    PSO.data.balancing = c(0, 0, 0, 0, 0, 0, 0, 0, 0, 0, 0), 
    PSO.feature.selection = c(0, 0, 0, 0, 0, 0, 0, 0, 0, 0, 0
    ), PSO.valid.acc = c(0.45545, 0.4793, 0.49692, 0.47705, 0.49978, 
    0.48904, 0.46822, 0.45762, 0.45059, 0.45294, 0.44481), PSO.test.acc = c(0.45545, 
    0.4793, 0.47683, 0.47705, 0.49978, 0.48404, 0.45055, 0.45732, 
    0.45059, 0.45294, 0.44481), PSO.train.time = c(0.0363, 0.0412, 
    0.0451, 0.0469, 0.0497, 0.0599, 0.0728, 0.0712, 0.0639, 0.0678, 
    0.0705), PSO.n.support.vectors = c(78.8, 87, 94.1, 102.5, 
    110.1, 119.2, 127.2, 135.2, 142.5, 150.9, 157.8), PSO.index = c(1, 
    1, 1187, 1, 1, 78, 240, 287, 1, 1, 1), PSO.n.solutions = c(1858, 
    1926, 46, 1774, 1773, 358, 521, 90, 1812, 1951, 1891), PSO.generations = c(100, 
    100, 100, 100, 100, 100, 100, 100, 100, 100, 100), PSO.n.evaluations = c(2500, 
    2500, 2500, 2500, 2500, 2500, 2500, 2500, 2500, 2500, 2500
    ), PSO.cpu.time = c(6901.48, 6723.411, 7237.45, 7214.205, 
    7439.464, 7209.80399999999, 7373.704, 7415.09300000001, 7697.41399999999, 
    7719.69500000001, 7897.753), RS.cost = c(8.19484, -0.2689, 
    8.22976, -1.3442, -0.86035, 0.35339, 2.20961, 0.78826, 14.61337, 
    -0.19208, 0.03251), RS.gamma = c(1.36683, -9.7844, -1.54923, 
    -5.45237, -5.82779, -2.84977, -2.27407, -14.0999, 1.727, 
    -7.31455, -2.02955), RS.data.balancing = c(0, 0, 0, 0, 0, 
    0, 0, 0, 0, 0, 0), RS.feature.selection = c(0, 0, 0, 0, 0, 
    0, 0, 0, 0, 0, 0), RS.valid.acc = c(0.45545, 0.4793, 0.48866, 
    0.47705, 0.49978, 0.48904, 0.46822, 0.45732, 0.45059, 0.45294, 
    0.44481), RS.test.acc = c(0.45545, 0.4793, 0.48866, 0.47705, 
    0.49978, 0.48904, 0.45055, 0.45732, 0.45059, 0.45294, 0.44481
    ), RS.train.time = c(0.0423, 0.0397, 0.0525, 0.046, 0.0468, 
    0.0657, 0.073, 0.0496, 0.0875, 0.0636, 0.0911), RS.n.support.vectors = c(79.2, 
    84.4, 95.2, 102.4, 109.2, 119.2, 127.2, 124.3, 143.2, 149.3, 
    158.4), RS.index = c(1, 1, 2, 5, 4, 390, 48, 6, 1, 2, 2), 
    RS.n.solutions = c(1237, 1316, 1262, 1276, 1301, 1, 24, 1361, 
    1185, 1243, 1248), RS.generations = c(100, 100, 100, 100, 
    100, 100, 100, 100, 100, 100, 100), RS.n.evaluations = c(2500, 
    2500, 2500, 2500, 2500, 2500, 2500, 2500, 2500, 2500, 2500
    ), RS.cpu.time = c(6797.326, 6693.697, 7314.628, 7280.625, 
    7117.916, 7172.36200000001, 7293.71799999999, 7394.215, 7713.088, 
    7843.386, 7916.682), DF.cost = c(1, 1, 1, 1, 1, 1, 1, 1, 
    1, 1, 1), DF.gamma = c(0.0303, 0.0303, 0.0303, 0.0303, 0.0303, 
    0.0303, 0.0303, 0.0303, 0.0303, 0.0303, 0.0303), DF.data.balancing = c(0, 
    0, 0, 0, 0, 0, 0, 0, 0, 0, 0), DF.feature.selection = c(0, 
    0, 0, 0, 0, 0, 0, 0, 0, 0, 0), DF.valid.acc = c(0.45545, 
    0.4793, 0.48866, 0.47705, 0.49978, 0.48404, 0.46774, 0.45732, 
    0.45059, 0.45294, 0.44481), DF.test.acc = c(0.45545, 0.4793, 
    0.48866, 0.47705, 0.49978, 0.48404, 0.46774, 0.45732, 0.45059, 
    0.45294, 0.44481), DF.train.time = c(0.0381, 0.041, 0.0433, 
    0.0475, 0.0463, 0.0522, 0.0564, 0.0603, 0.0644, 0.0674, 0.0708
    ), DF.n.support.vectors = c(78.8, 87, 94, 102.5, 110.1, 118.8, 
    126.5, 134.3, 142.5, 150.9, 157.8), DF.index = c(1, 1, 1, 
    1, 1, 1, 1, 1, 1, 1, 1), DF.n.solutions = c(1, 1, 1, 1, 1, 
    1, 1, 1, 1, 1, 1), DF.generations = c(1, 1, 1, 1, 1, 1, 1, 
    1, 1, 1, 1), DF.n.evaluations = c(1, 1, 1, 1, 1, 1, 1, 1, 
    1, 1, 1), DF.cpu.time = c(2.769, 2.801, 2.85, 2.942, 2.715, 
    2.876, 2.952, 2.941, 2.999, 3.019, 3.072), SMBO.cost = c(5.45520718144078, 
    5.45520718144078, 5.45520718144078, 5.45520718144078, 5.45520718144078, 
    5.45520718144078, 5.45520718144078, 5.45520718144078, 5.45520718144078, 
    5.45520718144078, 5.45520718144078), SMBO.gamma = c(-10.7000085845741, 
    -10.7000085845741, -10.7000085845741, -10.7000085845741, 
    -10.7000085845741, -10.7000085845741, -10.7000085845741, 
    -10.7000085845741, -10.7000085845741, -10.7000085845741, 
    -10.7000085845741), SMBO.balanced.test.accuracy = c(0.514492753623188, 
    0.514492753623188, 0.514492753623188, 0.514492753623188, 
    0.514492753623188, 0.514492753623188, 0.514492753623188, 
    0.514492753623188, 0.514492753623188, 0.514492753623188, 
    0.514492753623188)), .Names = c("Sampling", "PSO.cost", "PSO.gamma", 
"PSO.data.balancing", "PSO.feature.selection", "PSO.valid.acc", 
"PSO.test.acc", "PSO.train.time", "PSO.n.support.vectors", "PSO.index", 
"PSO.n.solutions", "PSO.generations", "PSO.n.evaluations", "PSO.cpu.time", 
"RS.cost", "RS.gamma", "RS.data.balancing", "RS.feature.selection", 
"RS.valid.acc", "RS.test.acc", "RS.train.time", "RS.n.support.vectors", 
"RS.index", "RS.n.solutions", "RS.generations", "RS.n.evaluations", 
"RS.cpu.time", "DF.cost", "DF.gamma", "DF.data.balancing", "DF.feature.selection", 
"DF.valid.acc", "DF.test.acc", "DF.train.time", "DF.n.support.vectors", 
"DF.index", "DF.n.solutions", "DF.generations", "DF.n.evaluations", 
"DF.cpu.time", "SMBO.cost", "SMBO.gamma", "SMBO.balanced.test.accuracy"
), row.names = c(NA, -11L), class = "data.frame")
