new.sol <-
structure(list(Sampling = c(50, 55, 60, 65, 70, 75, 80, 85, 90, 
95, 100), PSO.cost = c(8.14546, 1.81382, 6.74307, 10.24247, 8.34561, 
10.52685, 1.01829, 11.44335, 1.85155, 2.41878, 8.54063), PSO.gamma = c(-8.30822, 
-6.92791, -11.49199, -15, -11.39784, -13.24146, -5.33041, -13.30338, 
-4.60197, -4.74533, -10.47989), PSO.data.balancing = c(0, 0, 
0, 0, 0, 0, 0, 0, 0, 0, 0), PSO.feature.selection = c(0, 0, 0, 
0, 0, 0, 0, 0, 0, 0, 0), PSO.valid.acc = c(0.94549, 0.95571, 
0.95425, 0.96222, 0.95299, 0.96354, 0.96584, 0.96762, 0.97537, 
0.96831, 0.9728), PSO.test.acc = c(0.91735, 0.92543, 0.94473, 
0.94122, 0.92516, 0.95573, 0.95882, 0.95784, 0.96599, 0.96201, 
0.97018), PSO.train.time = c(0.0511, 0.0554, 0.0565, 0.0613, 
0.0629, 0.068, 0.0782, 0.0787, 0.0932, 0.1032, 0.0885), PSO.n.support.vectors = c(110.5, 
137.1, 137.8, 147.6, 140.9, 144.6, 180.3, 154.8, 200.4, 206, 
169.5), PSO.index = c(29, 219, 41, 57, 247, 163, 6, 1500, 132, 
392, 126), PSO.n.solutions = c(1455, 70, 113, 142, 93, 142, 187, 
1, 194, 184, 101), PSO.generations = c(100, 100, 100, 100, 100, 
100, 100, 100, 100, 100, 100), PSO.n.evaluations = c(2500, 2500, 
2500, 2500, 2500, 2500, 2500, 2500, 2500, 2500, 2500), PSO.cpu.time = c(7638.214, 
7786.466, 7880.627, 8078.303, 8035.98100000001, 8247.34400000001, 
8263.20600000001, 8569.00900000001, 8802.82399999999, 9194.03899999999, 
9146.81599999999), RS.cost = c(10.88632, 4.6833, 7.17999, 8.29579, 
10.79643, 1.0374, 0.36508, 12.7248, 5.7113, 2.36502, 5.91849), 
    RS.gamma = c(-7.73143, -10.00759, -11.96804, -13.25165, -13.83504, 
    -4.2794, -3.95642, -14.02618, -7.06779, -4.69464, -7.76616
    ), RS.data.balancing = c(0, 0, 0, 0, 0, 0, 0, 0, 0, 0, 0), 
    RS.feature.selection = c(0, 0, 0, 0, 0, 0, 0, 0, 0, 0, 0), 
    RS.valid.acc = c(0.94549, 0.95095, 0.95425, 0.96222, 0.95299, 
    0.96367, 0.96929, 0.96752, 0.97234, 0.96831, 0.9728), RS.test.acc = c(0.91735, 
    0.92543, 0.93997, 0.94122, 0.92516, 0.95294, 0.95881, 0.96106, 
    0.96306, 0.96201, 0.97018), RS.train.time = c(0.0499, 0.0574, 
    0.0582, 0.0621, 0.0667, 0.085, 0.0899, 0.0748, 0.0807, 0.0986, 
    0.0903), RS.n.support.vectors = c(111.2, 135.7, 138.1, 150.3, 
    140.7, 181.5, 200, 153.8, 166.8, 207.3, 174.3), RS.index = c(8, 
    1536, 327, 84, 568, 1006, 259, 1843, 1574, 2476, 416), RS.n.solutions = c(87, 
    2, 14, 32, 5, 1, 1, 1, 3, 2, 3), RS.generations = c(100, 
    100, 100, 100, 100, 100, 100, 100, 100, 100, 100), RS.n.evaluations = c(2500, 
    2500, 2500, 2500, 2500, 2500, 2500, 2500, 2500, 2500, 2500
    ), RS.cpu.time = c(7744.636, 7876.441, 7995.692, 8135.246, 
    8343.878, 8494.64599999999, 8850.70699999999, 8959.85400000001, 
    9159.79299999998, 9650.68599999999, 10024.642), DF.cost = c(1, 
    1, 1, 1, 1, 1, 1, 1, 1, 1, 1), DF.gamma = c(0.02941, 0.02941, 
    0.02941, 0.02941, 0.02941, 0.02941, 0.02941, 0.02941, 0.02941, 
    0.02941, 0.02941), DF.data.balancing = c(0, 0, 0, 0, 0, 0, 
    0, 0, 0, 0, 0), DF.feature.selection = c(0, 0, 0, 0, 0, 0, 
    0, 0, 0, 0, 0), DF.valid.acc = c(0.92817, 0.94071, 0.94971, 
    0.94538, 0.92917, 0.95636, 0.95191, 0.94555, 0.95698, 0.93954, 
    0.95088), DF.test.acc = c(0.92784, 0.93019, 0.93997, 0.94121, 
    0.94904, 0.9385, 0.9487, 0.9519, 0.95404, 0.9509, 0.95365
    ), DF.train.time = c(0.0578, 0.0574, 0.0616, 0.0665, 0.0708, 
    0.076, 0.0814, 0.0863, 0.0906, 0.0981, 0.1067), DF.n.support.vectors = c(133.5, 
    144.9, 154.6, 167.3, 175.9, 183.8, 192.2, 199.6, 209.3, 220.2, 
    229.4), DF.index = c(1, 1, 1, 1, 1, 1, 1, 1, 1, 1, 1), DF.n.solutions = c(1, 
    1, 1, 1, 1, 1, 1, 1, 1, 1, 1), DF.generations = c(1, 1, 1, 
    1, 1, 1, 1, 1, 1, 1, 1), DF.n.evaluations = c(1, 1, 1, 1, 
    1, 1, 1, 1, 1, 1, 1), DF.cpu.time = c(3.251, 3.006, 3.079, 
    3.118, 3.183, 3.25, 3.352, 3.38, 3.465, 3.619, 3.857), SMBO.cost = c(6.20267611329386, 
    6.20267611329386, 6.20267611329386, 6.20267611329386, 6.20267611329386, 
    6.20267611329386, 6.20267611329386, 6.20267611329386, 6.20267611329386, 
    6.20267611329386, 6.20267611329386), SMBO.gamma = c(-10.074920657883, 
    -10.074920657883, -10.074920657883, -10.074920657883, -10.074920657883, 
    -10.074920657883, -10.074920657883, -10.074920657883, -10.074920657883, 
    -10.074920657883, -10.074920657883), SMBO.balanced.test.accuracy = c(0.966633947026104, 
    0.966633947026104, 0.966633947026104, 0.966633947026104, 
    0.966633947026104, 0.966633947026104, 0.966633947026104, 
    0.966633947026104, 0.966633947026104, 0.966633947026104, 
    0.966633947026104)), .Names = c("Sampling", "PSO.cost", "PSO.gamma", 
"PSO.data.balancing", "PSO.feature.selection", "PSO.valid.acc", 
"PSO.test.acc", "PSO.train.time", "PSO.n.support.vectors", "PSO.index", 
"PSO.n.solutions", "PSO.generations", "PSO.n.evaluations", "PSO.cpu.time", 
"RS.cost", "RS.gamma", "RS.data.balancing", "RS.feature.selection", 
"RS.valid.acc", "RS.test.acc", "RS.train.time", "RS.n.support.vectors", 
"RS.index", "RS.n.solutions", "RS.generations", "RS.n.evaluations", 
"RS.cpu.time", "DF.cost", "DF.gamma", "DF.data.balancing", "DF.feature.selection", 
"DF.valid.acc", "DF.test.acc", "DF.train.time", "DF.n.support.vectors", 
"DF.index", "DF.n.solutions", "DF.generations", "DF.n.evaluations", 
"DF.cpu.time", "SMBO.cost", "SMBO.gamma", "SMBO.balanced.test.accuracy"
), row.names = c(NA, -11L), class = "data.frame")
