new.sol <-
structure(list(Sampling = c(50, 55, 60, 65, 70, 75, 80, 85, 90, 
95, 100), PSO.cost = c(1.8099, 1.33354, 11.04257, 13.22617, 9.7635, 
0.46669, 2.4708, 7.38419, 4.98012, 12.26401, 9.70107), PSO.gamma = c(-3.90716, 
-3.85973, -14.03737, -3.60234, -4.26994, -3.62947, -4.46718, 
-10.38439, -7.82687, -14.19663, -11.91742), PSO.data.balancing = c(0, 
0, 0, 0, 0, 0, 0, 0, 0, 0, 0), PSO.feature.selection = c(0, 0, 
0, 0, 0, 0, 0, 0, 0, 0, 0), PSO.valid.acc = c(0.956, 0.94972, 
0.96337, 0.961, 0.96075, 0.967, 0.97253, 0.96773, 0.97543, 0.97387, 
0.96996), PSO.test.acc = c(0.93407, 0.95031, 0.9408, 0.95716, 
0.94905, 0.95176, 0.96908, 0.97075, 0.96926, 0.97092, 0.97025
), PSO.train.time = c(0.063, 0.0671, 0.0605, 0.0779, 0.077, 0.0919, 
0.0885, 0.0722, 0.0786, 0.0799, 0.0839), PSO.n.support.vectors = c(141.4, 
153, 127.3, 179.2, 179.7, 202.1, 194.8, 159.5, 166.5, 160.3, 
168.2), PSO.index = c(368, 55, 1087, 18, 17, 1119, 273, 155, 
645, 58, 156), PSO.n.solutions = c(925, 56, 5, 595, 1601, 94, 
766, 119, 52, 90, 75), PSO.generations = c(100, 100, 100, 100, 
100, 100, 100, 100, 100, 100, 100), PSO.n.evaluations = c(2500, 
2500, 2500, 2500, 2500, 2500, 2500, 2500, 2500, 2500, 2500), 
    PSO.cpu.time = c(9254.247, 9272.668, 9113.806, 9119.943, 
    9046.289, 9498.80099999999, 9469.37699999999, 9409.88100000001, 
    8975.12100000001, 9038.55900000001, 9270.13700000002), RS.cost = c(1.30418, 
    6.33737, 11.92948, 1.2959, 11.06246, 4.30373, 1.73384, 6.70181, 
    4.69768, 4.83434, 9.54012), RS.gamma = c(-4.12017, -9.06748, 
    -14.97719, -3.43241, -3.96548, -7.2114, -4.3818, -9.69242, 
    -7.46677, -6.92756, -11.78505), RS.data.balancing = c(0, 
    0, 0, 0, 0, 0, 0, 0, 0, 0, 0), RS.feature.selection = c(0, 
    0, 0, 0, 0, 0, 0, 0, 0, 0, 0), RS.valid.acc = c(0.956, 0.94946, 
    0.95882, 0.961, 0.96075, 0.96647, 0.97253, 0.96773, 0.97543, 
    0.97395, 0.96996), RS.test.acc = c(0.92808, 0.93047, 0.9408, 
    0.95716, 0.94905, 0.95588, 0.96218, 0.97075, 0.96926, 0.96504, 
    0.97025), RS.train.time = c(0.0615, 0.0576, 0.0637, 0.0755, 
    0.082, 0.0692, 0.0908, 0.0814, 0.0812, 0.0829, 0.0879), RS.n.support.vectors = c(139.5, 
    122.7, 127.5, 182.3, 184.6, 154, 197.1, 159.9, 167.2, 172.9, 
    168.3), RS.index = c(59, 29, 19, 28, 1, 1785, 624, 255, 125, 
    1858, 498), RS.n.solutions = c(7, 45, 23, 25, 73, 1, 4, 11, 
    1, 1, 5), RS.generations = c(100, 100, 100, 100, 100, 100, 
    100, 100, 100, 100, 100), RS.n.evaluations = c(2500, 2500, 
    2500, 2500, 2500, 2500, 2500, 2500, 2500, 2500, 2500), RS.cpu.time = c(9086.504, 
    9342.302, 9093.77600000001, 9050.459, 9458.81200000001, 9368.78, 
    9440.963, 9580.215, 9426.50899999999, 9678.48700000002, 10008.341
    ), DF.cost = c(1, 1, 1, 1, 1, 1, 1, 1, 1, 1, 1), DF.gamma = c(0.02941, 
    0.02941, 0.02941, 0.02941, 0.02941, 0.02941, 0.02941, 0.02941, 
    0.02941, 0.02941, 0.02941), DF.data.balancing = c(0, 0, 0, 
    0, 0, 0, 0, 0, 0, 0, 0), DF.feature.selection = c(0, 0, 0, 
    0, 0, 0, 0, 0, 0, 0, 0), DF.valid.acc = c(0.90739, 0.91994, 
    0.92679, 0.93073, 0.93751, 0.95256, 0.95529, 0.94784, 0.957, 
    0.95941, 0.9508), DF.test.acc = c(0.89402, 0.92523, 0.93133, 
    0.93108, 0.93322, 0.94528, 0.95517, 0.94462, 0.95362, 0.96227, 
    0.94284), DF.train.time = c(0.0567, 0.0587, 0.0643, 0.0671, 
    0.0719, 0.0778, 0.0847, 0.0862, 0.0908, 0.0965, 0.1022), 
    DF.n.support.vectors = c(135.3, 146.5, 157.3, 166.4, 175.8, 
    187.6, 196.3, 204.7, 213.7, 219.1, 230.4), DF.index = c(1, 
    1, 1, 1, 1, 1, 1, 1, 1, 1, 1), DF.n.solutions = c(1, 1, 1, 
    1, 1, 1, 1, 1, 1, 1, 1), DF.generations = c(1, 1, 1, 1, 1, 
    1, 1, 1, 1, 1, 1), DF.n.evaluations = c(1, 1, 1, 1, 1, 1, 
    1, 1, 1, 1, 1), DF.cpu.time = c(3.719, 3.677, 3.567, 3.486, 
    3.791, 3.646, 3.79, 3.524, 3.676, 3.825, 3.867), SMBO.cost = c(11.767374092443, 
    11.767374092443, 11.767374092443, 11.767374092443, 11.767374092443, 
    11.767374092443, 11.767374092443, 11.767374092443, 11.767374092443, 
    11.767374092443, 11.767374092443), SMBO.gamma = c(-14.7982017845314, 
    -14.7982017845314, -14.7982017845314, -14.7982017845314, 
    -14.7982017845314, -14.7982017845314, -14.7982017845314, 
    -14.7982017845314, -14.7982017845314, -14.7982017845314, 
    -14.7982017845314), SMBO.balanced.test.accuracy = c(0.96305872776461, 
    0.96305872776461, 0.96305872776461, 0.96305872776461, 0.96305872776461, 
    0.96305872776461, 0.96305872776461, 0.96305872776461, 0.96305872776461, 
    0.96305872776461, 0.96305872776461)), .Names = c("Sampling", 
"PSO.cost", "PSO.gamma", "PSO.data.balancing", "PSO.feature.selection", 
"PSO.valid.acc", "PSO.test.acc", "PSO.train.time", "PSO.n.support.vectors", 
"PSO.index", "PSO.n.solutions", "PSO.generations", "PSO.n.evaluations", 
"PSO.cpu.time", "RS.cost", "RS.gamma", "RS.data.balancing", "RS.feature.selection", 
"RS.valid.acc", "RS.test.acc", "RS.train.time", "RS.n.support.vectors", 
"RS.index", "RS.n.solutions", "RS.generations", "RS.n.evaluations", 
"RS.cpu.time", "DF.cost", "DF.gamma", "DF.data.balancing", "DF.feature.selection", 
"DF.valid.acc", "DF.test.acc", "DF.train.time", "DF.n.support.vectors", 
"DF.index", "DF.n.solutions", "DF.generations", "DF.n.evaluations", 
"DF.cpu.time", "SMBO.cost", "SMBO.gamma", "SMBO.balanced.test.accuracy"
), row.names = c(NA, -11L), class = "data.frame")
