new.sol <-
structure(list(Sampling = c(50, 55, 60, 65, 70, 75, 80, 85, 90, 
95, 100), PSO.cost = c(2.89447, 13.14255, 4.51279, 4.05361, 2.94185, 
7.90754, 8.11604, 5.38459, 13.92055, 9.99272, 9.2753), PSO.gamma = c(-7.69862, 
-14.88808, -6.21234, -6.35887, -6.08743, -9.82411, -10.06687, 
-7.77028, -14.90963, -11.61526, -12.5369), PSO.data.balancing = c(0, 
0, 0, 0, 0, 0, 0, 0, 0, 0, 0), PSO.feature.selection = c(0, 0, 
0, 0, 0, 0, 0, 0, 0, 0, 0), PSO.valid.acc = c(0.96156, 0.97021, 
0.96833, 0.96605, 0.96905, 0.97419, 0.9757, 0.96445, 0.97269, 
0.97401, 0.96989), PSO.test.acc = c(0.95129, 0.96045, 0.95795, 
0.95753, 0.9575, 0.96677, 0.9651, 0.95457, 0.96975, 0.96207, 
0.95075), PSO.train.time = c(0.0584, 0.0545, 0.0634, 0.0643, 
0.0652, 0.0691, 0.0733, 0.082, 0.0774, 0.0845, 0.0861), PSO.n.support.vectors = c(124.6, 
121.7, 133.9, 141.9, 150.9, 141.9, 149.5, 156.9, 154.5, 160.3, 
171), PSO.index = c(10, 21, 108, 912, 396, 48, 92, 1122, 180, 
80, 95), PSO.n.solutions = c(80, 339, 285, 88, 270, 146, 148, 
52, 363, 356, 225), PSO.generations = c(100, 100, 100, 100, 100, 
100, 100, 100, 100, 100, 100), PSO.n.evaluations = c(2500, 2500, 
2500, 2500, 2500, 2500, 2500, 2500, 2500, 2500, 2500), PSO.cpu.time = c(9160.291, 
9221.174, 9034.824, 9280.495, 8812.84600000001, 9055.576, 9129.644, 
9328.344, 9612.459, 9707.03599999999, 9707.41399999999), RS.cost = c(6.98488, 
10.67662, 4.39956, 4.39189, 2.44206, 11.99342, 12.18452, 5.79585, 
8.98991, 5.14341, 9.00629), RS.gamma = c(-11.89673, -12.27039, 
-6.21191, -6.33859, -5.51651, -13.93335, -14.13488, -8.1991, 
-10.03181, -6.49269, -12.21521), RS.data.balancing = c(0, 0, 
0, 0, 0, 0, 0, 0, 0, 0, 0), RS.feature.selection = c(0, 0, 0, 
0, 0, 0, 0, 0, 0, 0, 0), RS.valid.acc = c(0.96156, 0.97021, 0.96833, 
0.96605, 0.96505, 0.97419, 0.9757, 0.96445, 0.97269, 0.97671, 
0.96989), RS.test.acc = c(0.94048, 0.96521, 0.95795, 0.95788, 
0.9575, 0.96677, 0.9651, 0.95457, 0.96672, 0.97073, 0.95345), 
    RS.train.time = c(0.0533, 0.0602, 0.0611, 0.0625, 0.0702, 
    0.0674, 0.0688, 0.0774, 0.0781, 0.0876, 0.0877), RS.n.support.vectors = c(123.5, 
    121.8, 133.9, 141.3, 157, 139.9, 148.3, 155.7, 155.6, 173.4, 
    170.6), RS.index = c(682, 129, 98, 1799, 125, 57, 226, 742, 
    44, 1248, 16), RS.n.solutions = c(4, 16, 6, 1, 9, 10, 2, 
    1, 8, 2, 13), RS.generations = c(100, 100, 100, 100, 100, 
    100, 100, 100, 100, 100, 100), RS.n.evaluations = c(2500, 
    2500, 2500, 2500, 2500, 2500, 2500, 2500, 2500, 2500, 2500
    ), RS.cpu.time = c(9212.202, 9209.396, 9245.889, 9472.841, 
    9172.90599999999, 9315.018, 9525.139, 9395.821, 10091.535, 
    10196.651, 10035.759), DF.cost = c(1, 1, 1, 1, 1, 1, 1, 1, 
    1, 1, 1), DF.gamma = c(0.02941, 0.02941, 0.02941, 0.02941, 
    0.02941, 0.02941, 0.02941, 0.02941, 0.02941, 0.02941, 0.02941
    ), DF.data.balancing = c(0, 0, 0, 0, 0, 0, 0, 0, 0, 0, 0), 
    DF.feature.selection = c(0, 0, 0, 0, 0, 0, 0, 0, 0, 0, 0), 
    DF.valid.acc = c(0.93459, 0.93614, 0.95396, 0.93262, 0.94581, 
    0.95246, 0.94482, 0.93236, 0.94529, 0.95366, 0.94541), DF.test.acc = c(0.92436, 
    0.92006, 0.94011, 0.92774, 0.95752, 0.95576, 0.9545, 0.93226, 
    0.94831, 0.94239, 0.94527), DF.train.time = c(0.0561, 0.0615, 
    0.0674, 0.0662, 0.0741, 0.0782, 0.0776, 0.0868, 0.09, 0.098, 
    0.1041), DF.n.support.vectors = c(134.4, 144.6, 155.6, 166.5, 
    176.5, 186.5, 196.1, 206.3, 213.1, 220.1, 230.4), DF.index = c(1, 
    1, 1, 1, 1, 1, 1, 1, 1, 1, 1), DF.n.solutions = c(1, 1, 1, 
    1, 1, 1, 1, 1, 1, 1, 1), DF.generations = c(1, 1, 1, 1, 1, 
    1, 1, 1, 1, 1, 1), DF.n.evaluations = c(1, 1, 1, 1, 1, 1, 
    1, 1, 1, 1, 1), DF.cpu.time = c(3.671, 3.545, 3.648, 3.552, 
    3.752, 3.771, 3.733, 3.593, 3.92, 3.988, 3.718), SMBO.cost = c(2.52342803698004, 
    2.52342803698004, 2.52342803698004, 2.52342803698004, 2.52342803698004, 
    2.52342803698004, 2.52342803698004, 2.52342803698004, 2.52342803698004, 
    2.52342803698004, 2.52342803698004), SMBO.gamma = c(-5.19990464751698, 
    -5.19990464751698, -5.19990464751698, -5.19990464751698, 
    -5.19990464751698, -5.19990464751698, -5.19990464751698, 
    -5.19990464751698, -5.19990464751698, -5.19990464751698, 
    -5.19990464751698), SMBO.balanced.test.accuracy = c(0.969986347346187, 
    0.969986347346187, 0.969986347346187, 0.969986347346187, 
    0.969986347346187, 0.969986347346187, 0.969986347346187, 
    0.969986347346187, 0.969986347346187, 0.969986347346187, 
    0.969986347346187)), .Names = c("Sampling", "PSO.cost", "PSO.gamma", 
"PSO.data.balancing", "PSO.feature.selection", "PSO.valid.acc", 
"PSO.test.acc", "PSO.train.time", "PSO.n.support.vectors", "PSO.index", 
"PSO.n.solutions", "PSO.generations", "PSO.n.evaluations", "PSO.cpu.time", 
"RS.cost", "RS.gamma", "RS.data.balancing", "RS.feature.selection", 
"RS.valid.acc", "RS.test.acc", "RS.train.time", "RS.n.support.vectors", 
"RS.index", "RS.n.solutions", "RS.generations", "RS.n.evaluations", 
"RS.cpu.time", "DF.cost", "DF.gamma", "DF.data.balancing", "DF.feature.selection", 
"DF.valid.acc", "DF.test.acc", "DF.train.time", "DF.n.support.vectors", 
"DF.index", "DF.n.solutions", "DF.generations", "DF.n.evaluations", 
"DF.cpu.time", "SMBO.cost", "SMBO.gamma", "SMBO.balanced.test.accuracy"
), row.names = c(NA, -11L), class = "data.frame")
