new.sol <-
structure(list(Sampling = c(50, 55, 60, 65, 70, 75, 80, 85, 90, 
95, 100), PSO.cost = c(2.89302, 9.96509, 5.4161, 1.04879, 9.66185, 
10.47965, 1.68496, 4.36013, 0.68071, 3.99927, 11.43815), PSO.gamma = c(-3.37509, 
-3.57772, -9.21734, -5.12694, -12.63672, -12.49468, -5.44979, 
-6.27899, -4.67364, -9.00934, -14.96859), PSO.data.balancing = c(0, 
0, 0, 0, 0, 0, 0, 0, 0, 0, 0), PSO.feature.selection = c(0, 0, 
0, 0, 0, 0, 0, 0, 0, 0, 0), PSO.valid.acc = c(0.96137, 0.96437, 
0.95269, 0.94979, 0.96491, 0.95605, 0.97583, 0.97095, 0.97565, 
0.97092, 0.96177), PSO.test.acc = c(0.95117, 0.92776, 0.93488, 
0.93729, 0.95291, 0.94864, 0.96559, 0.96741, 0.95727, 0.95949, 
0.95627), PSO.train.time = c(0.064, 0.0633, 0.0583, 0.0696, 0.0647, 
0.0689, 0.0779, 0.076, 0.0912, 0.0897, 0.0896), PSO.n.support.vectors = c(142, 
153.4, 133.2, 155.5, 139.5, 145.8, 176.5, 168.4, 203.6, 195.8, 
174.5), PSO.index = c(194, 135, 106, 561, 193, 250, 680, 269, 
468, 68, 259), PSO.n.solutions = c(1312, 1213, 86, 3, 85, 50, 
142, 88, 374, 120, 68), PSO.generations = c(100, 100, 100, 100, 
100, 100, 100, 100, 100, 100, 100), PSO.n.evaluations = c(2500, 
2500, 2500, 2500, 2500, 2500, 2500, 2500, 2500, 2500, 2500), 
    PSO.cpu.time = c(9253.867, 8904.889, 8915.626, 9288.61500000001, 
    9354.29700000001, 9133.37299999999, 9319.125, 9404.758, 9960.927, 
    10002.053, 9532.49599999998), RS.cost = c(10.96851, 7.56714, 
    8.97765, 3.7794, 6.7753, 9.29968, 1.32882, 5.37572, 0.74287, 
    9.57855, 9.41546), RS.gamma = c(-3.45461, -3.6524, -12.85927, 
    -6.33927, -9.72829, -11.30527, -5.08172, -7.02616, -4.71382, 
    -14.69123, -12.92672), RS.data.balancing = c(0, 0, 0, 0, 
    0, 0, 0, 0, 0, 0, 0), RS.feature.selection = c(0, 0, 0, 0, 
    0, 0, 0, 0, 0, 0, 0), RS.valid.acc = c(0.96137, 0.96437, 
    0.95269, 0.94976, 0.96491, 0.95605, 0.9725, 0.96782, 0.97565, 
    0.97092, 0.96177), RS.test.acc = c(0.95117, 0.92776, 0.93012, 
    0.9498, 0.95291, 0.94864, 0.96893, 0.96741, 0.95727, 0.95949, 
    0.95627), RS.train.time = c(0.0592, 0.0616, 0.0595, 0.0657, 
    0.0676, 0.0682, 0.0803, 0.0782, 0.0911, 0.0883, 0.086), RS.n.support.vectors = c(141.5, 
    152.8, 132.1, 140.4, 140.7, 146.2, 181.4, 163.2, 202.7, 196.9, 
    174.7), RS.index = c(333, 110, 896, 671, 245, 1770, 1384, 
    350, 1308, 233, 547), RS.n.solutions = c(25, 32, 5, 1, 6, 
    1, 2, 5, 1, 12, 5), RS.generations = c(100, 100, 100, 100, 
    100, 100, 100, 100, 100, 100, 100), RS.n.evaluations = c(2500, 
    2500, 2500, 2500, 2500, 2500, 2500, 2500, 2500, 2500, 2500
    ), RS.cpu.time = c(8743.761, 8979.955, 9142.831, 9491.43599999999, 
    9475.018, 9325.224, 9487.408, 9780.09600000002, 10093.307, 
    10231.065, 9972.79200000002), DF.cost = c(1, 1, 1, 1, 1, 
    1, 1, 1, 1, 1, 1), DF.gamma = c(0.02941, 0.02941, 0.02941, 
    0.02941, 0.02941, 0.02941, 0.02941, 0.02941, 0.02941, 0.02941, 
    0.02941), DF.data.balancing = c(0, 0, 0, 0, 0, 0, 0, 0, 0, 
    0, 0), DF.feature.selection = c(0, 0, 0, 0, 0, 0, 0, 0, 0, 
    0, 0), DF.valid.acc = c(0.89704, 0.90111, 0.90346, 0.91191, 
    0.92995, 0.91883, 0.94511, 0.95783, 0.9603, 0.96235, 0.9478
    ), DF.test.acc = c(0.89119, 0.8752, 0.89842, 0.92929, 0.92196, 
    0.93392, 0.95202, 0.96429, 0.9512, 0.95949, 0.95066), DF.train.time = c(0.0569, 
    0.0631, 0.061, 0.0748, 0.0703, 0.0751, 0.0834, 0.0891, 0.0888, 
    0.0983, 0.1033), DF.n.support.vectors = c(136.6, 147.6, 157, 
    165.5, 175, 185.1, 194.5, 203, 212.9, 224.7, 228.6), DF.index = c(1, 
    1, 1, 1, 1, 1, 1, 1, 1, 1, 1), DF.n.solutions = c(1, 1, 1, 
    1, 1, 1, 1, 1, 1, 1, 1), DF.generations = c(1, 1, 1, 1, 1, 
    1, 1, 1, 1, 1, 1), DF.n.evaluations = c(1, 1, 1, 1, 1, 1, 
    1, 1, 1, 1, 1), DF.cpu.time = c(3.517, 3.609, 3.645, 3.774, 
    3.678, 3.705, 3.739, 3.921, 3.96, 3.777, 3.649), SMBO.cost = c(11.5352323494973, 
    11.5352323494973, 11.5352323494973, 11.5352323494973, 11.5352323494973, 
    11.5352323494973, 11.5352323494973, 11.5352323494973, 11.5352323494973, 
    11.5352323494973, 11.5352323494973), SMBO.gamma = c(-4.41648540869326, 
    -4.41648540869326, -4.41648540869326, -4.41648540869326, 
    -4.41648540869326, -4.41648540869326, -4.41648540869326, 
    -4.41648540869326, -4.41648540869326, -4.41648540869326, 
    -4.41648540869326), SMBO.balanced.test.accuracy = c(0.977709564687119, 
    0.977709564687119, 0.977709564687119, 0.977709564687119, 
    0.977709564687119, 0.977709564687119, 0.977709564687119, 
    0.977709564687119, 0.977709564687119, 0.977709564687119, 
    0.977709564687119)), .Names = c("Sampling", "PSO.cost", "PSO.gamma", 
"PSO.data.balancing", "PSO.feature.selection", "PSO.valid.acc", 
"PSO.test.acc", "PSO.train.time", "PSO.n.support.vectors", "PSO.index", 
"PSO.n.solutions", "PSO.generations", "PSO.n.evaluations", "PSO.cpu.time", 
"RS.cost", "RS.gamma", "RS.data.balancing", "RS.feature.selection", 
"RS.valid.acc", "RS.test.acc", "RS.train.time", "RS.n.support.vectors", 
"RS.index", "RS.n.solutions", "RS.generations", "RS.n.evaluations", 
"RS.cpu.time", "DF.cost", "DF.gamma", "DF.data.balancing", "DF.feature.selection", 
"DF.valid.acc", "DF.test.acc", "DF.train.time", "DF.n.support.vectors", 
"DF.index", "DF.n.solutions", "DF.generations", "DF.n.evaluations", 
"DF.cpu.time", "SMBO.cost", "SMBO.gamma", "SMBO.balanced.test.accuracy"
), row.names = c(NA, -11L), class = "data.frame")
