new.sol <-
structure(list(Sampling = c(50, 55, 60, 65, 70, 75, 80, 85, 90, 
95, 100), PSO.cost = c(13.40055, 3.94318, 6.79583, 5.30197, 5.34261, 
12.38371, 7.489, 9.40419, 1.68767, 5.28331, 8.43583), PSO.gamma = c(-4.62595, 
-4.62169, -9.2569, -7.70385, -4.06111, -14.7096, -11.66137, -11.05209, 
-5.01335, -7.32754, -9.6535), PSO.data.balancing = c(0, 0, 0, 
0, 0, 0, 0, 0, 0, 0, 0), PSO.feature.selection = c(0, 0, 0, 0, 
0, 0, 0, 0, 0, 0, 0), PSO.valid.acc = c(0.97807, 0.97021, 0.94476, 
0.96593, 0.98058, 0.96672, 0.96191, 0.97095, 0.96655, 0.96561, 
0.97815), PSO.test.acc = c(0.97251, 0.95545, 0.94929, 0.97029, 
0.96889, 0.9589, 0.95129, 0.97084, 0.95745, 0.96267, 0.97552), 
    PSO.train.time = c(0.063, 0.0636, 0.0577, 0.0595, 0.0786, 
    0.0676, 0.0743, 0.0764, 0.089, 0.0809, 0.0912), PSO.n.support.vectors = c(129.5, 
    140.4, 121.5, 132.9, 180.1, 141.8, 160, 150.9, 196.4, 172.6, 
    166.5), PSO.index = c(11, 64, 73, 292, 3, 1117, 388, 33, 
    526, 1067, 71), PSO.n.solutions = c(1660, 1217, 359, 107, 
    1405, 24, 14, 280, 615, 37, 319), PSO.generations = c(100, 
    100, 100, 100, 100, 100, 100, 100, 100, 100, 100), PSO.n.evaluations = c(2500, 
    2500, 2500, 2500, 2500, 2500, 2500, 2500, 2500, 2500, 2500
    ), PSO.cpu.time = c(9354.499, 9361.418, 8768.849, 9314.559, 
    9640.003, 9104.94, 9223.182, 9348.156, 9914.61599999998, 
    9775.329, 9673.984), RS.cost = c(11.68843, 8.80421, 7.48156, 
    5.6629, 2.91214, 7.41196, 5.52499, 9.07309, 1.14884, 2.43584, 
    10.7955), RS.gamma = c(-4.05119, -4.58379, -10.22404, -8.05079, 
    -5.78234, -9.79932, -9.91814, -10.54991, -4.22464, -4.18409, 
    -12.08513), RS.data.balancing = c(0, 0, 0, 0, 0, 0, 0, 0, 
    0, 0, 0), RS.feature.selection = c(0, 0, 0, 0, 0, 0, 0, 0, 
    0, 0, 0), RS.valid.acc = c(0.97807, 0.97021, 0.94476, 0.96593, 
    0.98075, 0.96658, 0.95869, 0.97095, 0.96342, 0.9683, 0.97815
    ), RS.test.acc = c(0.96696, 0.95545, 0.94475, 0.97029, 0.96873, 
    0.9589, 0.95462, 0.97084, 0.96039, 0.95965, 0.97552), RS.train.time = c(0.0594, 
    0.0684, 0.0585, 0.0601, 0.0695, 0.068, 0.0737, 0.0743, 0.1011, 
    0.1022, 0.086), RS.n.support.vectors = c(135.3, 141.1, 121.2, 
    132, 153.3, 142.7, 162.6, 151.8, 214.2, 222.1, 165.4), RS.index = c(11, 
    214, 14, 547, 1287, 21, 2192, 71, 1453, 1443, 38), RS.n.solutions = c(121, 
    15, 49, 4, 2, 21, 1, 45, 3, 1, 41), RS.generations = c(100, 
    100, 100, 100, 100, 100, 100, 100, 100, 100, 100), RS.n.evaluations = c(2500, 
    2500, 2500, 2500, 2500, 2500, 2500, 2500, 2500, 2500, 2500
    ), RS.cpu.time = c(9202.723, 9103.479, 9170.453, 9470.956, 
    9204.914, 9395.307, 9520.944, 9775.14999999999, 10086.057, 
    10198.421, 10264.289), DF.cost = c(1, 1, 1, 1, 1, 1, 1, 1, 
    1, 1, 1), DF.gamma = c(0.02941, 0.02941, 0.02941, 0.02941, 
    0.02941, 0.02941, 0.02941, 0.02941, 0.02941, 0.02941, 0.02941
    ), DF.data.balancing = c(0, 0, 0, 0, 0, 0, 0, 0, 0, 0, 0), 
    DF.feature.selection = c(0, 0, 0, 0, 0, 0, 0, 0, 0, 0, 0), 
    DF.valid.acc = c(0.92895, 0.92966, 0.91308, 0.94453, 0.95689, 
    0.94403, 0.94168, 0.9547, 0.94192, 0.94535, 0.95352), DF.test.acc = c(0.9345, 
    0.95069, 0.93107, 0.9487, 0.95258, 0.95502, 0.94143, 0.95158, 
    0.94789, 0.95394, 0.95623), DF.train.time = c(0.0555, 0.0569, 
    0.0646, 0.0704, 0.0689, 0.0801, 0.0827, 0.0873, 0.0946, 0.0971, 
    0.1023), DF.n.support.vectors = c(131.8, 144.9, 152, 162.3, 
    175.3, 183.5, 195.3, 204.6, 213.9, 223, 229.6), DF.index = c(1, 
    1, 1, 1, 1, 1, 1, 1, 1, 1, 1), DF.n.solutions = c(1, 1, 1, 
    1, 1, 1, 1, 1, 1, 1, 1), DF.generations = c(1, 1, 1, 1, 1, 
    1, 1, 1, 1, 1, 1), DF.n.evaluations = c(1, 1, 1, 1, 1, 1, 
    1, 1, 1, 1, 1), DF.cpu.time = c(3.659, 3.489, 3.644, 3.849, 
    3.639, 3.67, 3.764, 3.886, 3.954, 3.981, 3.936), SMBO.cost = c(5.99003226038474, 
    5.99003226038474, 5.99003226038474, 5.99003226038474, 5.99003226038474, 
    5.99003226038474, 5.99003226038474, 5.99003226038474, 5.99003226038474, 
    5.99003226038474, 5.99003226038474), SMBO.gamma = c(-9.18128352615064, 
    -9.18128352615064, -9.18128352615064, -9.18128352615064, 
    -9.18128352615064, -9.18128352615064, -9.18128352615064, 
    -9.18128352615064, -9.18128352615064, -9.18128352615064, 
    -9.18128352615064), SMBO.balanced.test.accuracy = c(0.977869352869353, 
    0.977869352869353, 0.977869352869353, 0.977869352869353, 
    0.977869352869353, 0.977869352869353, 0.977869352869353, 
    0.977869352869353, 0.977869352869353, 0.977869352869353, 
    0.977869352869353)), .Names = c("Sampling", "PSO.cost", "PSO.gamma", 
"PSO.data.balancing", "PSO.feature.selection", "PSO.valid.acc", 
"PSO.test.acc", "PSO.train.time", "PSO.n.support.vectors", "PSO.index", 
"PSO.n.solutions", "PSO.generations", "PSO.n.evaluations", "PSO.cpu.time", 
"RS.cost", "RS.gamma", "RS.data.balancing", "RS.feature.selection", 
"RS.valid.acc", "RS.test.acc", "RS.train.time", "RS.n.support.vectors", 
"RS.index", "RS.n.solutions", "RS.generations", "RS.n.evaluations", 
"RS.cpu.time", "DF.cost", "DF.gamma", "DF.data.balancing", "DF.feature.selection", 
"DF.valid.acc", "DF.test.acc", "DF.train.time", "DF.n.support.vectors", 
"DF.index", "DF.n.solutions", "DF.generations", "DF.n.evaluations", 
"DF.cpu.time", "SMBO.cost", "SMBO.gamma", "SMBO.balanced.test.accuracy"
), row.names = c(NA, -11L), class = "data.frame")
