new.sol <-
structure(list(Sampling = c(50, 55, 60, 65, 70, 75, 80, 85, 90, 
95, 100), PSO.cost = c(10.28319, 15, 4.13604, 15, 0.89662, 0.19893, 
12.82404, 0.64825, 7.00174, 8.48806, 8.55237), PSO.gamma = c(-4.43197, 
-3.33553, -7.26033, -3.40608, -2.97818, -3.53055, -14.40886, 
-3.26254, -8.93987, -11.61779, -10.81381), PSO.data.balancing = c(0, 
0, 0, 0, 0, 0, 0, 0, 0, 0, 0), PSO.feature.selection = c(0, 0, 
0, 0, 0, 0, 0, 0, 0, 0, 0), PSO.valid.acc = c(0.97365, 0.96967, 
0.95785, 0.97911, 0.96446, 0.95962, 0.97238, 0.97751, 0.97206, 
0.96829, 0.97294), PSO.test.acc = c(0.95615, 0.96914, 0.93459, 
0.96967, 0.95691, 0.95221, 0.96489, 0.96471, 0.96287, 0.96845, 
0.97031), PSO.train.time = c(0.0632, 0.0634, 0.0568, 0.0792, 
0.0837, 0.0917, 0.0703, 0.108, 0.084, 0.0825, 0.0844), PSO.n.support.vectors = c(133.8, 
155.1, 131.4, 179.5, 197.3, 199.9, 146.5, 229.3, 157.1, 163.7, 
166.3), PSO.index = c(18, 458, 350, 56, 1007, 322, 16, 1778, 
58, 83, 100), PSO.n.solutions = c(1167, 457, 43, 1131, 154, 489, 
303, 23, 111, 186, 321), PSO.generations = c(100, 100, 100, 100, 
100, 100, 100, 100, 100, 100, 100), PSO.n.evaluations = c(2500, 
2500, 2500, 2500, 2500, 2500, 2500, 2500, 2500, 2500, 2500), 
    PSO.cpu.time = c(9181.236, 9417.834, 9001.121, 9542.31299999999, 
    9746.35000000001, 9608.151, 9080.637, 9727.238, 9589.81299999999, 
    9595.049, 9302.00099999999), RS.cost = c(14.54246, 1.9034, 
    6.67283, 7.4921, 0.8397, 0.03033, 13.2179, 12.33699, 9.81621, 
    8.13584, 10.90512), RS.gamma = c(-4.17763, -3.34391, -7.09083, 
    -3.53496, -2.98449, -3.49207, -14.16572, -3.218, -11.78003, 
    -11.252, -13.23792), RS.data.balancing = c(0, 0, 0, 0, 0, 
    0, 0, 0, 0, 0, 0), RS.feature.selection = c(0, 0, 0, 0, 0, 
    0, 0, 0, 0, 0, 0), RS.valid.acc = c(0.97365, 0.96967, 0.95739, 
    0.97911, 0.96446, 0.95962, 0.97238, 0.97429, 0.97206, 0.96829, 
    0.97294), RS.test.acc = c(0.9499, 0.96914, 0.93479, 0.96967, 
    0.96091, 0.95221, 0.96501, 0.96149, 0.96287, 0.96845, 0.97031
    ), RS.train.time = c(0.0576, 0.0665, 0.0606, 0.0831, 0.0817, 
    0.0898, 0.0733, 0.1073, 0.0771, 0.0814, 0.0861), RS.n.support.vectors = c(135.3, 
    155, 131.4, 177.6, 197.3, 201.3, 146.1, 229.8, 154.4, 163.4, 
    166.8), RS.index = c(1, 540, 2, 56, 1113, 1800, 292, 12, 
    139, 502, 53), RS.n.solutions = c(69, 4, 78, 22, 1, 1, 46, 
    4, 7, 3, 20), RS.generations = c(100, 100, 100, 100, 100, 
    100, 100, 100, 100, 100, 100), RS.n.evaluations = c(2500, 
    2500, 2500, 2500, 2500, 2500, 2500, 2500, 2500, 2500, 2500
    ), RS.cpu.time = c(9163.059, 9329.508, 9160.76, 9454.69100000001, 
    9474.908, 9384.349, 9472.70300000001, 9790.44099999999, 10078.965, 
    9722.573, 9969.33499999999), DF.cost = c(1, 1, 1, 1, 1, 1, 
    1, 1, 1, 1, 1), DF.gamma = c(0.02941, 0.02941, 0.02941, 0.02941, 
    0.02941, 0.02941, 0.02941, 0.02941, 0.02941, 0.02941, 0.02941
    ), DF.data.balancing = c(0, 0, 0, 0, 0, 0, 0, 0, 0, 0, 0), 
    DF.feature.selection = c(0, 0, 0, 0, 0, 0, 0, 0, 0, 0, 0), 
    DF.valid.acc = c(0.9359, 0.94438, 0.95396, 0.94931, 0.94491, 
    0.94478, 0.94841, 0.95179, 0.95083, 0.95357, 0.95372), DF.test.acc = c(0.92731, 
    0.92935, 0.94441, 0.95331, 0.95246, 0.94453, 0.95532, 0.95481, 
    0.94155, 0.945, 0.94538), DF.train.time = c(0.0554, 0.0615, 
    0.0622, 0.0708, 0.0793, 0.0766, 0.0823, 0.0866, 0.0941, 0.0943, 
    0.1067), DF.n.support.vectors = c(132.5, 145.9, 155.2, 168.1, 
    176.3, 184.2, 195.2, 203.1, 211, 219.5, 229.7), DF.index = c(1, 
    1, 1, 1, 1, 1, 1, 1, 1, 1, 1), DF.n.solutions = c(1, 1, 1, 
    1, 1, 1, 1, 1, 1, 1, 1), DF.generations = c(1, 1, 1, 1, 1, 
    1, 1, 1, 1, 1, 1), DF.n.evaluations = c(1, 1, 1, 1, 1, 1, 
    1, 1, 1, 1, 1), DF.cpu.time = c(3.651, 3.773, 3.698, 3.769, 
    4.676, 3.655, 3.54, 3.872, 3.908, 3.791, 3.914), SMBO.cost = c(12.0583937407577, 
    12.0583937407577, 12.0583937407577, 12.0583937407577, 12.0583937407577, 
    12.0583937407577, 12.0583937407577, 12.0583937407577, 12.0583937407577, 
    12.0583937407577, 12.0583937407577), SMBO.gamma = c(-13.3232488122253, 
    -13.3232488122253, -13.3232488122253, -13.3232488122253, 
    -13.3232488122253, -13.3232488122253, -13.3232488122253, 
    -13.3232488122253, -13.3232488122253, -13.3232488122253, 
    -13.3232488122253), SMBO.balanced.test.accuracy = c(0.969107008111677, 
    0.969107008111677, 0.969107008111677, 0.969107008111677, 
    0.969107008111677, 0.969107008111677, 0.969107008111677, 
    0.969107008111677, 0.969107008111677, 0.969107008111677, 
    0.969107008111677)), .Names = c("Sampling", "PSO.cost", "PSO.gamma", 
"PSO.data.balancing", "PSO.feature.selection", "PSO.valid.acc", 
"PSO.test.acc", "PSO.train.time", "PSO.n.support.vectors", "PSO.index", 
"PSO.n.solutions", "PSO.generations", "PSO.n.evaluations", "PSO.cpu.time", 
"RS.cost", "RS.gamma", "RS.data.balancing", "RS.feature.selection", 
"RS.valid.acc", "RS.test.acc", "RS.train.time", "RS.n.support.vectors", 
"RS.index", "RS.n.solutions", "RS.generations", "RS.n.evaluations", 
"RS.cpu.time", "DF.cost", "DF.gamma", "DF.data.balancing", "DF.feature.selection", 
"DF.valid.acc", "DF.test.acc", "DF.train.time", "DF.n.support.vectors", 
"DF.index", "DF.n.solutions", "DF.generations", "DF.n.evaluations", 
"DF.cpu.time", "SMBO.cost", "SMBO.gamma", "SMBO.balanced.test.accuracy"
), row.names = c(NA, -11L), class = "data.frame")
