new.sol <-
structure(list(Sampling = c(50, 55, 60, 65, 70, 75, 80, 85, 90, 
95, 100), PSO.cost = c(14.30038, 11.15708, 1.52729, 8.32383, 
0.31743, 2.15431, 1.79693, 6.24731, 2.03, 6.72985, 4.50929), 
    PSO.gamma = c(-4.13231, -6.55464, -4.04497, -12.3961, -3.83185, 
    -3.74947, -4.07638, -10.58777, -3.72639, -8.82888, -6.38414
    ), PSO.data.balancing = c(0, 0, 0, 0, 0, 0, 0, 0, 0, 0, 0
    ), PSO.feature.selection = c(0, 0, 0, 0, 0, 0, 0, 0, 0, 0, 
    0), PSO.valid.acc = c(0.95064, 0.94509, 0.95927, 0.96229, 
    0.96476, 0.95919, 0.97241, 0.97047, 0.95991, 0.96234, 0.97545
    ), PSO.test.acc = c(0.95006, 0.94538, 0.95947, 0.95358, 0.96062, 
    0.95579, 0.96205, 0.96055, 0.95991, 0.95663, 0.96426), PSO.train.time = c(0.0617, 
    0.055, 0.0676, 0.0589, 0.0785, 0.0895, 0.0931, 0.0824, 0.1093, 
    0.083, 0.0915), PSO.n.support.vectors = c(133.4, 122, 156.9, 
    127.5, 183.7, 194.5, 196.6, 162.4, 225.9, 164.1, 183.2), 
    PSO.index = c(75, 2, 151, 79, 785, 1692, 142, 196, 12, 148, 
    191), PSO.n.solutions = c(1223, 1607, 192, 265, 364, 42, 
    179, 14, 751, 73, 233), PSO.generations = c(100, 100, 100, 
    100, 100, 100, 100, 100, 100, 100, 100), PSO.n.evaluations = c(2500, 
    2500, 2500, 2500, 2500, 2500, 2500, 2500, 2500, 2500, 2500
    ), PSO.cpu.time = c(9145.514, 8663.684, 8963.059, 9246.38499999999, 
    9720.81200000001, 9624.58899999999, 9427.897, 9439.80200000001, 
    10344.111, 9781.33099999998, 9966.74300000002), RS.cost = c(1.59804, 
    13.19904, 1.06156, 8.80822, 0.55035, 5.91402, 1.91887, 6.60353, 
    1.71139, 11.40179, 3.3671), RS.gamma = c(-5.03628, -6.65961, 
    -3.71043, -13.17902, -3.6781, -3.36053, -3.86826, -10.94941, 
    -3.36087, -13.54278, -5.24095), RS.data.balancing = c(0, 
    0, 0, 0, 0, 0, 0, 0, 0, 0, 0), RS.feature.selection = c(0, 
    0, 0, 0, 0, 0, 0, 0, 0, 0, 0), RS.valid.acc = c(0.95064, 
    0.94509, 0.95927, 0.96229, 0.96462, 0.95535, 0.97241, 0.97047, 
    0.95991, 0.96234, 0.97545), RS.test.acc = c(0.9448, 0.94538, 
    0.95471, 0.94923, 0.95677, 0.95208, 0.96562, 0.96055, 0.95393, 
    0.95663, 0.96704), RS.train.time = c(0.0569, 0.057, 0.0677, 
    0.0625, 0.0777, 0.0899, 0.0942, 0.0767, 0.1174, 0.0814, 0.0993
    ), RS.n.support.vectors = c(126, 121.6, 161.8, 130.5, 186, 
    201.3, 202.2, 162.2, 236.2, 160.9, 198.1), RS.index = c(15, 
    6, 840, 105, 1363, 11, 1660, 786, 945, 17, 452), RS.n.solutions = c(49, 
    382, 5, 25, 1, 27, 3, 1, 5, 3, 5), RS.generations = c(100, 
    100, 100, 100, 100, 100, 100, 100, 100, 100, 100), RS.n.evaluations = c(2500, 
    2500, 2500, 2500, 2500, 2500, 2500, 2500, 2500, 2500, 2500
    ), RS.cpu.time = c(8728.476, 8908.452, 9095.03200000001, 
    9448.425, 9539.63800000001, 9387.78899999999, 9504.97200000001, 
    9727.24000000002, 10101.931, 10258.857, 10321.763), DF.cost = c(1, 
    1, 1, 1, 1, 1, 1, 1, 1, 1, 1), DF.gamma = c(0.02941, 0.02941, 
    0.02941, 0.02941, 0.02941, 0.02941, 0.02941, 0.02941, 0.02941, 
    0.02941, 0.02941), DF.data.balancing = c(0, 0, 0, 0, 0, 0, 
    0, 0, 0, 0, 0), DF.feature.selection = c(0, 0, 0, 0, 0, 0, 
    0, 0, 0, 0, 0), DF.valid.acc = c(0.91322, 0.90483, 0.94563, 
    0.95396, 0.93735, 0.94106, 0.9517, 0.9511, 0.94749, 0.94788, 
    0.95352), DF.test.acc = c(0.91263, 0.92009, 0.92741, 0.94562, 
    0.9412, 0.94865, 0.95872, 0.94819, 0.95072, 0.94502, 0.94264
    ), DF.train.time = c(0.0569, 0.0603, 0.0637, 0.0665, 0.0723, 
    0.0785, 0.0821, 0.0893, 0.0954, 0.0974, 0.1053), DF.n.support.vectors = c(134.4, 
    145.3, 153.8, 163.4, 174.5, 182.4, 192.1, 202.6, 211.1, 219.7, 
    227.7), DF.index = c(1, 1, 1, 1, 1, 1, 1, 1, 1, 1, 1), DF.n.solutions = c(1, 
    1, 1, 1, 1, 1, 1, 1, 1, 1, 1), DF.generations = c(1, 1, 1, 
    1, 1, 1, 1, 1, 1, 1, 1), DF.n.evaluations = c(1, 1, 1, 1, 
    1, 1, 1, 1, 1, 1, 1), DF.cpu.time = c(3.475, 3.581, 3.614, 
    3.741, 3.662, 3.785, 3.781, 3.867, 4.012, 3.925, 3.957), 
    SMBO.cost = c(4.91904228698113, 4.91904228698113, 4.91904228698113, 
    4.91904228698113, 4.91904228698113, 4.91904228698113, 4.91904228698113, 
    4.91904228698113, 4.91904228698113, 4.91904228698113, 4.91904228698113
    ), SMBO.gamma = c(-7.94941670789849, -7.94941670789849, -7.94941670789849, 
    -7.94941670789849, -7.94941670789849, -7.94941670789849, 
    -7.94941670789849, -7.94941670789849, -7.94941670789849, 
    -7.94941670789849, -7.94941670789849), SMBO.balanced.test.accuracy = c(0.975422454556871, 
    0.975422454556871, 0.975422454556871, 0.975422454556871, 
    0.975422454556871, 0.975422454556871, 0.975422454556871, 
    0.975422454556871, 0.975422454556871, 0.975422454556871, 
    0.975422454556871)), .Names = c("Sampling", "PSO.cost", "PSO.gamma", 
"PSO.data.balancing", "PSO.feature.selection", "PSO.valid.acc", 
"PSO.test.acc", "PSO.train.time", "PSO.n.support.vectors", "PSO.index", 
"PSO.n.solutions", "PSO.generations", "PSO.n.evaluations", "PSO.cpu.time", 
"RS.cost", "RS.gamma", "RS.data.balancing", "RS.feature.selection", 
"RS.valid.acc", "RS.test.acc", "RS.train.time", "RS.n.support.vectors", 
"RS.index", "RS.n.solutions", "RS.generations", "RS.n.evaluations", 
"RS.cpu.time", "DF.cost", "DF.gamma", "DF.data.balancing", "DF.feature.selection", 
"DF.valid.acc", "DF.test.acc", "DF.train.time", "DF.n.support.vectors", 
"DF.index", "DF.n.solutions", "DF.generations", "DF.n.evaluations", 
"DF.cpu.time", "SMBO.cost", "SMBO.gamma", "SMBO.balanced.test.accuracy"
), row.names = c(NA, -11L), class = "data.frame")
