new.sol <-
structure(list(Sampling = c(50, 55, 60, 65, 70, 75, 80, 85, 90, 
95, 100), PSO.cost = c(2.79671, 11.20956, 2.65191, 4.59336, 7.08501, 
0.14495, 5.16457, 3.8299, 8.34677, 5.81923, 6.60884), PSO.gamma = c(-6.36514, 
-3.86579, -3.95401, -8.47211, -10.96729, -3.54196, -7.41405, 
-6.1967, -9.96903, -8.9893, -9.10156), PSO.data.balancing = c(0, 
0, 0, 0, 0, 0, 0, 0, 0, 0, 0), PSO.feature.selection = c(0, 0, 
0, 0, 0, 0, 0, 0, 0, 0, 0), PSO.valid.acc = c(0.95458, 0.97017, 
0.95856, 0.95396, 0.96073, 0.96716, 0.97213, 0.97749, 0.96352, 
0.96836, 0.96763), PSO.test.acc = c(0.9332, 0.96108, 0.94028, 
0.94483, 0.94104, 0.95589, 0.95153, 0.96092, 0.9695, 0.96508, 
0.962), PSO.train.time = c(0.0548, 0.0642, 0.0701, 0.0613, 0.0644, 
0.091, 0.0725, 0.0779, 0.0736, 0.087, 0.0884), PSO.n.support.vectors = c(118.9, 
150.1, 160.8, 136.8, 142.5, 203.2, 151.2, 167.8, 153.6, 169, 
172.7), PSO.index = c(423, 3, 1044, 80, 164, 759, 1122, 2086, 
179, 297, 50), PSO.n.solutions = c(203, 1219, 169, 616, 193, 
190, 50, 3, 138, 80, 257), PSO.generations = c(100, 100, 100, 
100, 100, 100, 100, 100, 100, 100, 100), PSO.n.evaluations = c(2500, 
2500, 2500, 2500, 2500, 2500, 2500, 2500, 2500, 2500, 2500), 
    PSO.cpu.time = c(8878.915, 8877.846, 9080.495, 9239.84, 9389.109, 
    9581.35800000001, 9071.23699999999, 9253.44100000001, 9613.13099999999, 
    9807.783, 9796.73800000001), RS.cost = c(2.35343, 13.51464, 
    2.20314, 3.58043, 10.4113, 6.80853, 9.1138, 5.78348, 12.82055, 
    4.63299, 8.36581), RS.gamma = c(-5.8135, -3.89255, -3.66245, 
    -7.64281, -14.4794, -3.22983, -10.95796, -8.46956, -14.29435, 
    -7.7952, -10.69549), RS.data.balancing = c(0, 0, 0, 0, 0, 
    0, 0, 0, 0, 0, 0), RS.feature.selection = c(0, 0, 0, 0, 0, 
    0, 0, 0, 0, 0, 0), RS.valid.acc = c(0.95458, 0.97017, 0.9581, 
    0.95396, 0.96073, 0.96362, 0.9688, 0.97427, 0.96352, 0.96836, 
    0.96763), RS.test.acc = c(0.9332, 0.96108, 0.94918, 0.94483, 
    0.94104, 0.94134, 0.95509, 0.96759, 0.9695, 0.95936, 0.962
    ), RS.train.time = c(0.0554, 0.0641, 0.0686, 0.0636, 0.0656, 
    0.0942, 0.0725, 0.0737, 0.0733, 0.0795, 0.0876), RS.n.support.vectors = c(121, 
    150, 165.3, 140.2, 144.1, 206.4, 145.7, 155.3, 152.8, 170.8, 
    170.5), RS.index = c(863, 104, 1487, 88, 6, 45, 320, 16, 
    129, 601, 33), RS.n.solutions = c(2, 16, 1, 34, 16, 12, 4, 
    9, 9, 6, 26), RS.generations = c(100, 100, 100, 100, 100, 
    100, 100, 100, 100, 100, 100), RS.n.evaluations = c(2500, 
    2500, 2500, 2500, 2500, 2500, 2500, 2500, 2500, 2500, 2500
    ), RS.cpu.time = c(8732.195, 8934.226, 9141.348, 9471.459, 
    9490.92599999999, 9310.91899999999, 9444.273, 9500.08100000001, 
    10116.021, 10206.329, 10298.269), DF.cost = c(1, 1, 1, 1, 
    1, 1, 1, 1, 1, 1, 1), DF.gamma = c(0.02941, 0.02941, 0.02941, 
    0.02941, 0.02941, 0.02941, 0.02941, 0.02941, 0.02941, 0.02941, 
    0.02941), DF.data.balancing = c(0, 0, 0, 0, 0, 0, 0, 0, 0, 
    0, 0), DF.feature.selection = c(0, 0, 0, 0, 0, 0, 0, 0, 0, 
    0, 0), DF.valid.acc = c(0.91065, 0.93564, 0.92945, 0.93215, 
    0.95303, 0.94547, 0.95461, 0.95405, 0.94827, 0.94784, 0.94826
    ), DF.test.acc = c(0.91765, 0.9604, 0.93441, 0.93612, 0.94117, 
    0.9342, 0.96139, 0.95082, 0.95121, 0.94178, 0.95374), DF.train.time = c(0.0559, 
    0.0584, 0.0662, 0.0714, 0.0768, 0.0774, 0.0825, 0.0861, 0.095, 
    0.0971, 0.1063), DF.n.support.vectors = c(132.5, 144.8, 156.4, 
    169.2, 179.7, 188, 194.2, 203.4, 210.7, 216.9, 229.5), DF.index = c(1, 
    1, 1, 1, 1, 1, 1, 1, 1, 1, 1), DF.n.solutions = c(1, 1, 1, 
    1, 1, 1, 1, 1, 1, 1, 1), DF.generations = c(1, 1, 1, 1, 1, 
    1, 1, 1, 1, 1, 1), DF.n.evaluations = c(1, 1, 1, 1, 1, 1, 
    1, 1, 1, 1, 1), DF.cpu.time = c(3.403, 3.616, 3.667, 3.733, 
    3.751, 3.575, 3.684, 3.701, 3.963, 4.016, 3.925), SMBO.cost = c(5.83742416199675, 
    5.83742416199675, 5.83742416199675, 5.83742416199675, 5.83742416199675, 
    5.83742416199675, 5.83742416199675, 5.83742416199675, 5.83742416199675, 
    5.83742416199675, 5.83742416199675), SMBO.gamma = c(-8.52231857899406, 
    -8.52231857899406, -8.52231857899406, -8.52231857899406, 
    -8.52231857899406, -8.52231857899406, -8.52231857899406, 
    -8.52231857899406, -8.52231857899406, -8.52231857899406, 
    -8.52231857899406), SMBO.balanced.test.accuracy = c(0.977338556505223, 
    0.977338556505223, 0.977338556505223, 0.977338556505223, 
    0.977338556505223, 0.977338556505223, 0.977338556505223, 
    0.977338556505223, 0.977338556505223, 0.977338556505223, 
    0.977338556505223)), .Names = c("Sampling", "PSO.cost", "PSO.gamma", 
"PSO.data.balancing", "PSO.feature.selection", "PSO.valid.acc", 
"PSO.test.acc", "PSO.train.time", "PSO.n.support.vectors", "PSO.index", 
"PSO.n.solutions", "PSO.generations", "PSO.n.evaluations", "PSO.cpu.time", 
"RS.cost", "RS.gamma", "RS.data.balancing", "RS.feature.selection", 
"RS.valid.acc", "RS.test.acc", "RS.train.time", "RS.n.support.vectors", 
"RS.index", "RS.n.solutions", "RS.generations", "RS.n.evaluations", 
"RS.cpu.time", "DF.cost", "DF.gamma", "DF.data.balancing", "DF.feature.selection", 
"DF.valid.acc", "DF.test.acc", "DF.train.time", "DF.n.support.vectors", 
"DF.index", "DF.n.solutions", "DF.generations", "DF.n.evaluations", 
"DF.cpu.time", "SMBO.cost", "SMBO.gamma", "SMBO.balanced.test.accuracy"
), row.names = c(NA, -11L), class = "data.frame")
