new.sol <-
structure(list(Sampling = c(50, 55, 60, 65, 70, 75, 80, 85, 90, 
95, 100), PSO.cost = c(3.30762, 4.90177, 4.50016, 3.47829, 15, 
2.19442, 6.25375, 7.78534, 2.13697, 6.68748, 4.23852), PSO.gamma = c(-5.72928, 
-5.60394, -4.6247, -5.91531, -3.98988, -3.81374, -6.04115, -11.39012, 
-4.56277, -9.86528, -7.98728), PSO.data.balancing = c(0, 0, 0, 
0, 0, 0, 0, 0, 0, 0, 0), PSO.feature.selection = c(0, 0, 0, 0, 
0, 0, 0, 0, 0, 0, 0), PSO.valid.acc = c(0.97363, 0.97017, 0.96767, 
0.99199, 0.97275, 0.96745, 0.96229, 0.96758, 0.97306, 0.97703, 
0.97792), PSO.test.acc = c(0.95126, 0.96014, 0.97636, 0.97526, 
0.95365, 0.95303, 0.95562, 0.96415, 0.9545, 0.97662, 0.96973), 
    PSO.train.time = c(0.0535, 0.0614, 0.0698, 0.0685, 0.0795, 
    0.0923, 0.0736, 0.0776, 0.0945, 0.0895, 0.0915), PSO.n.support.vectors = c(117.7, 
    130.5, 147.7, 146.3, 178.5, 191.4, 160.8, 159.6, 198.7, 166.3, 
    181.3), PSO.index = c(361, 105, 151, 362, 210, 715, 2, 276, 
    782, 126, 157), PSO.n.solutions = c(408, 1242, 795, 344, 
    656, 354, 1406, 131, 271, 217, 74), PSO.generations = c(100, 
    100, 100, 100, 100, 100, 100, 100, 100, 100, 100), PSO.n.evaluations = c(2500, 
    2500, 2500, 2500, 2500, 2500, 2500, 2500, 2500, 2500, 2500
    ), PSO.cpu.time = c(7895.362, 8037.81, 8316.13400000001, 
    8198.19, 8300.571, 8474.13100000001, 8303.538, 8520.833, 
    9232.253, 8983.74299999999, 9442.15600000002), RS.cost = c(3.07609, 
    12.50106, 7.78838, 2.99235, 7.04321, 1.95239, 9.85646, 7.55433, 
    1.9373, 8.06515, 10.4802), RS.gamma = c(-5.79896, -5.4309, 
    -4.62862, -5.66568, -3.97512, -3.91585, -10.172, -11.16479, 
    -3.77692, -11.28466, -13.33804), RS.data.balancing = c(0, 
    0, 0, 0, 0, 0, 0, 0, 0, 0, 0), RS.feature.selection = c(0, 
    0, 0, 0, 0, 0, 0, 0, 0, 0, 0), RS.valid.acc = c(0.97363, 
    0.97017, 0.96767, 0.99181, 0.97275, 0.96388, 0.96562, 0.96758, 
    0.9669, 0.97703, 0.97792), RS.test.acc = c(0.95626, 0.96014, 
    0.97636, 0.97142, 0.95365, 0.9566, 0.96264, 0.96415, 0.95753, 
    0.97662, 0.96703), RS.train.time = c(0.0552, 0.0573, 0.0699, 
    0.0646, 0.0794, 0.0913, 0.0711, 0.0752, 0.1091, 0.0852, 0.0876
    ), RS.n.support.vectors = c(117.6, 132.1, 147.6, 148.8, 178.7, 
    188.4, 145.2, 159.8, 224.9, 165.8, 168.5), RS.index = c(57, 
    181, 1244, 1539, 370, 377, 2006, 256, 25, 19, 592), RS.n.solutions = c(14, 
    23, 2, 1, 6, 5, 1, 8, 2, 19, 4), RS.generations = c(100, 
    100, 100, 100, 100, 100, 100, 100, 100, 100, 100), RS.n.evaluations = c(2500, 
    2500, 2500, 2500, 2500, 2500, 2500, 2500, 2500, 2500, 2500
    ), RS.cpu.time = c(7980.672, 8177.965, 8465.787, 8140.396, 
    8251.398, 8535.019, 8871.74099999999, 9014.295, 9314.64999999999, 
    9642.29199999999, 9998.70200000002), DF.cost = c(1, 1, 1, 
    1, 1, 1, 1, 1, 1, 1, 1), DF.gamma = c(0.02941, 0.02941, 0.02941, 
    0.02941, 0.02941, 0.02941, 0.02941, 0.02941, 0.02941, 0.02941, 
    0.02941), DF.data.balancing = c(0, 0, 0, 0, 0, 0, 0, 0, 0, 
    0, 0), DF.feature.selection = c(0, 0, 0, 0, 0, 0, 0, 0, 0, 
    0, 0), DF.valid.acc = c(0.93614, 0.93966, 0.93472, 0.95022, 
    0.95275, 0.94218, 0.94493, 0.94173, 0.95119, 0.95676, 0.95606
    ), DF.test.acc = c(0.93526, 0.94014, 0.93427, 0.96274, 0.93335, 
    0.94547, 0.94849, 0.94163, 0.94208, 0.95626, 0.95337), DF.train.time = c(0.0573, 
    0.0623, 0.0668, 0.0666, 0.0736, 0.0756, 0.0826, 0.0919, 0.093, 
    0.0996, 0.106), DF.n.support.vectors = c(131.3, 144.8, 152.8, 
    163.4, 172.5, 181.1, 192.3, 201.3, 209.8, 218.3, 229.5), 
    DF.index = c(1, 1, 1, 1, 1, 1, 1, 1, 1, 1, 1), DF.n.solutions = c(1, 
    1, 1, 1, 1, 1, 1, 1, 1, 1, 1), DF.generations = c(1, 1, 1, 
    1, 1, 1, 1, 1, 1, 1, 1), DF.n.evaluations = c(1, 1, 1, 1, 
    1, 1, 1, 1, 1, 1, 1), DF.cpu.time = c(3.225, 3.27, 3.361, 
    3.179, 3.214, 3.168, 3.385, 3.68, 3.483, 3.667, 3.726), SMBO.cost = c(10.792047788476, 
    10.792047788476, 10.792047788476, 10.792047788476, 10.792047788476, 
    10.792047788476, 10.792047788476, 10.792047788476, 10.792047788476, 
    10.792047788476, 10.792047788476), SMBO.gamma = c(-10.4221204330391, 
    -10.4221204330391, -10.4221204330391, -10.4221204330391, 
    -10.4221204330391, -10.4221204330391, -10.4221204330391, 
    -10.4221204330391, -10.4221204330391, -10.4221204330391, 
    -10.4221204330391), SMBO.balanced.test.accuracy = c(0.973762531328321, 
    0.973762531328321, 0.973762531328321, 0.973762531328321, 
    0.973762531328321, 0.973762531328321, 0.973762531328321, 
    0.973762531328321, 0.973762531328321, 0.973762531328321, 
    0.973762531328321)), .Names = c("Sampling", "PSO.cost", "PSO.gamma", 
"PSO.data.balancing", "PSO.feature.selection", "PSO.valid.acc", 
"PSO.test.acc", "PSO.train.time", "PSO.n.support.vectors", "PSO.index", 
"PSO.n.solutions", "PSO.generations", "PSO.n.evaluations", "PSO.cpu.time", 
"RS.cost", "RS.gamma", "RS.data.balancing", "RS.feature.selection", 
"RS.valid.acc", "RS.test.acc", "RS.train.time", "RS.n.support.vectors", 
"RS.index", "RS.n.solutions", "RS.generations", "RS.n.evaluations", 
"RS.cpu.time", "DF.cost", "DF.gamma", "DF.data.balancing", "DF.feature.selection", 
"DF.valid.acc", "DF.test.acc", "DF.train.time", "DF.n.support.vectors", 
"DF.index", "DF.n.solutions", "DF.generations", "DF.n.evaluations", 
"DF.cpu.time", "SMBO.cost", "SMBO.gamma", "SMBO.balanced.test.accuracy"
), row.names = c(NA, -11L), class = "data.frame")
