new.sol <-
structure(list(Sampling = c(50, 55, 60, 65, 70, 75, 80, 85, 90, 
95, 100), PSO.cost = c(6.61515, 12.32592, 3.90374, 13.81158, 
12.60049, 12.77277, 8.45573, 10.90901, 6.66883, 6.62896, 5.74842
), PSO.gamma = c(-7.29265, -4.76701, -6.15676, -3.64791, -6.71864, 
-5.89105, -5.52961, -5.34198, -4.78083, -4.22863, -3.73279), 
    PSO.data.balancing = c(0, 0, 0, 0, 0, 0, 0, 0, 0, 0, 0), 
    PSO.feature.selection = c(0, 0, 0, 0, 0, 0, 0, 0, 0, 0, 0
    ), PSO.valid.acc = c(0.96348, 0.98333, 0.97033, 0.97857, 
    0.98083, 0.98235, 0.97742, 0.98392, 0.98521, 0.99048, 0.98593
    ), PSO.test.acc = c(0.96515, 0.96667, 0.96264, 0.96429, 0.98042, 
    0.98235, 0.96598, 0.96199, 0.98045, 0.97119, 0.98139), PSO.train.time = c(0.0099, 
    0.0101, 0.0106, 0.0102, 0.0104, 0.0106, 0.0111, 0.0109, 0.0114, 
    0.0121, 0.0124), PSO.n.support.vectors = c(16.5, 14.7, 26.2, 
    19.3, 13, 14, 15.2, 14.2, 18.8, 22.7, 26.1), PSO.index = c(40, 
    5, 8, 84, 195, 63, 922, 55, 2289, 146, 14), PSO.n.solutions = c(258, 
    908, 223, 282, 359, 1465, 22, 1516, 3, 92, 710), PSO.generations = c(100, 
    100, 100, 100, 100, 100, 100, 100, 100, 100, 100), PSO.n.evaluations = c(2500, 
    2500, 2500, 2500, 2500, 2500, 2500, 2500, 2500, 2500, 2500
    ), PSO.cpu.time = c(6498.399, 6631.845, 6592.625, 6566.612, 
    6590.45699999999, 6633.762, 6687.322, 6593.008, 6601.99799999999, 
    6597.711, 6611.68700000001), RS.cost = c(7.1748, 10.27245, 
    6.74591, 9.01574, 13.17063, 14.69965, 12.0829, 14.04112, 
    6.73419, 7.1801, 5.71465), RS.gamma = c(-7.92007, -4.75392, 
    -9.35107, -3.68888, -7.1215, -6.57388, -9.19828, -6.8481, 
    -4.74467, -5.40607, -3.67021), RS.data.balancing = c(0, 0, 
    0, 0, 0, 0, 0, 0, 0, 0, 0), RS.feature.selection = c(0, 0, 
    0, 0, 0, 0, 0, 0, 0, 0, 0), RS.valid.acc = c(0.96348, 0.98333, 
    0.97033, 0.97857, 0.98083, 0.98235, 0.97153, 0.98392, 0.98521, 
    0.98571, 0.98593), RS.test.acc = c(0.96515, 0.96667, 0.96264, 
    0.96429, 0.98042, 0.98235, 0.96039, 0.98363, 0.97519, 0.97095, 
    0.98139), RS.train.time = c(0.0094, 0.0099, 0.0103, 0.0105, 
    0.0107, 0.011, 0.0103, 0.011, 0.0111, 0.0118, 0.0121), RS.n.support.vectors = c(16.8, 
    14.7, 26.1, 18.9, 12.4, 12.8, 12.7, 12.6, 18.3, 20.1, 26.6
    ), RS.index = c(63, 9, 80, 465, 1559, 224, 1024, 3, 1302, 
    591, 859), RS.n.solutions = c(19, 60, 51, 7, 1, 20, 5, 29, 
    2, 10, 9), RS.generations = c(100, 100, 100, 100, 100, 100, 
    100, 100, 100, 100, 100), RS.n.evaluations = c(2500, 2500, 
    2500, 2500, 2500, 2500, 2500, 2500, 2500, 2500, 2500), RS.cpu.time = c(6600.614, 
    6635.348, 6566.172, 6618.559, 6661.285, 6678.56199999999, 
    6689.749, 6627.01300000001, 6619.577, 6652.80900000001, 6626.31199999998
    ), DF.cost = c(1, 1, 1, 1, 1, 1, 1, 1, 1, 1, 1), DF.gamma = c(0.2, 
    0.2, 0.2, 0.2, 0.2, 0.2, 0.2, 0.2, 0.2, 0.2, 0.2), DF.data.balancing = c(0, 
    0, 0, 0, 0, 0, 0, 0, 0, 0, 0), DF.feature.selection = c(0, 
    0, 0, 0, 0, 0, 0, 0, 0, 0, 0), DF.valid.acc = c(0.93606, 
    0.94924, 0.95495, 0.9519, 0.95542, 0.95179, 0.95294, 0.95731, 
    0.96445, 0.94714, 0.94372), DF.test.acc = c(0.92606, 0.95758, 
    0.95495, 0.93762, 0.96167, 0.95142, 0.95294, 0.96287, 0.95945, 
    0.95667, 0.94848), DF.train.time = c(0.0104, 0.0109, 0.0107, 
    0.0108, 0.0121, 0.012, 0.0129, 0.0118, 0.0131, 0.0137, 0.0136
    ), DF.n.support.vectors = c(37.5, 39.1, 43.1, 42.7, 47.5, 
    49.9, 49.7, 52, 53.2, 56.6, 59.2), DF.index = c(1, 1, 1, 
    1, 1, 1, 1, 1, 1, 1, 1), DF.n.solutions = c(1, 1, 1, 1, 1, 
    1, 1, 1, 1, 1, 1), DF.generations = c(1, 1, 1, 1, 1, 1, 1, 
    1, 1, 1, 1), DF.n.evaluations = c(1, 1, 1, 1, 1, 1, 1, 1, 
    1, 1, 1), DF.cpu.time = c(2.699, 2.674, 2.584, 2.574, 2.712, 
    2.714, 2.736, 2.538, 2.622, 2.731, 2.658), SMBO.cost = c(14.9930648328052, 
    14.9930648328052, 14.9930648328052, 14.9930648328052, 14.9930648328052, 
    14.9930648328052, 14.9930648328052, 14.9930648328052, 14.9930648328052, 
    14.9930648328052, 14.9930648328052), SMBO.gamma = c(-10.4092429330603, 
    -10.4092429330603, -10.4092429330603, -10.4092429330603, 
    -10.4092429330603, -10.4092429330603, -10.4092429330603, 
    -10.4092429330603, -10.4092429330603, -10.4092429330603, 
    -10.4092429330603), SMBO.balanced.test.accuracy = c(0.986514719848053, 
    0.986514719848053, 0.986514719848053, 0.986514719848053, 
    0.986514719848053, 0.986514719848053, 0.986514719848053, 
    0.986514719848053, 0.986514719848053, 0.986514719848053, 
    0.986514719848053)), .Names = c("Sampling", "PSO.cost", "PSO.gamma", 
"PSO.data.balancing", "PSO.feature.selection", "PSO.valid.acc", 
"PSO.test.acc", "PSO.train.time", "PSO.n.support.vectors", "PSO.index", 
"PSO.n.solutions", "PSO.generations", "PSO.n.evaluations", "PSO.cpu.time", 
"RS.cost", "RS.gamma", "RS.data.balancing", "RS.feature.selection", 
"RS.valid.acc", "RS.test.acc", "RS.train.time", "RS.n.support.vectors", 
"RS.index", "RS.n.solutions", "RS.generations", "RS.n.evaluations", 
"RS.cpu.time", "DF.cost", "DF.gamma", "DF.data.balancing", "DF.feature.selection", 
"DF.valid.acc", "DF.test.acc", "DF.train.time", "DF.n.support.vectors", 
"DF.index", "DF.n.solutions", "DF.generations", "DF.n.evaluations", 
"DF.cpu.time", "SMBO.cost", "SMBO.gamma", "SMBO.balanced.test.accuracy"
), row.names = c(NA, -11L), class = "data.frame")
