new.sol <-
structure(list(Sampling = c(50, 55, 60, 65, 70, 75, 80, 85, 90, 
95, 100), PSO.cost = c(4.58506, 3.94104, 12.8671, 3.56517, 5.43933, 
12.47635, 13.62663, 10.89662, 12.68955, 4.30694, 11.42414), PSO.gamma = c(-4.03332, 
-3.02382, -9.2158, -2.8456, -3.62282, -12.05934, -9.32712, -7.11424, 
-10.96536, -2.694, -8.59248), PSO.data.balancing = c(0, 0, 0, 
0, 0, 0, 0, 0, 0, 0, 0), PSO.feature.selection = c(0, 0, 0, 0, 
0, 0, 0, 0, 0, 0, 0), PSO.valid.acc = c(0.96591, 0.96731, 0.97628, 
0.97081, 0.9675, 0.97537, 0.96569, 0.97859, 0.96969, 0.98095, 
0.97662), PSO.test.acc = c(0.94773, 0.96731, 0.95256, 0.95033, 
0.94702, 0.95074, 0.95458, 0.96715, 0.96469, 0.96665, 0.98139
), PSO.train.time = c(0.0108, 0.0106, 0.0099, 0.0106, 0.0157, 
0.0145, 0.0155, 0.0154, 0.0151, 0.017, 0.0155), PSO.n.support.vectors = c(23.3, 
28.9, 12.8, 33.1, 25.1, 19.8, 12.7, 13.3, 16.3, 36.7, 14.7), 
    PSO.index = c(44, 366, 649, 36, 26, 2280, 618, 143, 62, 4, 
    107), PSO.n.solutions = c(333, 48, 78, 1000, 205, 1, 109, 
    194, 368, 131, 378), PSO.generations = c(100, 100, 100, 100, 
    100, 100, 100, 100, 100, 100, 100), PSO.n.evaluations = c(2500, 
    2500, 2500, 2500, 2500, 2500, 2500, 2500, 2500, 2500, 2500
    ), PSO.cpu.time = c(6971.969, 7000.428, 6907.49, 9089.511, 
    10344.557, 10354.141, 10886.402, 11124.032, 10842.519, 10843.033, 
    11021.855), RS.cost = c(5.00887, 4.61332, 11.95531, 14.45603, 
    7.97493, 13.79778, 13.99056, 11.98274, 11.71884, 4.47429, 
    12.30206), RS.gamma = c(-4.68138, -2.38281, -8.47175, -10.04517, 
    -6.06567, -13.43636, -9.7325, -8.29473, -10.15664, -2.86887, 
    -9.47697), RS.data.balancing = c(0, 0, 0, 0, 0, 0, 0, 0, 
    0, 0, 0), RS.feature.selection = c(0, 0, 0, 0, 0, 0, 0, 0, 
    0, 0, 0), RS.valid.acc = c(0.96591, 0.96655, 0.97628, 0.97136, 
    0.9675, 0.96949, 0.96569, 0.97859, 0.96969, 0.98095, 0.97662
    ), RS.test.acc = c(0.94773, 0.96655, 0.95256, 0.9493, 0.95369, 
    0.95074, 0.94869, 0.97242, 0.96969, 0.96665, 0.98139), RS.train.time = c(0.0102, 
    0.0107, 0.0103, 0.0143, 0.0142, 0.0144, 0.0159, 0.0145, 0.0159, 
    0.0168, 0.0157), RS.n.support.vectors = c(21.7, 31.5, 13.1, 
    12.2, 15.9, 20, 12.9, 13.7, 16.9, 35.6, 14.6), RS.index = c(703, 
    319, 218, 1397, 43, 537, 2120, 922, 25, 248, 609), RS.n.solutions = c(17, 
    6, 5, 1, 14, 4, 2, 6, 43, 6, 2), RS.generations = c(100, 
    100, 100, 100, 100, 100, 100, 100, 100, 100, 100), RS.n.evaluations = c(2500, 
    2500, 2500, 2500, 2500, 2500, 2500, 2500, 2500, 2500, 2500
    ), RS.cpu.time = c(6945.462, 6933.058, 6894.881, 10197.792, 
    10283.333, 10748.734, 11078.25, 10957.841, 10799.372, 11182.836, 
    11281.187), DF.cost = c(1, 1, 1, 1, 1, 1, 1, 1, 1, 1, 1), 
    DF.gamma = c(0.2, 0.2, 0.2, 0.2, 0.2, 0.2, 0.2, 0.2, 0.2, 
    0.2, 0.2), DF.data.balancing = c(0, 0, 0, 0, 0, 0, 0, 0, 
    0, 0, 0), DF.feature.selection = c(0, 0, 0, 0, 0, 0, 0, 0, 
    0, 0, 0), DF.valid.acc = c(0.92182, 0.90041, 0.93321, 0.94319, 
    0.9475, 0.95147, 0.95458, 0.95728, 0.95969, 0.96165, 0.95368
    ), DF.test.acc = c(0.91273, 0.92413, 0.93987, 0.94264, 0.935, 
    0.95699, 0.96013, 0.96254, 0.95442, 0.96165, 0.94416), DF.train.time = c(0.0107, 
    0.0114, 0.0114, 0.0144, 0.0162, 0.0165, 0.0166, 0.0174, 0.0171, 
    0.0177, 0.0164), DF.n.support.vectors = c(41.7, 43.2, 45.5, 
    46, 48.1, 51.4, 53.9, 55.4, 57.6, 58.4, 58.1), DF.index = c(1, 
    1, 1, 1, 1, 1, 1, 1, 1, 1, 1), DF.n.solutions = c(1, 1, 1, 
    1, 1, 1, 1, 1, 1, 1, 1), DF.generations = c(1, 1, 1, 1, 1, 
    1, 1, 1, 1, 1, 1), DF.n.evaluations = c(1, 1, 1, 1, 1, 1, 
    1, 1, 1, 1, 1), DF.cpu.time = c(2.746, 2.836, 2.812, 4.059, 
    4.527, 4.447, 4.54, 4.642, 4.506, 4.62, 3.993), SMBO.cost = c(13.6419792220826, 
    13.6419792220826, 13.6419792220826, 13.6419792220826, 13.6419792220826, 
    13.6419792220826, 13.6419792220826, 13.6419792220826, 13.6419792220826, 
    13.6419792220826, 13.6419792220826), SMBO.gamma = c(-9.65959794956353, 
    -9.65959794956353, -9.65959794956353, -9.65959794956353, 
    -9.65959794956353, -9.65959794956353, -9.65959794956353, 
    -9.65959794956353, -9.65959794956353, -9.65959794956353, 
    -9.65959794956353), SMBO.balanced.test.accuracy = c(0.987085891267076, 
    0.987085891267076, 0.987085891267076, 0.987085891267076, 
    0.987085891267076, 0.987085891267076, 0.987085891267076, 
    0.987085891267076, 0.987085891267076, 0.987085891267076, 
    0.987085891267076)), .Names = c("Sampling", "PSO.cost", "PSO.gamma", 
"PSO.data.balancing", "PSO.feature.selection", "PSO.valid.acc", 
"PSO.test.acc", "PSO.train.time", "PSO.n.support.vectors", "PSO.index", 
"PSO.n.solutions", "PSO.generations", "PSO.n.evaluations", "PSO.cpu.time", 
"RS.cost", "RS.gamma", "RS.data.balancing", "RS.feature.selection", 
"RS.valid.acc", "RS.test.acc", "RS.train.time", "RS.n.support.vectors", 
"RS.index", "RS.n.solutions", "RS.generations", "RS.n.evaluations", 
"RS.cpu.time", "DF.cost", "DF.gamma", "DF.data.balancing", "DF.feature.selection", 
"DF.valid.acc", "DF.test.acc", "DF.train.time", "DF.n.support.vectors", 
"DF.index", "DF.n.solutions", "DF.generations", "DF.n.evaluations", 
"DF.cpu.time", "SMBO.cost", "SMBO.gamma", "SMBO.balanced.test.accuracy"
), row.names = c(NA, -11L), class = "data.frame")
