new.sol <-
structure(list(Sampling = c(50, 55, 60, 65, 70, 75, 80, 85, 90, 
95, 100), PSO.cost = c(14.6229, 13.70658, 15, 11.34074, 11.66662, 
5.44104, 1.13306, 3.66122, 4.48273, 9.52549, 11.64223), PSO.gamma = c(-15, 
-13.25924, -15, -11.87678, -13.91775, -6.55128, -2.03873, -3.94125, 
-1.38509, -7.73919, -7.77909), PSO.data.balancing = c(0, 0, 0, 
0, 0, 0, 0, 0, 0, 0, 0), PSO.feature.selection = c(0, 0, 0, 0, 
0, 0, 0, 0, 0, 0, 0), PSO.valid.acc = c(0.98167, 0.97564, 0.97747, 
0.9719, 0.9675, 0.9636, 0.97771, 0.98392, 0.97997, 0.98115, 0.9816
), PSO.test.acc = c(0.98167, 0.95897, 0.97033, 0.95707, 0.96661, 
0.96324, 0.96594, 0.96813, 0.96445, 0.97615, 0.98615), PSO.train.time = c(0.0108, 
0.0106, 0.011, 0.011, 0.0112, 0.0114, 0.0124, 0.0117, 0.0145, 
0.0126, 0.0126), PSO.n.support.vectors = c(14.5, 15.5, 15.5, 
18, 25.6, 22.1, 45.6, 27.2, 46.4, 17.1, 13.7), PSO.index = c(54, 
6, 209, 61, 12, 23, 208, 1001, 184, 1055, 196), PSO.n.solutions = c(444, 
505, 1369, 258, 164, 250, 469, 15, 515, 71, 376), PSO.generations = c(100, 
100, 100, 100, 100, 100, 100, 100, 100, 100, 100), PSO.n.evaluations = c(2500, 
2500, 2500, 2500, 2500, 2500, 2500, 2500, 2500, 2500, 2500), 
    PSO.cpu.time = c(7052.376, 6988.548, 6988.323, 6945.842, 
    6698.189, 6763.55799999999, 6834.291, 6639.689, 7285.84199999999, 
    7221.82400000001, 7225.745), RS.cost = c(8.79776, 1.74389, 
    12.22686, 13.43215, 10.4523, 11.9788, 1.34711, 3.27349, 4.34334, 
    9.57577, 11.69384), RS.gamma = c(-9.41882, -2.76154, -12.00351, 
    -13.62671, -12.76011, -12.25951, -2.38803, -3.55196, -1.63091, 
    -7.7453, -7.72702), RS.data.balancing = c(0, 0, 0, 0, 0, 
    0, 0, 0, 0, 0, 0), RS.feature.selection = c(0, 0, 0, 0, 0, 
    0, 0, 0, 0, 0, 0), RS.valid.acc = c(0.98167, 0.98397, 0.97747, 
    0.9719, 0.9675, 0.9636, 0.97771, 0.98392, 0.97997, 0.98115, 
    0.9816), RS.test.acc = c(0.98167, 0.95822, 0.97033, 0.95707, 
    0.96036, 0.96287, 0.96594, 0.96813, 0.96971, 0.97615, 0.98615
    ), RS.train.time = c(0.0105, 0.0111, 0.011, 0.0107, 0.0107, 
    0.0105, 0.0119, 0.0119, 0.0128, 0.0125, 0.0121), RS.n.support.vectors = c(15.1, 
    30.3, 15.4, 17.2, 25.9, 19.4, 42.5, 31.5, 45.1, 17.2, 13.3
    ), RS.index = c(31, 492, 22, 470, 28, 11, 386, 308, 1467, 
    311, 2306), RS.n.solutions = c(30, 3, 42, 16, 15, 58, 6, 
    2, 2, 2, 1), RS.generations = c(100, 100, 100, 100, 100, 
    100, 100, 100, 100, 100, 100), RS.n.evaluations = c(2500, 
    2500, 2500, 2500, 2500, 2500, 2500, 2500, 2500, 2500, 2500
    ), RS.cpu.time = c(7039.374, 6952.68, 7058.351, 7071.522, 
    6613.588, 6800.96900000001, 6681.52500000001, 7324.83799999999, 
    7228.01699999999, 7365.65899999999, 7297.356), DF.cost = c(1, 
    1, 1, 1, 1, 1, 1, 1, 1, 1, 1), DF.gamma = c(0.2, 0.2, 0.2, 
    0.2, 0.2, 0.2, 0.2, 0.2, 0.2, 0.2, 0.2), DF.data.balancing = c(0, 
    0, 0, 0, 0, 0, 0, 0, 0, 0, 0), DF.feature.selection = c(0, 
    0, 0, 0, 0, 0, 0, 0, 0, 0, 0), DF.valid.acc = c(0.96424, 
    0.94913, 0.96264, 0.94216, 0.94744, 0.9511, 0.95451, 0.95146, 
    0.95919, 0.95115, 0.95368), DF.test.acc = c(0.95424, 0.94913, 
    0.9543, 0.94985, 0.95369, 0.95735, 0.96039, 0.95146, 0.95392, 
    0.95139, 0.95823), DF.train.time = c(0.0127, 0.0115, 0.0116, 
    0.0117, 0.0119, 0.0126, 0.0128, 0.015, 0.0139, 0.0147, 0.0145
    ), DF.n.support.vectors = c(31, 35.7, 35.5, 40.4, 43.9, 45.9, 
    47.2, 50.3, 53.5, 56, 59.1), DF.index = c(1, 1, 1, 1, 1, 
    1, 1, 1, 1, 1, 1), DF.n.solutions = c(1, 1, 1, 1, 1, 1, 1, 
    1, 1, 1, 1), DF.generations = c(1, 1, 1, 1, 1, 1, 1, 1, 1, 
    1, 1), DF.n.evaluations = c(1, 1, 1, 1, 1, 1, 1, 1, 1, 1, 
    1), DF.cpu.time = c(2.788, 2.79, 2.888, 2.766, 2.737, 2.767, 
    2.695, 2.916, 2.959, 3.005, 2.777), SMBO.cost = c(9.43011442445117, 
    9.43011442445117, 9.43011442445117, 9.43011442445117, 9.43011442445117, 
    9.43011442445117, 9.43011442445117, 9.43011442445117, 9.43011442445117, 
    9.43011442445117, 9.43011442445117), SMBO.gamma = c(-8.46483452983494, 
    -8.46483452983494, -8.46483452983494, -8.46483452983494, 
    -8.46483452983494, -8.46483452983494, -8.46483452983494, 
    -8.46483452983494, -8.46483452983494, -8.46483452983494, 
    -8.46483452983494), SMBO.balanced.test.accuracy = c(0.969256348513314, 
    0.969256348513314, 0.969256348513314, 0.969256348513314, 
    0.969256348513314, 0.969256348513314, 0.969256348513314, 
    0.969256348513314, 0.969256348513314, 0.969256348513314, 
    0.969256348513314)), .Names = c("Sampling", "PSO.cost", "PSO.gamma", 
"PSO.data.balancing", "PSO.feature.selection", "PSO.valid.acc", 
"PSO.test.acc", "PSO.train.time", "PSO.n.support.vectors", "PSO.index", 
"PSO.n.solutions", "PSO.generations", "PSO.n.evaluations", "PSO.cpu.time", 
"RS.cost", "RS.gamma", "RS.data.balancing", "RS.feature.selection", 
"RS.valid.acc", "RS.test.acc", "RS.train.time", "RS.n.support.vectors", 
"RS.index", "RS.n.solutions", "RS.generations", "RS.n.evaluations", 
"RS.cpu.time", "DF.cost", "DF.gamma", "DF.data.balancing", "DF.feature.selection", 
"DF.valid.acc", "DF.test.acc", "DF.train.time", "DF.n.support.vectors", 
"DF.index", "DF.n.solutions", "DF.generations", "DF.n.evaluations", 
"DF.cpu.time", "SMBO.cost", "SMBO.gamma", "SMBO.balanced.test.accuracy"
), row.names = c(NA, -11L), class = "data.frame")
