new.sol <-
structure(list(Sampling = c(50, 55, 60, 65, 70, 75, 80, 85, 90, 
95, 100), PSO.cost = c(10.69859, 15, 6.83563, 10.84153, 6.57551, 
4.97558, 15, 6.26087, 6.2394, 9.95357, 8.48879), PSO.gamma = c(-3.62762, 
-2.84809, -4.88463, -8.38864, -4.47669, -2.07997, -11.62972, 
-5.38379, -4.34387, -8.17775, -7.44818), PSO.data.balancing = c(0, 
0, 0, 0, 0, 0, 0, 0, 0, 0, 0), PSO.feature.selection = c(0, 0, 
0, 0, 0, 0, 0, 0, 0, 0, 0), PSO.valid.acc = c(0.97, 0.96719, 
0.99167, 0.98516, 0.9875, 0.98787, 0.98856, 0.97836, 0.99, 0.97119, 
0.97273), PSO.test.acc = c(0.98, 0.95886, 0.96969, 0.96366, 0.97369, 
0.96912, 0.97712, 0.96199, 0.9686, 0.96643, 0.9632), PSO.train.time = c(0.0098, 
0.0103, 0.0104, 0.0105, 0.0112, 0.0119, 0.0116, 0.0114, 0.0118, 
0.0119, 0.0122), PSO.n.support.vectors = c(18.8, 23.2, 16.3, 
13.3, 19.9, 36.6, 12.1, 21.4, 22.4, 16.8, 19.8), PSO.index = c(4, 
104, 760, 27, 38, 619, 110, 118, 221, 28, 29), PSO.n.solutions = c(1345, 
163, 113, 972, 315, 148, 651, 281, 332, 365, 254), PSO.generations = c(100, 
100, 100, 100, 100, 100, 100, 100, 100, 100, 100), PSO.n.evaluations = c(2500, 
2500, 2500, 2500, 2500, 2500, 2500, 2500, 2500, 2500, 2500), 
    PSO.cpu.time = c(6846.487, 6963.721, 6676.493, 6584.46, 6674.457, 
    7085.519, 7119.102, 7173.557, 6852.356, 6885.37699999999, 
    7052.842), RS.cost = c(9.16675, 12.95565, 5.64893, 11.00455, 
    7.78086, 4.50256, 14.46762, 8.73073, 6.05686, 11.9826, 4.94719
    ), RS.gamma = c(-1.79939, -2.56826, -3.93248, -8.62448, -5.17502, 
    -1.16636, -10.79483, -7.6833, -4.15016, -10.47068, -4.29695
    ), RS.data.balancing = c(0, 0, 0, 0, 0, 0, 0, 0, 0, 0, 0), 
    RS.feature.selection = c(0, 0, 0, 0, 0, 0, 0, 0, 0, 0, 0), 
    RS.valid.acc = c(0.97167, 0.96719, 0.98452, 0.98516, 0.9875, 
    0.98162, 0.98856, 0.97836, 0.99, 0.97119, 0.97273), RS.test.acc = c(0.97167, 
    0.95886, 0.97683, 0.97081, 0.97994, 0.97537, 0.98268, 0.96725, 
    0.9686, 0.97143, 0.97251), RS.train.time = c(0.0105, 0.0104, 
    0.0106, 0.0101, 0.0113, 0.0128, 0.0114, 0.0122, 0.0114, 0.0114, 
    0.0123), RS.n.support.vectors = c(31.2, 25.3, 20.2, 13.3, 
    15.5, 42.6, 12, 18.3, 23.8, 17, 26.9), RS.index = c(151, 
    46, 121, 42, 331, 184, 155, 42, 428, 178, 4), RS.n.solutions = c(2, 
    7, 10, 78, 5, 11, 6, 20, 2, 43, 31), RS.generations = c(100, 
    100, 100, 100, 100, 100, 100, 100, 100, 100, 100), RS.n.evaluations = c(2500, 
    2500, 2500, 2500, 2500, 2500, 2500, 2500, 2500, 2500, 2500
    ), RS.cpu.time = c(6866.547, 6726.597, 6698.418, 6718.868, 
    6709.406, 7219.571, 6976.50599999999, 6918.49800000001, 7041.758, 
    6988.591, 7070.927), DF.cost = c(1, 1, 1, 1, 1, 1, 1, 1, 
    1, 1, 1), DF.gamma = c(0.2, 0.2, 0.2, 0.2, 0.2, 0.2, 0.2, 
    0.2, 0.2, 0.2, 0.2), DF.data.balancing = c(0, 0, 0, 0, 0, 
    0, 0, 0, 0, 0, 0), DF.feature.selection = c(0, 0, 0, 0, 0, 
    0, 0, 0, 0, 0, 0), DF.valid.acc = c(0.95424, 0.94207, 0.9239, 
    0.94106, 0.94696, 0.94407, 0.96569, 0.95058, 0.95886, 0.94714, 
    0.94459), DF.test.acc = c(0.94424, 0.94068, 0.93104, 0.93542, 
    0.95411, 0.94407, 0.94837, 0.95088, 0.9436, 0.94714, 0.9539
    ), DF.train.time = c(0.0106, 0.0108, 0.0114, 0.0112, 0.0119, 
    0.0123, 0.0124, 0.0133, 0.0135, 0.014, 0.0145), DF.n.support.vectors = c(39.3, 
    41.5, 45.4, 45.3, 48.9, 50.8, 53.5, 54.7, 58, 58.6, 59.3), 
    DF.index = c(1, 1, 1, 1, 1, 1, 1, 1, 1, 1, 1), DF.n.solutions = c(1, 
    1, 1, 1, 1, 1, 1, 1, 1, 1, 1), DF.generations = c(1, 1, 1, 
    1, 1, 1, 1, 1, 1, 1, 1), DF.n.evaluations = c(1, 1, 1, 1, 
    1, 1, 1, 1, 1, 1, 1), DF.cpu.time = c(2.837, 2.68, 2.659, 
    2.689, 2.664, 2.929, 2.738, 2.625, 2.756, 2.839, 2.911), 
    SMBO.cost = c(13.5004817385329, 13.5004817385329, 13.5004817385329, 
    13.5004817385329, 13.5004817385329, 13.5004817385329, 13.5004817385329, 
    13.5004817385329, 13.5004817385329, 13.5004817385329, 13.5004817385329
    ), SMBO.gamma = c(-9.58219469673197, -9.58219469673197, -9.58219469673197, 
    -9.58219469673197, -9.58219469673197, -9.58219469673197, 
    -9.58219469673197, -9.58219469673197, -9.58219469673197, 
    -9.58219469673197, -9.58219469673197), SMBO.balanced.test.accuracy = c(0.981762917933131, 
    0.981762917933131, 0.981762917933131, 0.981762917933131, 
    0.981762917933131, 0.981762917933131, 0.981762917933131, 
    0.981762917933131, 0.981762917933131, 0.981762917933131, 
    0.981762917933131)), .Names = c("Sampling", "PSO.cost", "PSO.gamma", 
"PSO.data.balancing", "PSO.feature.selection", "PSO.valid.acc", 
"PSO.test.acc", "PSO.train.time", "PSO.n.support.vectors", "PSO.index", 
"PSO.n.solutions", "PSO.generations", "PSO.n.evaluations", "PSO.cpu.time", 
"RS.cost", "RS.gamma", "RS.data.balancing", "RS.feature.selection", 
"RS.valid.acc", "RS.test.acc", "RS.train.time", "RS.n.support.vectors", 
"RS.index", "RS.n.solutions", "RS.generations", "RS.n.evaluations", 
"RS.cpu.time", "DF.cost", "DF.gamma", "DF.data.balancing", "DF.feature.selection", 
"DF.valid.acc", "DF.test.acc", "DF.train.time", "DF.n.support.vectors", 
"DF.index", "DF.n.solutions", "DF.generations", "DF.n.evaluations", 
"DF.cpu.time", "SMBO.cost", "SMBO.gamma", "SMBO.balanced.test.accuracy"
), row.names = c(NA, -11L), class = "data.frame")
