new.sol <-
structure(list(Sampling = c(50, 55, 60, 65, 70, 75, 80, 85, 90, 
95, 100), PSO.cost = c(5.88606, 10.29121, 5.3785, 5.49005, 11.87894, 
14.68634, 12.40232, 11.43982, 15, 8.15174, 5.75228), PSO.gamma = c(-2.66085, 
-4.92699, -2.068, -2.61092, -8.6512, -10.77636, -9.192, -1.81153, 
-9.72183, -6.75735, -3.65326), PSO.data.balancing = c(0, 0, 0, 
0, 0, 0, 0, 0, 0, 0, 0), PSO.feature.selection = c(0, 0, 0, 0, 
0, 0, 0, 0, 0, 0, 0), PSO.valid.acc = c(0.97182, 0.96667, 0.96731, 
0.97891, 0.96787, 0.9761, 0.96462, 0.98421, 0.98474, 0.97571, 
0.97706), PSO.test.acc = c(0.96273, 0.96667, 0.93883, 0.96552, 
0.9612, 0.97022, 0.95286, 0.97339, 0.96974, 0.96071, 0.97229), 
    PSO.train.time = c(0.0099, 0.01, 0.0123, 0.0128, 0.0121, 
    0.0122, 0.0113, 0.0123, 0.0119, 0.0118, 0.0121), PSO.n.support.vectors = c(26.2, 
    13, 31.3, 28.6, 11.8, 11, 12.2, 41.4, 10.8, 18.7, 26.2), 
    PSO.index = c(4, 9, 42, 2312, 116, 26, 1729, 3, 69, 1004, 
    137), PSO.n.solutions = c(110, 1246, 675, 1, 193, 1607, 16, 
    1533, 1210, 50, 596), PSO.generations = c(100, 100, 100, 
    100, 100, 100, 100, 100, 100, 100, 100), PSO.n.evaluations = c(2500, 
    2500, 2500, 2500, 2500, 2500, 2500, 2500, 2500, 2500, 2500
    ), PSO.cpu.time = c(6154.964, 6240.84, 8425.643, 8445.792, 
    8532.96199999999, 7763.66600000001, 6426.575, 6420.09999999999, 
    6420.85800000001, 6268.26199999999, 6250.266), RS.cost = c(6.47506, 
    4.00987, 4.88258, 5.8826, 14.49125, 13.4223, 10.81352, 9.91633, 
    14.6056, 8.25352, 6.31475), RS.gamma = c(-3.07253, -1.95678, 
    -1.68277, -2.80027, -11.19123, -9.18663, -7.6248, -1.22611, 
    -9.72079, -6.53481, -4.32104), RS.data.balancing = c(0, 0, 
    0, 0, 0, 0, 0, 0, 0, 0, 0), RS.feature.selection = c(0, 0, 
    0, 0, 0, 0, 0, 0, 0, 0, 0), RS.valid.acc = c(0.97182, 0.975, 
    0.96731, 0.97891, 0.96787, 0.9761, 0.96462, 0.98421, 0.98474, 
    0.97571, 0.97706), RS.test.acc = c(0.97182, 0.96591, 0.94716, 
    0.97177, 0.9612, 0.97022, 0.95286, 0.97895, 0.96974, 0.96071, 
    0.97706), RS.train.time = c(0.0101, 0.0119, 0.0124, 0.0118, 
    0.0124, 0.0128, 0.0104, 0.0136, 0.0118, 0.0119, 0.0116), 
    RS.n.support.vectors = c(22.1, 32.7, 35.7, 26.5, 11.3, 11.1, 
    12.6, 49.6, 11, 18, 22.8), RS.index = c(226, 1839, 53, 894, 
    68, 44, 62, 22, 455, 824, 331), RS.n.solutions = c(2, 2, 
    12, 4, 8, 26, 14, 98, 2, 2, 4), RS.generations = c(100, 100, 
    100, 100, 100, 100, 100, 100, 100, 100, 100), RS.n.evaluations = c(2500, 
    2500, 2500, 2500, 2500, 2500, 2500, 2500, 2500, 2500, 2500
    ), RS.cpu.time = c(6241.405, 7722.954, 8474.313, 8525.895, 
    8563.93400000001, 6455.705, 6408.049, 6446.95300000001, 6388.34699999999, 
    6280.046, 6348.655), DF.cost = c(1, 1, 1, 1, 1, 1, 1, 1, 
    1, 1, 1), DF.gamma = c(0.2, 0.2, 0.2, 0.2, 0.2, 0.2, 0.2, 
    0.2, 0.2, 0.2, 0.2), DF.data.balancing = c(0, 0, 0, 0, 0, 
    0, 0, 0, 0, 0, 0), DF.feature.selection = c(0, 0, 0, 0, 0, 
    0, 0, 0, 0, 0, 0), DF.valid.acc = c(0.93545, 0.94924, 0.92271, 
    0.94231, 0.94745, 0.94554, 0.94138, 0.95146, 0.95342, 0.95665, 
    0.95801), DF.test.acc = c(0.92636, 0.94924, 0.93874, 0.93516, 
    0.9412, 0.93966, 0.93587, 0.95146, 0.95342, 0.95165, 0.96255
    ), DF.train.time = c(0.0104, 0.0121, 0.0123, 0.0133, 0.0133, 
    0.0119, 0.0127, 0.013, 0.0128, 0.0131, 0.0139), DF.n.support.vectors = c(41.3, 
    41.7, 44.7, 46.7, 46.6, 48.8, 51.3, 54.5, 54.8, 57.6, 59.2
    ), DF.index = c(1, 1, 1, 1, 1, 1, 1, 1, 1, 1, 1), DF.n.solutions = c(1, 
    1, 1, 1, 1, 1, 1, 1, 1, 1, 1), DF.generations = c(1, 1, 1, 
    1, 1, 1, 1, 1, 1, 1, 1), DF.n.evaluations = c(1, 1, 1, 1, 
    1, 1, 1, 1, 1, 1, 1), DF.cpu.time = c(2.538, 3.39, 3.362, 
    3.432, 3.409, 2.575, 2.559, 2.572, 2.517, 2.51, 2.552), SMBO.cost = c(14.0452533928219, 
    14.0452533928219, 14.0452533928219, 14.0452533928219, 14.0452533928219, 
    14.0452533928219, 14.0452533928219, 14.0452533928219, 14.0452533928219, 
    14.0452533928219, 14.0452533928219), SMBO.gamma = c(-8.74566176229016, 
    -8.74566176229016, -8.74566176229016, -8.74566176229016, 
    -8.74566176229016, -8.74566176229016, -8.74566176229016, 
    -8.74566176229016, -8.74566176229016, -8.74566176229016, 
    -8.74566176229016), SMBO.balanced.test.accuracy = c(0.992856408675095, 
    0.992856408675095, 0.992856408675095, 0.992856408675095, 
    0.992856408675095, 0.992856408675095, 0.992856408675095, 
    0.992856408675095, 0.992856408675095, 0.992856408675095, 
    0.992856408675095)), .Names = c("Sampling", "PSO.cost", "PSO.gamma", 
"PSO.data.balancing", "PSO.feature.selection", "PSO.valid.acc", 
"PSO.test.acc", "PSO.train.time", "PSO.n.support.vectors", "PSO.index", 
"PSO.n.solutions", "PSO.generations", "PSO.n.evaluations", "PSO.cpu.time", 
"RS.cost", "RS.gamma", "RS.data.balancing", "RS.feature.selection", 
"RS.valid.acc", "RS.test.acc", "RS.train.time", "RS.n.support.vectors", 
"RS.index", "RS.n.solutions", "RS.generations", "RS.n.evaluations", 
"RS.cpu.time", "DF.cost", "DF.gamma", "DF.data.balancing", "DF.feature.selection", 
"DF.valid.acc", "DF.test.acc", "DF.train.time", "DF.n.support.vectors", 
"DF.index", "DF.n.solutions", "DF.generations", "DF.n.evaluations", 
"DF.cpu.time", "SMBO.cost", "SMBO.gamma", "SMBO.balanced.test.accuracy"
), row.names = c(NA, -11L), class = "data.frame")
