new.sol <-
structure(list(Sampling = c(50, 55, 60, 65, 70, 75, 80, 85, 90, 
95, 100), PSO.cost = c(8.45642, 6.88158, 8.54744, 5.62847, 14.5531, 
3.89422, 10.09885, 5.47154, 15, 6.8044, 8.06541), PSO.gamma = c(-7.80437, 
-0.95948, -2.51098, -3.95787, -1.58365, -4.42832, -6.95608, -2.50404, 
-15, -6.58853, -6.25553), PSO.data.balancing = c(0, 0, 0, 0, 
0, 0, 0, 0, 0, 0, 0), PSO.feature.selection = c(0, 0, 0, 0, 0, 
0, 0, 0, 0, 0, 0), PSO.valid.acc = c(0.99167, 0.97552, 0.98516, 
0.99286, 0.98661, 0.98162, 0.97712, 0.97895, 0.97974, 0.97595, 
0.97706), PSO.test.acc = c(0.97056, 0.93223, 0.97747, 0.98571, 
0.98661, 0.96949, 0.97124, 0.96257, 0.96474, 0.96665, 0.96753
), PSO.train.time = c(0.009, 0.0103, 0.0097, 0.0092, 0.0105, 
0.0099, 0.0105, 0.011, 0.0104, 0.0114, 0.0111), PSO.n.support.vectors = c(12.3, 
36.4, 25.9, 17.8, 37.1, 23.9, 11.6, 30.3, 20, 20.2, 18), PSO.index = c(23, 
4, 16, 41, 82, 679, 838, 94, 187, 52, 525), PSO.n.solutions = c(468, 
824, 1194, 930, 983, 17, 46, 175, 547, 82, 192), PSO.generations = c(100, 
100, 100, 100, 100, 100, 100, 100, 100, 100, 100), PSO.n.evaluations = c(2500, 
2500, 2500, 2500, 2500, 2500, 2500, 2500, 2500, 2500, 2500), 
    PSO.cpu.time = c(6315.534, 6117.897, 6092.549, 6089.483, 
    6189.771, 6080.49099999999, 6029.93699999999, 6016.776, 6090.072, 
    6087.768, 6031.132), RS.cost = c(8.55646, 6.93349, 7.35897, 
    4.11414, 9.18782, 2.27498, 10.34272, 5.31709, 12.97583, 5.99327, 
    9.31457), RS.gamma = c(-6.65031, -1.36535, -2.02724, -2.65528, 
    -1.5194, -3.37403, -7.02728, -2.38452, -12.92545, -5.70424, 
    -7.61343), RS.data.balancing = c(0, 0, 0, 0, 0, 0, 0, 0, 
    0, 0, 0), RS.feature.selection = c(0, 0, 0, 0, 0, 0, 0, 0, 
    0, 0, 0), RS.valid.acc = c(0.99167, 0.97552, 0.98516, 0.99286, 
    0.98661, 0.97574, 0.97712, 0.97895, 0.97974, 0.97141, 0.97251
    ), RS.test.acc = c(0.95146, 0.93147, 0.97747, 0.98571, 0.98661, 
    0.97537, 0.96536, 0.96257, 0.96474, 0.97141, 0.96775), RS.train.time = c(0.0093, 
    0.0095, 0.0098, 0.0107, 0.0116, 0.0105, 0.0102, 0.0114, 0.0103, 
    0.0106, 0.0115), RS.n.support.vectors = c(10.1, 33.3, 29.8, 
    27.4, 37.8, 30.3, 11.6, 32.2, 19.6, 21.2, 17.8), RS.index = c(5, 
    63, 10, 1244, 44, 1, 1347, 2490, 70, 841, 904), RS.n.solutions = c(90, 
    102, 42, 2, 51, 194, 2, 1, 18, 1, 1), RS.generations = c(100, 
    100, 100, 100, 100, 100, 100, 100, 100, 100, 100), RS.n.evaluations = c(2500, 
    2500, 2500, 2500, 2500, 2500, 2500, 2500, 2500, 2500, 2500
    ), RS.cpu.time = c(6212.314, 6128.785, 6093.955, 6155.512, 
    6081.70400000001, 6071.75900000001, 6055.715, 6108.61799999999, 
    6117.276, 6103.73599999999, 6152.14999999999), DF.cost = c(1, 
    1, 1, 1, 1, 1, 1, 1, 1, 1, 1), DF.gamma = c(0.2, 0.2, 0.2, 
    0.2, 0.2, 0.2, 0.2, 0.2, 0.2, 0.2, 0.2), DF.data.balancing = c(0, 
    0, 0, 0, 0, 0, 0, 0, 0, 0, 0), DF.feature.selection = c(0, 
    0, 0, 0, 0, 0, 0, 0, 0, 0, 0), DF.valid.acc = c(0.93419, 
    0.94068, 0.9544, 0.96571, 0.96702, 0.96324, 0.97647, 0.95643, 
    0.97024, 0.96617, 0.94848), DF.test.acc = c(0.92586, 0.93298, 
    0.93059, 0.97238, 0.97994, 0.97574, 0.9598, 0.95673, 0.95548, 
    0.96617, 0.95801), DF.train.time = c(0.0104, 0.0099, 0.0098, 
    0.0105, 0.0116, 0.0114, 0.0106, 0.012, 0.0125, 0.0123, 0.0123
    ), DF.n.support.vectors = c(34.2, 36.5, 41, 41.8, 43.9, 46.2, 
    47.3, 50, 51.1, 54.9, 58.4), DF.index = c(1, 1, 1, 1, 1, 
    1, 1, 1, 1, 1, 1), DF.n.solutions = c(1, 1, 1, 1, 1, 1, 1, 
    1, 1, 1, 1), DF.generations = c(1, 1, 1, 1, 1, 1, 1, 1, 1, 
    1, 1), DF.n.evaluations = c(1, 1, 1, 1, 1, 1, 1, 1, 1, 1, 
    1), DF.cpu.time = c(2.514, 2.417, 2.332, 2.385, 2.572, 2.509, 
    2.317, 2.431, 2.547, 2.394, 2.355), SMBO.cost = c(12.2602926956692, 
    12.2602926956692, 12.2602926956692, 12.2602926956692, 12.2602926956692, 
    12.2602926956692, 12.2602926956692, 12.2602926956692, 12.2602926956692, 
    12.2602926956692, 12.2602926956692), SMBO.gamma = c(-2.84224428845424, 
    -2.84224428845424, -2.84224428845424, -2.84224428845424, 
    -2.84224428845424, -2.84224428845424, -2.84224428845424, 
    -2.84224428845424, -2.84224428845424, -2.84224428845424, 
    -2.84224428845424), SMBO.balanced.test.accuracy = c(0.978086683969037, 
    0.978086683969037, 0.978086683969037, 0.978086683969037, 
    0.978086683969037, 0.978086683969037, 0.978086683969037, 
    0.978086683969037, 0.978086683969037, 0.978086683969037, 
    0.978086683969037)), .Names = c("Sampling", "PSO.cost", "PSO.gamma", 
"PSO.data.balancing", "PSO.feature.selection", "PSO.valid.acc", 
"PSO.test.acc", "PSO.train.time", "PSO.n.support.vectors", "PSO.index", 
"PSO.n.solutions", "PSO.generations", "PSO.n.evaluations", "PSO.cpu.time", 
"RS.cost", "RS.gamma", "RS.data.balancing", "RS.feature.selection", 
"RS.valid.acc", "RS.test.acc", "RS.train.time", "RS.n.support.vectors", 
"RS.index", "RS.n.solutions", "RS.generations", "RS.n.evaluations", 
"RS.cpu.time", "DF.cost", "DF.gamma", "DF.data.balancing", "DF.feature.selection", 
"DF.valid.acc", "DF.test.acc", "DF.train.time", "DF.n.support.vectors", 
"DF.index", "DF.n.solutions", "DF.generations", "DF.n.evaluations", 
"DF.cpu.time", "SMBO.cost", "SMBO.gamma", "SMBO.balanced.test.accuracy"
), row.names = c(NA, -11L), class = "data.frame")
