new.sol <-
structure(list(Sampling = c(50, 55, 60, 65, 70, 75, 80, 85, 90, 
95, 100), PSO.cost = c(9.34517, 13.46256, 6.12637, 12.00515, 
14.66506, 14.93647, 9.76659, 8.02089, 12.54005, 11.04158, 9.95139
), PSO.gamma = c(-8.37104, -9.97294, -5.8594, -9.30631, -11.16228, 
-3.37281, -10.76646, -7.78919, -11.51559, -7.9548, -6.91828), 
    PSO.data.balancing = c(0, 0, 0, 0, 0, 0, 0, 0, 0, 0, 0), 
    PSO.feature.selection = c(0, 0, 0, 0, 0, 0, 0, 0, 0, 0, 0
    ), PSO.valid.acc = c(0.97258, 0.96579, 0.96978, 0.97286, 
    0.98667, 0.97532, 0.97745, 0.98389, 0.98918, 0.98071, 0.97727
    ), PSO.test.acc = c(0.92697, 0.9581, 0.93956, 0.95952, 0.98, 
    0.96355, 0.96569, 0.97333, 0.97966, 0.97571, 0.96775), PSO.train.time = c(0.0104, 
    0.01, 0.0112, 0.0107, 0.0111, 0.0112, 0.0116, 0.0119, 0.0122, 
    0.012, 0.0119), PSO.n.support.vectors = c(14.2, 10.2, 19.3, 
    11.8, 10.6, 22, 24.3, 20, 16.8, 13.4, 14.3), PSO.index = c(607, 
    41, 45, 90, 21, 58, 251, 26, 3, 638, 135), PSO.n.solutions = c(205, 
    331, 189, 423, 463, 1559, 76, 213, 87, 101, 132), PSO.generations = c(100, 
    100, 100, 100, 100, 100, 100, 100, 100, 100, 100), PSO.n.evaluations = c(2500, 
    2500, 2500, 2500, 2500, 2500, 2500, 2500, 2500, 2500, 2500
    ), PSO.cpu.time = c(7081.006, 7103.357, 7553.48, 7479.603, 
    7508.756, 7362.769, 7336.78599999999, 7722.7, 7479.996, 7192.155, 
    7201.99900000001), RS.cost = c(9.15849, 13.02407, 9.33432, 
    12.1161, 14.95867, 11.69011, 12.92216, 8.85585, 12.94445, 
    10.5927, 8.21633), RS.gamma = c(-8.16597, -9.66696, -9.06035, 
    -8.9758, -11.35721, -3.93598, -13.93093, -8.66161, -11.92271, 
    -7.68072, -5.82842), RS.data.balancing = c(0, 0, 0, 0, 0, 
    0, 0, 0, 0, 0, 0), RS.feature.selection = c(0, 0, 0, 0, 0, 
    0, 0, 0, 0, 0, 0), RS.valid.acc = c(0.97258, 0.96579, 0.96978, 
    0.97286, 0.98667, 0.97532, 0.97745, 0.98389, 0.98918, 0.98071, 
    0.97727), RS.test.acc = c(0.92697, 0.96579, 0.94725, 0.95905, 
    0.98, 0.96355, 0.96569, 0.97333, 0.97966, 0.98071, 0.97251
    ), RS.train.time = c(0.01, 0.0106, 0.0109, 0.0108, 0.0113, 
    0.0111, 0.0117, 0.012, 0.0112, 0.0111, 0.012), RS.n.support.vectors = c(14.2, 
    10.3, 17.3, 10.7, 10.4, 17.7, 24.4, 20.5, 16.8, 13.5, 17), 
    RS.index = c(1121, 92, 237, 317, 2051, 44, 498, 41, 179, 
    120, 503), RS.n.solutions = c(1, 30, 15, 29, 1, 87, 8, 24, 
    2, 4, 1), RS.generations = c(100, 100, 100, 100, 100, 100, 
    100, 100, 100, 100, 100), RS.n.evaluations = c(2500, 2500, 
    2500, 2500, 2500, 2500, 2500, 2500, 2500, 2500, 2500), RS.cpu.time = c(7140.355, 
    7182.75, 7479.894, 7549.68, 7444.86599999999, 7397.264, 7463.39999999999, 
    7539.53600000001, 7266.493, 7272.21400000001, 9262.606), 
    DF.cost = c(1, 1, 1, 1, 1, 1, 1, 1, 1, 1, 1), DF.gamma = c(0.2, 
    0.2, 0.2, 0.2, 0.2, 0.2, 0.2, 0.2, 0.2, 0.2, 0.2), DF.data.balancing = c(0, 
    0, 0, 0, 0, 0, 0, 0, 0, 0, 0), DF.feature.selection = c(0, 
    0, 0, 0, 0, 0, 0, 0, 0, 0, 0), DF.valid.acc = c(0.9353, 0.92325, 
    0.92299, 0.92993, 0.94792, 0.95105, 0.96046, 0.96333, 0.95458, 
    0.9469, 0.95823), DF.test.acc = c(0.91712, 0.93234, 0.93892, 
    0.93549, 0.95417, 0.95105, 0.96046, 0.95722, 0.9649, 0.9469, 
    0.95823), DF.train.time = c(0.0105, 0.0129, 0.0122, 0.0113, 
    0.0139, 0.0126, 0.0128, 0.0132, 0.0141, 0.0132, 0.0161), 
    DF.n.support.vectors = c(35.1, 38.3, 41.8, 46.3, 48.4, 50.1, 
    51.4, 54.9, 56, 58.9, 58.5), DF.index = c(1, 1, 1, 1, 1, 
    1, 1, 1, 1, 1, 1), DF.n.solutions = c(1, 1, 1, 1, 1, 1, 1, 
    1, 1, 1, 1), DF.generations = c(1, 1, 1, 1, 1, 1, 1, 1, 1, 
    1, 1), DF.n.evaluations = c(1, 1, 1, 1, 1, 1, 1, 1, 1, 1, 
    1), DF.cpu.time = c(2.915, 2.865, 3.077, 2.837, 2.919, 2.86, 
    3.031, 3.062, 2.96, 2.888, 4.186), SMBO.cost = c(11.1758659526414, 
    11.1758659526414, 11.1758659526414, 11.1758659526414, 11.1758659526414, 
    11.1758659526414, 11.1758659526414, 11.1758659526414, 11.1758659526414, 
    11.1758659526414, 11.1758659526414), SMBO.gamma = c(-1.70463441340369, 
    -1.70463441340369, -1.70463441340369, -1.70463441340369, 
    -1.70463441340369, -1.70463441340369, -1.70463441340369, 
    -1.70463441340369, -1.70463441340369, -1.70463441340369, 
    -1.70463441340369), SMBO.balanced.test.accuracy = c(0.987477954144621, 
    0.987477954144621, 0.987477954144621, 0.987477954144621, 
    0.987477954144621, 0.987477954144621, 0.987477954144621, 
    0.987477954144621, 0.987477954144621, 0.987477954144621, 
    0.987477954144621)), .Names = c("Sampling", "PSO.cost", "PSO.gamma", 
"PSO.data.balancing", "PSO.feature.selection", "PSO.valid.acc", 
"PSO.test.acc", "PSO.train.time", "PSO.n.support.vectors", "PSO.index", 
"PSO.n.solutions", "PSO.generations", "PSO.n.evaluations", "PSO.cpu.time", 
"RS.cost", "RS.gamma", "RS.data.balancing", "RS.feature.selection", 
"RS.valid.acc", "RS.test.acc", "RS.train.time", "RS.n.support.vectors", 
"RS.index", "RS.n.solutions", "RS.generations", "RS.n.evaluations", 
"RS.cpu.time", "DF.cost", "DF.gamma", "DF.data.balancing", "DF.feature.selection", 
"DF.valid.acc", "DF.test.acc", "DF.train.time", "DF.n.support.vectors", 
"DF.index", "DF.n.solutions", "DF.generations", "DF.n.evaluations", 
"DF.cpu.time", "SMBO.cost", "SMBO.gamma", "SMBO.balanced.test.accuracy"
), row.names = c(NA, -11L), class = "data.frame")
