new.sol <-
structure(list(Sampling = c(50, 55, 60, 65, 70, 75, 80, 85, 90, 
95, 100), PSO.cost = c(3.13582, 2.68781, 4.20234, 11.26922, 4.99283, 
1.82358, 12.60206, 7.40936, 4.77082, -0.17791, 2.85337), PSO.gamma = c(-1.63301, 
-10.17312, -4.02254, -6.53252, -3.56216, -3.92166, -7.27536, 
-5.9278, -4.01971, 0.42738, 1.22071), PSO.data.balancing = c(0, 
0, 0, 0, 0, 0, 0, 0, 0, 0, 0), PSO.feature.selection = c(0, 0, 
0, 0, 0, 0, 0, 0, 0, 0, 0), PSO.valid.acc = c(0.7477, 0.70302, 
0.70723, 0.72913, 0.74323, 0.72494, 0.72415, 0.73397, 0.72504, 
0.71894, 0.72801), PSO.test.acc = c(0.68833, 0.70302, 0.67471, 
0.68566, 0.73285, 0.69426, 0.70657, 0.69864, 0.6955, 0.70779, 
0.70526), PSO.train.time = c(0.0329, 0.0338, 0.0402, 0.1142, 
0.0486, 0.0484, 0.2333, 0.0648, 0.0687, 0.0821, 0.1069), PSO.n.support.vectors = c(159.8, 
161.6, 177, 174.2, 198.7, 222.5, 214.3, 235.9, 259.1, 395.8, 
422), PSO.index = c(576, 4, 1723, 2121, 856, 979, 817, 1389, 
620, 1810, 1872), PSO.n.solutions = c(75, 1902, 19, 3, 241, 88, 
261, 70, 198, 1, 16), PSO.generations = c(100, 100, 100, 100, 
100, 100, 100, 100, 100, 100, 100), PSO.n.evaluations = c(2500, 
2500, 2500, 2500, 2500, 2500, 2500, 2500, 2500, 2500, 2500), 
    PSO.cpu.time = c(8794.652, 8597.403, 8715.929, 10399.7, 8968.034, 
    8856.875, 13207.899, 9227.606, 8714.71400000001, 8503.353, 
    9442.40899999999), RS.cost = c(9.29701, -0.89125, 4.36689, 
    11.59939, 4.60153, 0.12431, 13.679, 7.73182, 5.13232, -0.04414, 
    2.7723), RS.gamma = c(-3.5606, -12.89988, -4.15274, -6.73846, 
    -3.43243, 0.44616, -7.69207, -6.12434, -4.13359, 0.95014, 
    1.40558), RS.data.balancing = c(0, 0, 0, 0, 0, 0, 0, 0, 0, 
    0, 0), RS.feature.selection = c(0, 0, 0, 0, 0, 0, 0, 0, 0, 
    0, 0), RS.valid.acc = c(0.73723, 0.70302, 0.71008, 0.72635, 
    0.73567, 0.72499, 0.72193, 0.7298, 0.71915, 0.7152, 0.72619
    ), RS.test.acc = c(0.67096, 0.70302, 0.67176, 0.68288, 0.72804, 
    0.72256, 0.70435, 0.69864, 0.69547, 0.71146, 0.69652), RS.train.time = c(0.0667, 
    0.0301, 0.0379, 0.1338, 0.0512, 0.0609, 0.3789, 0.0644, 0.0719, 
    0.0907, 0.1083), RS.n.support.vectors = c(121.3, 151, 176.7, 
    173.4, 201.8, 315, 213.3, 235.3, 258.2, 408.4, 430), RS.index = c(1948, 
    1, 1531, 1475, 436, 614, 900, 991, 1208, 2380, 1881), RS.n.solutions = c(1, 
    752, 1, 1, 1, 1, 2, 1, 2, 1, 1), RS.generations = c(100, 
    100, 100, 100, 100, 100, 100, 100, 100, 100, 100), RS.n.evaluations = c(2500, 
    2500, 2500, 2500, 2500, 2500, 2500, 2500, 2500, 2500, 2500
    ), RS.cpu.time = c(8980.37, 9149.682, 9465.255, 9676.201, 
    9600.51700000001, 10003.3, 10308.391, 10153.238, 10390.138, 
    10358.57, 11239.829), DF.cost = c(1, 1, 1, 1, 1, 1, 1, 1, 
    1, 1, 1), DF.gamma = c(0.1, 0.1, 0.1, 0.1, 0.1, 0.1, 0.1, 
    0.1, 0.1, 0.1, 0.1), DF.data.balancing = c(0, 0, 0, 0, 0, 
    0, 0, 0, 0, 0, 0), DF.feature.selection = c(0, 0, 0, 0, 0, 
    0, 0, 0, 0, 0, 0), DF.valid.acc = c(0.7019, 0.68387, 0.6895, 
    0.70195, 0.71041, 0.706, 0.70652, 0.70685, 0.70527, 0.69654, 
    0.71409), DF.test.acc = c(0.70177, 0.6872, 0.68916, 0.70473, 
    0.71048, 0.71071, 0.69976, 0.70276, 0.71123, 0.70206, 0.71406
    ), DF.train.time = c(0.0289, 0.0304, 0.0362, 0.0401, 0.0415, 
    0.0495, 0.0541, 0.0568, 0.0583, 0.0708, 0.0726), DF.n.support.vectors = c(157.1, 
    174.5, 188.4, 201.2, 213.2, 229.2, 244.2, 258.6, 271.5, 286.7, 
    301.9), DF.index = c(1, 1, 1, 1, 1, 1, 1, 1, 1, 1, 1), DF.n.solutions = c(1, 
    1, 1, 1, 1, 1, 1, 1, 1, 1, 1), DF.generations = c(1, 1, 1, 
    1, 1, 1, 1, 1, 1, 1, 1), DF.n.evaluations = c(1, 1, 1, 1, 
    1, 1, 1, 1, 1, 1, 1), DF.cpu.time = c(3.458, 3.396, 3.493, 
    3.513, 3.494, 3.515, 3.498, 3.431, 3.18, 3.433, 3.513), SMBO.cost = c(9.17322260460027, 
    9.17322260460027, 9.17322260460027, 9.17322260460027, 9.17322260460027, 
    9.17322260460027, 9.17322260460027, 9.17322260460027, 9.17322260460027, 
    9.17322260460027, 9.17322260460027), SMBO.gamma = c(-0.353482145933084, 
    -0.353482145933084, -0.353482145933084, -0.353482145933084, 
    -0.353482145933084, -0.353482145933084, -0.353482145933084, 
    -0.353482145933084, -0.353482145933084, -0.353482145933084, 
    -0.353482145933084), SMBO.balanced.test.accuracy = c(0.64234549843662, 
    0.64234549843662, 0.64234549843662, 0.64234549843662, 0.64234549843662, 
    0.64234549843662, 0.64234549843662, 0.64234549843662, 0.64234549843662, 
    0.64234549843662, 0.64234549843662)), .Names = c("Sampling", 
"PSO.cost", "PSO.gamma", "PSO.data.balancing", "PSO.feature.selection", 
"PSO.valid.acc", "PSO.test.acc", "PSO.train.time", "PSO.n.support.vectors", 
"PSO.index", "PSO.n.solutions", "PSO.generations", "PSO.n.evaluations", 
"PSO.cpu.time", "RS.cost", "RS.gamma", "RS.data.balancing", "RS.feature.selection", 
"RS.valid.acc", "RS.test.acc", "RS.train.time", "RS.n.support.vectors", 
"RS.index", "RS.n.solutions", "RS.generations", "RS.n.evaluations", 
"RS.cpu.time", "DF.cost", "DF.gamma", "DF.data.balancing", "DF.feature.selection", 
"DF.valid.acc", "DF.test.acc", "DF.train.time", "DF.n.support.vectors", 
"DF.index", "DF.n.solutions", "DF.generations", "DF.n.evaluations", 
"DF.cpu.time", "SMBO.cost", "SMBO.gamma", "SMBO.balanced.test.accuracy"
), row.names = c(NA, -11L), class = "data.frame")
