new.sol <-
structure(list(Sampling = c(50, 55, 60, 65, 70, 75, 80, 85, 90, 
95, 100), PSO.cost = c(0.1961, -0.66872, 0.67814, -0.08394, 2.11862, 
-0.51613, -0.61553, 2.75029, 2.886, -0.7214, 0.28777), PSO.gamma = c(1.45096, 
-2.95417, 2.59908, 2.45061, -3.68242, -0.83205, -1.06175, 1.52576, 
0.50807, -0.944, 1.43655), PSO.data.balancing = c(0, 0, 0, 0, 
0, 0, 0, 0, 0, 0, 0), PSO.feature.selection = c(0, 0, 0, 0, 0, 
0, 0, 0, 0, 0, 0), PSO.valid.acc = c(0.72666, 0.72873, 0.7337, 
0.73171, 0.72558, 0.71539, 0.71301, 0.73174, 0.74036, 0.73001, 
0.74384), PSO.test.acc = c(0.71607, 0.72217, 0.72513, 0.72623, 
0.71301, 0.70354, 0.70176, 0.70691, 0.6871, 0.71695, 0.72448), 
    PSO.train.time = c(0.0355, 0.0337, 0.0489, 0.0549, 0.0417, 
    0.0575, 0.0606, 0.0797, 0.0849, 0.0738, 0.1037), PSO.n.support.vectors = c(225.5, 
    176.3, 272.5, 294.8, 215.7, 289.9, 293.6, 369, 351.5, 349.9, 
    439.2), PSO.index = c(1891, 464, 785, 419, 204, 2385, 2084, 
    509, 1006, 1381, 1914), PSO.n.solutions = c(2, 43, 166, 172, 
    281, 1, 1, 226, 260, 109, 10), PSO.generations = c(100, 100, 
    100, 100, 100, 100, 100, 100, 100, 100, 100), PSO.n.evaluations = c(2500, 
    2500, 2500, 2500, 2500, 2500, 2500, 2500, 2500, 2500, 2500
    ), PSO.cpu.time = c(8771.585, 8773.008, 8840.184, 8959.58300000001, 
    8735.56300000001, 8877.06800000001, 9087.675, 9289.77100000001, 
    8937.60800000001, 8881.90000000002, 9656.57199999999), RS.cost = c(-0.33474, 
    2.1469, 0.60478, -0.13669, 2.98052, -0.24106, -0.49199, 2.75511, 
    2.91507, -0.52371, 0.15624), RS.gamma = c(0.52272, -5.01942, 
    2.60728, 2.0327, -4.23371, -1.82787, 2.29115, 1.628, 0.55745, 
    -2.09935, 1.2468), RS.data.balancing = c(0, 0, 0, 0, 0, 0, 
    0, 0, 0, 0, 0), RS.feature.selection = c(0, 0, 0, 0, 0, 0, 
    0, 0, 0, 0, 0), RS.valid.acc = c(0.71939, 0.72863, 0.72773, 
    0.72638, 0.72058, 0.71312, 0.71306, 0.72757, 0.7364, 0.72442, 
    0.72974), RS.test.acc = c(0.69488, 0.72217, 0.72513, 0.72361, 
    0.71045, 0.71296, 0.70862, 0.70686, 0.68906, 0.71691, 0.72448
    ), RS.train.time = c(0.0358, 0.032, 0.0499, 0.0523, 0.0442, 
    0.0537, 0.0737, 0.0755, 0.0833, 0.0701, 0.103), RS.n.support.vectors = c(220.1, 
    159, 272.5, 294.3, 210.2, 266.4, 361.8, 371.6, 351.9, 314.4, 
    434.2), RS.index = c(2411, 293, 1535, 2486, 1003, 339, 1044, 
    2011, 84, 1342, 194), RS.n.solutions = c(1, 3, 1, 1, 1, 1, 
    1, 1, 1, 2, 1), RS.generations = c(100, 100, 100, 100, 100, 
    100, 100, 100, 100, 100, 100), RS.n.evaluations = c(2500, 
    2500, 2500, 2500, 2500, 2500, 2500, 2500, 2500, 2500, 2500
    ), RS.cpu.time = c(8904.889, 9151, 9435.352, 9535.898, 9626.86600000001, 
    9904.451, 10076.486, 9738.29800000001, 10771.021, 10723.016, 
    11846.318), DF.cost = c(1, 1, 1, 1, 1, 1, 1, 1, 1, 1, 1), 
    DF.gamma = c(0.1, 0.1, 0.1, 0.1, 0.1, 0.1, 0.1, 0.1, 0.1, 
    0.1, 0.1), DF.data.balancing = c(0, 0, 0, 0, 0, 0, 0, 0, 
    0, 0, 0), DF.feature.selection = c(0, 0, 0, 0, 0, 0, 0, 0, 
    0, 0, 0), DF.valid.acc = c(0.68759, 0.72228, 0.71569, 0.71279, 
    0.70045, 0.70127, 0.71084, 0.70061, 0.70936, 0.71324, 0.70533
    ), DF.test.acc = c(0.69131, 0.72862, 0.71266, 0.7182, 0.70788, 
    0.69889, 0.70862, 0.7027, 0.71321, 0.71324, 0.70712), DF.train.time = c(0.0303, 
    0.0332, 0.0382, 0.0397, 0.0447, 0.0507, 0.0523, 0.0582, 0.0634, 
    0.0654, 0.076), DF.n.support.vectors = c(163.7, 172.3, 188.7, 
    201, 221.4, 236.6, 247.3, 257.7, 272.7, 289.6, 300.4), DF.index = c(1, 
    1, 1, 1, 1, 1, 1, 1, 1, 1, 1), DF.n.solutions = c(1, 1, 1, 
    1, 1, 1, 1, 1, 1, 1, 1), DF.generations = c(1, 1, 1, 1, 1, 
    1, 1, 1, 1, 1, 1), DF.n.evaluations = c(1, 1, 1, 1, 1, 1, 
    1, 1, 1, 1, 1), DF.cpu.time = c(3.275, 3.347, 3.365, 3.412, 
    3.401, 3.495, 3.29, 3.202, 3.526, 3.37, 3.664), SMBO.cost = c(11.8177035945742, 
    11.8177035945742, 11.8177035945742, 11.8177035945742, 11.8177035945742, 
    11.8177035945742, 11.8177035945742, 11.8177035945742, 11.8177035945742, 
    11.8177035945742, 11.8177035945742), SMBO.gamma = c(-4.57317949538876, 
    -4.57317949538876, -4.57317949538876, -4.57317949538876, 
    -4.57317949538876, -4.57317949538876, -4.57317949538876, 
    -4.57317949538876, -4.57317949538876, -4.57317949538876, 
    -4.57317949538876), SMBO.balanced.test.accuracy = c(0.655253415342771, 
    0.655253415342771, 0.655253415342771, 0.655253415342771, 
    0.655253415342771, 0.655253415342771, 0.655253415342771, 
    0.655253415342771, 0.655253415342771, 0.655253415342771, 
    0.655253415342771)), .Names = c("Sampling", "PSO.cost", "PSO.gamma", 
"PSO.data.balancing", "PSO.feature.selection", "PSO.valid.acc", 
"PSO.test.acc", "PSO.train.time", "PSO.n.support.vectors", "PSO.index", 
"PSO.n.solutions", "PSO.generations", "PSO.n.evaluations", "PSO.cpu.time", 
"RS.cost", "RS.gamma", "RS.data.balancing", "RS.feature.selection", 
"RS.valid.acc", "RS.test.acc", "RS.train.time", "RS.n.support.vectors", 
"RS.index", "RS.n.solutions", "RS.generations", "RS.n.evaluations", 
"RS.cpu.time", "DF.cost", "DF.gamma", "DF.data.balancing", "DF.feature.selection", 
"DF.valid.acc", "DF.test.acc", "DF.train.time", "DF.n.support.vectors", 
"DF.index", "DF.n.solutions", "DF.generations", "DF.n.evaluations", 
"DF.cpu.time", "SMBO.cost", "SMBO.gamma", "SMBO.balanced.test.accuracy"
), row.names = c(NA, -11L), class = "data.frame")
