new.sol <-
structure(list(Sampling = c(50, 55, 60, 65, 70, 75, 80, 85, 90, 
95, 100), PSO.cost = c(0.33172, 0.93336, 0.42748, 0.30471, 3.56176, 
2.69981, 0.64035, -0.20491, 4.99185, 14.4109, -1.53584), PSO.gamma = c(0.58377, 
1.389, 0.84366, 0.27277, -3.00918, 0.43077, 2.20632, -1.09918, 
1.30958, -12.99726, -1.48402), PSO.data.balancing = c(0, 0, 0, 
0, 0, 0, 0, 0, 0, 0, 0), PSO.feature.selection = c(0, 0, 0, 0, 
0, 0, 0, 0, 0, 0, 0), PSO.valid.acc = c(0.73719, 0.75165, 0.73903, 
0.7342, 0.73627, 0.73198, 0.73092, 0.7255, 0.73468, 0.71335, 
0.71405), PSO.test.acc = c(0.70579, 0.74468, 0.71246, 0.70994, 
0.70363, 0.70844, 0.70662, 0.68594, 0.71138, 0.70398, 0.70703
), PSO.train.time = c(0.0332, 0.0404, 0.0453, 0.0475, 0.0461, 
0.0624, 0.075, 0.0686, 0.0941, 0.1158, 0.0871), PSO.n.support.vectors = c(214.3, 
243, 258.5, 266.3, 204.2, 294.4, 359, 312.6, 378.7, 262.1, 348.6
), PSO.index = c(2205, 1937, 807, 686, 2144, 1940, 540, 1445, 
1355, 2492, 1968), PSO.n.solutions = c(11, 64, 154, 28, 9, 6, 
120, 242, 13, 1, 9), PSO.generations = c(100, 100, 100, 100, 
100, 100, 100, 100, 100, 100, 100), PSO.n.evaluations = c(2500, 
2500, 2500, 2500, 2500, 2500, 2500, 2500, 2500, 2500, 2500), 
    PSO.cpu.time = c(7085.019, 7658.307, 7826.103, 8141.90500000001, 
    8404.502, 8295.51599999999, 8278.281, 8437.223, 9119.136, 
    8502.70199999999, 8206.29300000001), RS.cost = c(-0.12537, 
    1.7631, 0.47845, 0.06124, 3.88931, 2.9252, 0.75529, 0.01207, 
    12.92691, 0.0812, -1.41311), RS.gamma = c(0.09147, 1.70599, 
    0.90802, 0.02934, -2.7051, 0.23438, 2.38567, -1.25695, 1.30362, 
    0.11928, -0.04338), RS.data.balancing = c(0, 0, 0, 0, 0, 
    0, 0, 0, 0, 0, 0), RS.feature.selection = c(0, 0, 0, 0, 0, 
    0, 0, 0, 0, 0, 0), RS.valid.acc = c(0.72685, 0.7452, 0.73314, 
    0.7315, 0.73126, 0.72246, 0.72213, 0.72346, 0.7288, 0.71321, 
    0.71405), RS.test.acc = c(0.70234, 0.71876, 0.71826, 0.70739, 
    0.71101, 0.70839, 0.71333, 0.69016, 0.70746, 0.71324, 0.71054
    ), RS.train.time = c(0.0351, 0.0399, 0.0492, 0.0479, 0.0474, 
    0.0621, 0.082, 0.0638, 0.096, 0.084, 0.0898), RS.n.support.vectors = c(206.4, 
    244.5, 259.2, 261, 205.1, 284.8, 359.6, 307.8, 377.9, 381.9, 
    403.5), RS.index = c(774, 1041, 261, 1854, 332, 1023, 920, 
    2301, 80, 1283, 54), RS.n.solutions = c(1, 1, 1, 1, 1, 2, 
    1, 1, 5, 1, 1), RS.generations = c(100, 100, 100, 100, 100, 
    100, 100, 100, 100, 100, 100), RS.n.evaluations = c(2500, 
    2500, 2500, 2500, 2500, 2500, 2500, 2500, 2500, 2500, 2500
    ), RS.cpu.time = c(7864.775, 7941.172, 8629.422, 8864.87500000001, 
    8852.675, 9208.916, 9822.19900000001, 9829.673, 9798.45200000002, 
    10246.908, 10651.561), DF.cost = c(1, 1, 1, 1, 1, 1, 1, 1, 
    1, 1, 1), DF.gamma = c(0.1, 0.1, 0.1, 0.1, 0.1, 0.1, 0.1, 
    0.1, 0.1, 0.1, 0.1), DF.data.balancing = c(0, 0, 0, 0, 0, 
    0, 0, 0, 0, 0, 0), DF.feature.selection = c(0, 0, 0, 0, 0, 
    0, 0, 0, 0, 0, 0), DF.valid.acc = c(0.71576, 0.71571, 0.71566, 
    0.7209, 0.7105, 0.71525, 0.70203, 0.69429, 0.68554, 0.69647, 
    0.70875), DF.test.acc = c(0.71576, 0.72217, 0.7186, 0.7209, 
    0.71556, 0.71292, 0.70643, 0.69633, 0.68939, 0.7095, 0.70352
    ), DF.train.time = c(0.0308, 0.0325, 0.0366, 0.0403, 0.0449, 
    0.0488, 0.0518, 0.0569, 0.0658, 0.064, 0.0773), DF.n.support.vectors = c(158.7, 
    170.3, 187.7, 194.8, 213.6, 227.3, 247.5, 266.6, 275.1, 286.2, 
    300.3), DF.index = c(1, 1, 1, 1, 1, 1, 1, 1, 1, 1, 1), DF.n.solutions = c(1, 
    1, 1, 1, 1, 1, 1, 1, 1, 1, 1), DF.generations = c(1, 1, 1, 
    1, 1, 1, 1, 1, 1, 1, 1), DF.n.evaluations = c(1, 1, 1, 1, 
    1, 1, 1, 1, 1, 1, 1), DF.cpu.time = c(2.964, 2.985, 3.045, 
    3.122, 3.09, 3.143, 3.012, 3.102, 3.303, 3.019, 3.441), SMBO.cost = c(5.10269620549387, 
    5.10269620549387, 5.10269620549387, 5.10269620549387, 5.10269620549387, 
    5.10269620549387, 5.10269620549387, 5.10269620549387, 5.10269620549387, 
    5.10269620549387, 5.10269620549387), SMBO.gamma = c(-0.415269559166046, 
    -0.415269559166046, -0.415269559166046, -0.415269559166046, 
    -0.415269559166046, -0.415269559166046, -0.415269559166046, 
    -0.415269559166046, -0.415269559166046, -0.415269559166046, 
    -0.415269559166046), SMBO.balanced.test.accuracy = c(0.664415073775343, 
    0.664415073775343, 0.664415073775343, 0.664415073775343, 
    0.664415073775343, 0.664415073775343, 0.664415073775343, 
    0.664415073775343, 0.664415073775343, 0.664415073775343, 
    0.664415073775343)), .Names = c("Sampling", "PSO.cost", "PSO.gamma", 
"PSO.data.balancing", "PSO.feature.selection", "PSO.valid.acc", 
"PSO.test.acc", "PSO.train.time", "PSO.n.support.vectors", "PSO.index", 
"PSO.n.solutions", "PSO.generations", "PSO.n.evaluations", "PSO.cpu.time", 
"RS.cost", "RS.gamma", "RS.data.balancing", "RS.feature.selection", 
"RS.valid.acc", "RS.test.acc", "RS.train.time", "RS.n.support.vectors", 
"RS.index", "RS.n.solutions", "RS.generations", "RS.n.evaluations", 
"RS.cpu.time", "DF.cost", "DF.gamma", "DF.data.balancing", "DF.feature.selection", 
"DF.valid.acc", "DF.test.acc", "DF.train.time", "DF.n.support.vectors", 
"DF.index", "DF.n.solutions", "DF.generations", "DF.n.evaluations", 
"DF.cpu.time", "SMBO.cost", "SMBO.gamma", "SMBO.balanced.test.accuracy"
), row.names = c(NA, -11L), class = "data.frame")
