new.sol <-
structure(list(Sampling = c(50, 55, 60, 65, 70, 75, 80, 85, 90, 
95, 100), PSO.cost = c(0.48753, 0.31528, 3.23391, 0.45868, 0.47517, 
14.5069, 1.90724, -0.5161, -0.24002, -0.52357, 2.55318), PSO.gamma = c(-1.64766, 
-0.24052, -6.1555, 0.15484, 0.20469, -13.67506, 3, 0.8304, -0.22594, 
-0.54902, -5.58533), PSO.data.balancing = c(0, 0, 0, 0, 0, 0, 
0, 0, 0, 0, 0), PSO.feature.selection = c(0, 0, 0, 0, 0, 0, 0, 
0, 0, 0, 0), PSO.valid.acc = c(0.77247, 0.75726, 0.71852, 0.75367, 
0.74538, 0.72733, 0.73727, 0.74424, 0.73469, 0.74114, 0.71583
), PSO.test.acc = c(0.762, 0.73831, 0.71566, 0.72898, 0.72782, 
0.70839, 0.7306, 0.73195, 0.73084, 0.72629, 0.70518), PSO.train.time = c(0.0311, 
0.0382, 0.0346, 0.0501, 0.0552, 0.0889, 0.0811, 0.0811, 0.0824, 
0.0887, 0.0758), PSO.n.support.vectors = c(176.5, 220, 168.1, 
265.1, 283.4, 200.3, 361.8, 357.5, 345.9, 359.6, 282.2), PSO.index = c(1156, 
962, 75, 556, 2173, 118, 78, 1633, 1936, 209, 735), PSO.n.solutions = c(273, 
105, 80, 602, 1, 545, 1434, 18, 15, 244, 7), PSO.generations = c(100, 
100, 100, 100, 100, 100, 100, 100, 100, 100, 100), PSO.n.evaluations = c(2500, 
2500, 2500, 2500, 2500, 2500, 2500, 2500, 2500, 2500, 2500), 
    PSO.cpu.time = c(6791.662, 7028.894, 7056.987, 7580.124, 
    8520.019, 8419.124, 10290.61, 10811.323, 11183.473, 11698.514, 
    10574.672), RS.cost = c(0.63086, 0.26254, 10.43917, 0.62318, 
    0.07005, 13.52634, 2.30773, -0.34494, -0.24132, -0.1084, 
    2.70015), RS.gamma = c(-1.92987, -0.20169, -10.72751, 0.19858, 
    0.27415, -12.92925, 2.95944, 1.22097, -0.26139, -0.7813, 
    -5.08129), RS.data.balancing = c(0, 0, 0, 0, 0, 0, 0, 0, 
    0, 0, 0), RS.feature.selection = c(0, 0, 0, 0, 0, 0, 0, 0, 
    0, 0, 0), RS.valid.acc = c(0.75831, 0.75091, 0.71869, 0.75353, 
    0.73795, 0.72733, 0.73509, 0.73803, 0.73469, 0.7374, 0.71574
    ), RS.test.acc = c(0.75485, 0.75413, 0.70675, 0.72649, 0.73282, 
    0.71071, 0.73282, 0.73399, 0.73084, 0.72437, 0.70339), RS.train.time = c(0.0306, 
    0.0384, 0.0403, 0.05, 0.0547, 0.0817, 0.083, 0.0811, 0.0802, 
    0.0794, 0.0762), RS.n.support.vectors = c(170.8, 220.7, 164.7, 
    265, 286.7, 201, 361.7, 365.5, 344, 349.8, 283.9), RS.index = c(910, 
    769, 887, 1070, 1856, 859, 817, 1827, 1632, 922, 668), RS.n.solutions = c(1, 
    1, 1, 1, 1, 4, 1, 1, 1, 1, 1), RS.generations = c(100, 100, 
    100, 100, 100, 100, 100, 100, 100, 100, 100), RS.n.evaluations = c(2500, 
    2500, 2500, 2500, 2500, 2500, 2500, 2500, 2500, 2500, 2500
    ), RS.cpu.time = c(7238.567, 7604.964, 8005.475, 8292.764, 
    8488.431, 8882.882, 11520.174, 12066.712, 12455.482, 12780.422, 
    13095.894), DF.cost = c(1, 1, 1, 1, 1, 1, 1, 1, 1, 1, 1), 
    DF.gamma = c(0.1, 0.1, 0.1, 0.1, 0.1, 0.1, 0.1, 0.1, 0.1, 
    0.1, 0.1), DF.data.balancing = c(0, 0, 0, 0, 0, 0, 0, 0, 
    0, 0, 0), DF.feature.selection = c(0, 0, 0, 0, 0, 0, 0, 0, 
    0, 0, 0), DF.valid.acc = c(0.70571, 0.6996, 0.7128, 0.72364, 
    0.73051, 0.71769, 0.72408, 0.73391, 0.73088, 0.71881, 0.70699
    ), DF.test.acc = c(0.70547, 0.69647, 0.71869, 0.71823, 0.72545, 
    0.71763, 0.71968, 0.73391, 0.73088, 0.71881, 0.70345), DF.train.time = c(0.0294, 
    0.0313, 0.0352, 0.0393, 0.0435, 0.0485, 0.0552, 0.0602, 0.066, 
    0.0678, 0.0788), DF.n.support.vectors = c(152.1, 164, 180.1, 
    190.9, 204.8, 221.6, 232.9, 244.3, 258.5, 281.7, 300), DF.index = c(1, 
    1, 1, 1, 1, 1, 1, 1, 1, 1, 1), DF.n.solutions = c(1, 1, 1, 
    1, 1, 1, 1, 1, 1, 1, 1), DF.generations = c(1, 1, 1, 1, 1, 
    1, 1, 1, 1, 1, 1), DF.n.evaluations = c(1, 1, 1, 1, 1, 1, 
    1, 1, 1, 1, 1), DF.cpu.time = c(2.793, 2.827, 2.863, 2.867, 
    2.912, 3.058, 4.01, 4.064, 4.064, 3.797, 4.128), SMBO.cost = c(6.93934122763574, 
    6.93934122763574, 6.93934122763574, 6.93934122763574, 6.93934122763574, 
    6.93934122763574, 6.93934122763574, 6.93934122763574, 6.93934122763574, 
    6.93934122763574, 6.93934122763574), SMBO.gamma = c(-2.20462668018881, 
    -2.20462668018881, -2.20462668018881, -2.20462668018881, 
    -2.20462668018881, -2.20462668018881, -2.20462668018881, 
    -2.20462668018881, -2.20462668018881, -2.20462668018881, 
    -2.20462668018881), SMBO.balanced.test.accuracy = c(0.639791709366674, 
    0.639791709366674, 0.639791709366674, 0.639791709366674, 
    0.639791709366674, 0.639791709366674, 0.639791709366674, 
    0.639791709366674, 0.639791709366674, 0.639791709366674, 
    0.639791709366674)), .Names = c("Sampling", "PSO.cost", "PSO.gamma", 
"PSO.data.balancing", "PSO.feature.selection", "PSO.valid.acc", 
"PSO.test.acc", "PSO.train.time", "PSO.n.support.vectors", "PSO.index", 
"PSO.n.solutions", "PSO.generations", "PSO.n.evaluations", "PSO.cpu.time", 
"RS.cost", "RS.gamma", "RS.data.balancing", "RS.feature.selection", 
"RS.valid.acc", "RS.test.acc", "RS.train.time", "RS.n.support.vectors", 
"RS.index", "RS.n.solutions", "RS.generations", "RS.n.evaluations", 
"RS.cpu.time", "DF.cost", "DF.gamma", "DF.data.balancing", "DF.feature.selection", 
"DF.valid.acc", "DF.test.acc", "DF.train.time", "DF.n.support.vectors", 
"DF.index", "DF.n.solutions", "DF.generations", "DF.n.evaluations", 
"DF.cpu.time", "SMBO.cost", "SMBO.gamma", "SMBO.balanced.test.accuracy"
), row.names = c(NA, -11L), class = "data.frame")
