new.sol <-
structure(list(Sampling = c(50, 55, 60, 65, 70, 75, 80, 85, 90, 
95, 100), PSO.cost = c(2.121, 5.34788, 15, 5.03446, 2.29127, 
1.55992, 0.02063, 0.40613, -2, 1.63514, -1.27674), PSO.gamma = c(-0.39, 
-1.66493, -8.7022, -1.77573, -2.66575, -2.76247, -0.61891, -2.24077, 
-1.22457, -2.47272, -1.46734), PSO.data.balancing = c(0, 0, 0, 
0, 0, 0, 0, 0, 0, 0, 0), PSO.feature.selection = c(0, 0, 0, 0, 
0, 0, 0, 0, 0, 0, 0), PSO.valid.acc = c(0.7614, 0.75116, 0.76262, 
0.76685, 0.7354, 0.74079, 0.73114, 0.71537, 0.71325, 0.71492, 
0.7228), PSO.test.acc = c(0.75388, 0.70921, 0.70707, 0.7504, 
0.71809, 0.71741, 0.71099, 0.69028, 0.71125, 0.70943, 0.70877
), PSO.train.time = c(0.0352, 0.0378, 0.1968, 0.048, 0.0441, 
0.0502, 0.0642, 0.068, 0.0802, 0.0798, 0.0831), PSO.n.support.vectors = c(185.2, 
155.2, 149.5, 187.6, 213.7, 231.9, 310.2, 282.1, 324.7, 297.4, 
349.1), PSO.index = c(1141, 1808, 755, 1353, 184, 413, 770, 516, 
1642, 475, 231), PSO.n.solutions = c(38, 29, 15, 100, 288, 463, 
500, 60, 39, 113, 277), PSO.generations = c(100, 100, 100, 100, 
100, 100, 100, 100, 100, 100, 100), PSO.n.evaluations = c(2500, 
2500, 2500, 2500, 2500, 2500, 2500, 2500, 2500, 2500, 2500), 
    PSO.cpu.time = c(7239.923, 7405.352, 11513.973, 7648.36700000001, 
    7586.174, 8471.148, 10982.386, 11396.408, 11589.507, 10957.891, 
    12277.652), RS.cost = c(3.2029, 5.49571, 6.24599, 5.07119, 
    0.06131, 1.0301, -0.17806, 0.18254, -1.964, 1.67386, 0.35956
    ), RS.gamma = c(-0.13935, -1.73219, -2.92875, -1.76933, -2.61466, 
    -2.67277, -0.45419, -1.95786, -1.07471, -2.44591, 1.11677
    ), RS.data.balancing = c(0, 0, 0, 0, 0, 0, 0, 0, 0, 0, 0), 
    RS.feature.selection = c(0, 0, 0, 0, 0, 0, 0, 0, 0, 0, 0), 
    RS.valid.acc = c(0.75745, 0.75116, 0.75656, 0.76407, 0.7306, 
    0.73608, 0.7222, 0.71125, 0.71521, 0.71118, 0.72449), RS.test.acc = c(0.74698, 
    0.70588, 0.71865, 0.7477, 0.71066, 0.72677, 0.70881, 0.6882, 
    0.71125, 0.70758, 0.71215), RS.train.time = c(0.0352, 0.038, 
    0.0415, 0.0473, 0.0451, 0.0561, 0.0722, 0.0696, 0.0809, 0.08, 
    0.1037), RS.n.support.vectors = c(185, 153.6, 141.6, 187.4, 
    223, 236.8, 315.6, 290.4, 329.7, 298, 433), RS.index = c(839, 
    625, 1187, 764, 2005, 42, 1129, 2151, 1308, 2496, 881), RS.n.solutions = c(1, 
    1, 1, 2, 1, 3, 1, 2, 3, 1, 1), RS.generations = c(100, 100, 
    100, 100, 100, 100, 100, 100, 100, 100, 100), RS.n.evaluations = c(2500, 
    2500, 2500, 2500, 2500, 2500, 2500, 2500, 2500, 2500, 2500
    ), RS.cpu.time = c(7522.265, 7650.048, 7846.953, 8165.067, 
    8551.947, 11684.243, 12440.196, 12766.715, 13003.509, 13333.255, 
    13864.661), DF.cost = c(1, 1, 1, 1, 1, 1, 1, 1, 1, 1, 1), 
    DF.gamma = c(0.1, 0.1, 0.1, 0.1, 0.1, 0.1, 0.1, 0.1, 0.1, 
    0.1, 0.1), DF.data.balancing = c(0, 0, 0, 0, 0, 0, 0, 0, 
    0, 0, 0), DF.feature.selection = c(0, 0, 0, 0, 0, 0, 0, 0, 
    0, 0, 0), DF.valid.acc = c(0.7157, 0.72868, 0.72445, 0.71009, 
    0.70822, 0.70833, 0.70205, 0.70486, 0.70929, 0.69829, 0.70338
    ), DF.test.acc = c(0.72285, 0.72545, 0.72739, 0.6995, 0.69059, 
    0.71071, 0.70432, 0.69024, 0.70925, 0.69462, 0.7088), DF.train.time = c(0.0288, 
    0.0312, 0.0351, 0.0412, 0.0442, 0.0493, 0.0595, 0.0651, 0.0646, 
    0.0744, 0.0763), DF.n.support.vectors = c(152.3, 161.2, 175.7, 
    197.5, 211.3, 226.9, 246.7, 264.4, 269.5, 287.1, 300.2), 
    DF.index = c(1, 1, 1, 1, 1, 1, 1, 1, 1, 1, 1), DF.n.solutions = c(1, 
    1, 1, 1, 1, 1, 1, 1, 1, 1, 1), DF.generations = c(1, 1, 1, 
    1, 1, 1, 1, 1, 1, 1, 1), DF.n.evaluations = c(1, 1, 1, 1, 
    1, 1, 1, 1, 1, 1, 1), DF.cpu.time = c(2.908, 2.918, 2.926, 
    2.976, 2.974, 3.827, 4.296, 4.397, 4.033, 4.403, 4.4), SMBO.cost = c(5.36602693751513, 
    5.36602693751513, 5.36602693751513, 5.36602693751513, 5.36602693751513, 
    5.36602693751513, 5.36602693751513, 5.36602693751513, 5.36602693751513, 
    5.36602693751513, 5.36602693751513), SMBO.gamma = c(-0.497235637501, 
    -0.497235637501, -0.497235637501, -0.497235637501, -0.497235637501, 
    -0.497235637501, -0.497235637501, -0.497235637501, -0.497235637501, 
    -0.497235637501, -0.497235637501), SMBO.balanced.test.accuracy = c(0.654215418083189, 
    0.654215418083189, 0.654215418083189, 0.654215418083189, 
    0.654215418083189, 0.654215418083189, 0.654215418083189, 
    0.654215418083189, 0.654215418083189, 0.654215418083189, 
    0.654215418083189)), .Names = c("Sampling", "PSO.cost", "PSO.gamma", 
"PSO.data.balancing", "PSO.feature.selection", "PSO.valid.acc", 
"PSO.test.acc", "PSO.train.time", "PSO.n.support.vectors", "PSO.index", 
"PSO.n.solutions", "PSO.generations", "PSO.n.evaluations", "PSO.cpu.time", 
"RS.cost", "RS.gamma", "RS.data.balancing", "RS.feature.selection", 
"RS.valid.acc", "RS.test.acc", "RS.train.time", "RS.n.support.vectors", 
"RS.index", "RS.n.solutions", "RS.generations", "RS.n.evaluations", 
"RS.cpu.time", "DF.cost", "DF.gamma", "DF.data.balancing", "DF.feature.selection", 
"DF.valid.acc", "DF.test.acc", "DF.train.time", "DF.n.support.vectors", 
"DF.index", "DF.n.solutions", "DF.generations", "DF.n.evaluations", 
"DF.cpu.time", "SMBO.cost", "SMBO.gamma", "SMBO.balanced.test.accuracy"
), row.names = c(NA, -11L), class = "data.frame")
