new.sol <-
structure(list(Sampling = c(50, 55, 60, 65, 70, 75, 80, 85, 90, 
95, 100), PSO.cost = c(1.03686, 1.04399, 1.21575, 2.93147, 14.66883, 
14.36338, 0.21997, 13.96436, -1.61859, 0.26626, -0.22197), PSO.gamma = c(-2.34621, 
-2.50576, -2.61737, -3.62712, -9.19956, -15, 0.08846, -9.13637, 
-13.38291, 1.2868, 0.14253), PSO.data.balancing = c(0, 0, 0, 
0, 0, 0, 0, 0, 0, 0, 0), PSO.feature.selection = c(0, 0, 0, 0, 
0, 0, 0, 0, 0, 0, 0), PSO.valid.acc = c(0.71589, 0.73796, 0.73622, 
0.7211, 0.71526, 0.70808, 0.72628, 0.71711, 0.71323, 0.72823, 
0.72102), PSO.test.acc = c(0.70505, 0.70923, 0.72739, 0.71562, 
0.66968, 0.6799, 0.69981, 0.68407, 0.71323, 0.71328, 0.71055), 
    PSO.train.time = c(0.0303, 0.031, 0.0391, 0.0456, 0.2224, 
    0.0655, 0.0684, 0.2318, 0.0582, 0.095, 0.1015), PSO.n.support.vectors = c(162.5, 
    175.3, 186.6, 194.3, 190.3, 214.9, 326.9, 232.1, 235.7, 412.4, 
    406.1), PSO.index = c(1344, 894, 1922, 2318, 1937, 868, 2458, 
    2455, 4, 656, 1454), PSO.n.solutions = c(60, 161, 7, 2, 1, 
    80, 1, 1, 2063, 99, 74), PSO.generations = c(100, 100, 100, 
    100, 100, 100, 100, 100, 100, 100, 100), PSO.n.evaluations = c(2500, 
    2500, 2500, 2500, 2500, 2500, 2500, 2500, 2500, 2500, 2500
    ), PSO.cpu.time = c(7415.715, 9159.463, 9850.875, 10220.117, 
    12348.524, 11256.605, 10912.372, 12053.855, 11009.843, 11351.482, 
    11358.609), RS.cost = c(9.44619, 1.93664, 1.58023, 3.12643, 
    9.32201, 13.24764, 0.15794, 4.79516, 7.18983, 7.79971, 2.13553
    ), RS.gamma = c(-4.45578, -3.14112, -2.75118, -3.48558, -6.57632, 
    -13.91022, 0.22491, -4.77151, -9.27913, -4.41021, 1.76), 
    RS.data.balancing = c(0, 0, 0, 0, 0, 0, 0, 0, 0, 0, 0), RS.feature.selection = c(0, 
    0, 0, 0, 0, 0, 0, 0, 0, 0, 0), RS.valid.acc = c(0.71576, 
    0.72505, 0.73319, 0.71824, 0.71013, 0.70576, 0.72193, 0.71524, 
    0.71323, 0.71719, 0.71945), RS.test.acc = c(0.68387, 0.70611, 
    0.72151, 0.72365, 0.67218, 0.68228, 0.7087, 0.69228, 0.71323, 
    0.68564, 0.71425), RS.train.time = c(0.0654, 0.036, 0.0395, 
    0.0421, 0.0705, 0.0656, 0.0758, 0.0606, 0.0699, 0.1082, 0.1169
    ), RS.n.support.vectors = c(124, 167.9, 183.2, 193.3, 195.2, 
    216.5, 330.5, 240.6, 248.8, 258.3, 441.9), RS.index = c(455, 
    279, 2360, 2206, 2074, 496, 13, 2163, 5, 657, 1593), RS.n.solutions = c(1, 
    2, 1, 1, 1, 4, 1, 1, 945, 1, 1), RS.generations = c(100, 
    100, 100, 100, 100, 100, 100, 100, 100, 100, 100), RS.n.evaluations = c(2500, 
    2500, 2500, 2500, 2500, 2500, 2500, 2500, 2500, 2500, 2500
    ), RS.cpu.time = c(7924.894, 10235.451, 10675.29, 11031.592, 
    11183.369, 11606.576, 11946.417, 12179.643, 12553.058, 12961.693, 
    13465.316), DF.cost = c(1, 1, 1, 1, 1, 1, 1, 1, 1, 1, 1), 
    DF.gamma = c(0.1, 0.1, 0.1, 0.1, 0.1, 0.1, 0.1, 0.1, 0.1, 
    0.1, 0.1), DF.data.balancing = c(0, 0, 0, 0, 0, 0, 0, 0, 
    0, 0, 0), DF.feature.selection = c(0, 0, 0, 0, 0, 0, 0, 0, 
    0, 0, 0), DF.valid.acc = c(0.68411, 0.67413, 0.70395, 0.68551, 
    0.68737, 0.68234, 0.69758, 0.70686, 0.70746, 0.70398, 0.7088
    ), DF.test.acc = c(0.67365, 0.67736, 0.70664, 0.69377, 0.69006, 
    0.6753, 0.70425, 0.70899, 0.71323, 0.70769, 0.70701), DF.train.time = c(0.0277, 
    0.0334, 0.0368, 0.0421, 0.0473, 0.0532, 0.0548, 0.0586, 0.0638, 
    0.07, 0.0751), DF.n.support.vectors = c(157.7, 174.9, 186, 
    201.2, 215.4, 232.7, 245.5, 255.9, 270.9, 284.3, 301.5), 
    DF.index = c(1, 1, 1, 1, 1, 1, 1, 1, 1, 1, 1), DF.n.solutions = c(1, 
    1, 1, 1, 1, 1, 1, 1, 1, 1, 1), DF.generations = c(1, 1, 1, 
    1, 1, 1, 1, 1, 1, 1, 1), DF.n.evaluations = c(1, 1, 1, 1, 
    1, 1, 1, 1, 1, 1, 1), DF.cpu.time = c(2.839, 3.662, 3.781, 
    3.907, 4.206, 4.119, 3.975, 3.89, 3.988, 4.089, 4.071), SMBO.cost = c(12.8843130039669, 
    12.8843130039669, 12.8843130039669, 12.8843130039669, 12.8843130039669, 
    12.8843130039669, 12.8843130039669, 12.8843130039669, 12.8843130039669, 
    12.8843130039669, 12.8843130039669), SMBO.gamma = c(-5.67251085635839, 
    -5.67251085635839, -5.67251085635839, -5.67251085635839, 
    -5.67251085635839, -5.67251085635839, -5.67251085635839, 
    -5.67251085635839, -5.67251085635839, -5.67251085635839, 
    -5.67251085635839), SMBO.balanced.test.accuracy = c(0.646980727528312, 
    0.646980727528312, 0.646980727528312, 0.646980727528312, 
    0.646980727528312, 0.646980727528312, 0.646980727528312, 
    0.646980727528312, 0.646980727528312, 0.646980727528312, 
    0.646980727528312)), .Names = c("Sampling", "PSO.cost", "PSO.gamma", 
"PSO.data.balancing", "PSO.feature.selection", "PSO.valid.acc", 
"PSO.test.acc", "PSO.train.time", "PSO.n.support.vectors", "PSO.index", 
"PSO.n.solutions", "PSO.generations", "PSO.n.evaluations", "PSO.cpu.time", 
"RS.cost", "RS.gamma", "RS.data.balancing", "RS.feature.selection", 
"RS.valid.acc", "RS.test.acc", "RS.train.time", "RS.n.support.vectors", 
"RS.index", "RS.n.solutions", "RS.generations", "RS.n.evaluations", 
"RS.cpu.time", "DF.cost", "DF.gamma", "DF.data.balancing", "DF.feature.selection", 
"DF.valid.acc", "DF.test.acc", "DF.train.time", "DF.n.support.vectors", 
"DF.index", "DF.n.solutions", "DF.generations", "DF.n.evaluations", 
"DF.cpu.time", "SMBO.cost", "SMBO.gamma", "SMBO.balanced.test.accuracy"
), row.names = c(NA, -11L), class = "data.frame")
