new.sol <-
structure(list(Sampling = c(50, 55, 60, 65, 70, 75, 80, 85, 90, 
95, 100), PSO.cost = c(0.71916, -0.20008, 2.05182, 0.52795, 0.06106, 
9.87003, 2.72349, 2.24778, 2.49495, 7.85367, 4.55458), PSO.gamma = c(-5.18104, 
-4.81572, -8.63514, -5.69008, -4.57948, -3.91066, -8.78347, -7.90775, 
-7.71464, -14.89363, -3.71804), PSO.data.balancing = c(0, 0, 
0, 0, 0, 0, 0, 0, 0, 0, 0), PSO.feature.selection = c(0, 0, 0, 
0, 0, 0, 0, 0, 0, 0, 0), PSO.valid.acc = c(0.36028, 0.31198, 
0.29417, 0.32208, 0.31435, 0.30353, 0.32827, 0.31304, 0.30799, 
0.31292, 0.30518), PSO.test.acc = c(0.33162, 0.29336, 0.29331, 
0.32232, 0.31077, 0.27663, 0.31585, 0.2797, 0.28894, 0.29802, 
0.29311), PSO.train.time = c(0.0652, 0.0718, 0.0744, 0.0883, 
0.0927, 0.1057, 0.1087, 0.1206, 0.1264, 0.1323, 0.1661), PSO.n.support.vectors = c(160, 
176, 190.6, 207.9, 224, 240, 252.4, 268.1, 283.2, 298.9, 320), 
    PSO.index = c(1398, 211, 609, 65, 118, 389, 1971, 1207, 1361, 
    1082, 134), PSO.n.solutions = c(43, 66, 144, 66, 59, 403, 
    6, 29, 35, 24, 991), PSO.generations = c(100, 100, 100, 100, 
    100, 100, 100, 100, 100, 100, 100), PSO.n.evaluations = c(2500, 
    2500, 2500, 2500, 2500, 2500, 2500, 2500, 2500, 2500, 2500
    ), PSO.cpu.time = c(8106.563, 8315.87, 8446.726, 8558.8, 
    8614.804, 8957.56, 9027.43999999999, 9381.292, 9857.52299999999, 
    9905.046, 10573.595), RS.cost = c(0.51804, 13.58983, 1.64963, 
    5.35696, 3.5838, 12.03036, 2.28405, 5.1636, 7.93645, 7.40785, 
    6.50551), RS.gamma = c(-4.77645, -3.88176, -8.01615, -12.78156, 
    -11.14428, -3.91516, -7.88461, -11.02241, -4.13718, -13.60654, 
    -3.73453), RS.data.balancing = c(0, 0, 0, 0, 0, 0, 0, 0, 
    0, 0, 0), RS.feature.selection = c(0, 0, 0, 0, 0, 0, 0, 0, 
    0, 0, 0), RS.valid.acc = c(0.35077, 0.30657, 0.29017, 0.3191, 
    0.30745, 0.30353, 0.32504, 0.30707, 0.30497, 0.3111, 0.30518
    ), RS.test.acc = c(0.31628, 0.29747, 0.28896, 0.31154, 0.29991, 
    0.27986, 0.30354, 0.2829, 0.29963, 0.30045, 0.29311), RS.train.time = c(0.0654, 
    0.0731, 0.0755, 0.0778, 0.0855, 0.1106, 0.1098, 0.1161, 0.1455, 
    0.1333, 0.1731), RS.n.support.vectors = c(160, 176, 190.9, 
    206.5, 222.2, 240, 252.7, 266.4, 288, 297.4, 320), RS.index = c(336, 
    1904, 74, 611, 319, 1196, 592, 2390, 698, 945, 227), RS.n.solutions = c(1, 
    1, 2, 2, 1, 2, 1, 2, 1, 1, 11), RS.generations = c(100, 100, 
    100, 100, 100, 100, 100, 100, 100, 100, 100), RS.n.evaluations = c(2500, 
    2500, 2500, 2500, 2500, 2500, 2500, 2500, 2500, 2500, 2500
    ), RS.cpu.time = c(8175.583, 8315.602, 8559.2, 8447.756, 
    8800.773, 9018.64, 9457.857, 9700.79099999998, 10053.957, 
    10462.547, 11112.737), DF.cost = c(1, 1, 1, 1, 1, 1, 1, 1, 
    1, 1, 1), DF.gamma = c(0.025, 0.025, 0.025, 0.025, 0.025, 
    0.025, 0.025, 0.025, 0.025, 0.025, 0.025), DF.data.balancing = c(0, 
    0, 0, 0, 0, 0, 0, 0, 0, 0, 0), DF.feature.selection = c(0, 
    0, 0, 0, 0, 0, 0, 0, 0, 0, 0), DF.valid.acc = c(0.32172, 
    0.2942, 0.28012, 0.29924, 0.29622, 0.28319, 0.30002, 0.29141, 
    0.29315, 0.29445, 0.28049), DF.test.acc = c(0.29554, 0.29827, 
    0.28007, 0.31507, 0.29595, 0.28654, 0.29397, 0.29428, 0.28608, 
    0.28148, 0.29014), DF.train.time = c(0.0644, 0.0717, 0.0792, 
    0.0828, 0.0979, 0.1055, 0.111, 0.1215, 0.1361, 0.1516, 0.1668
    ), DF.n.support.vectors = c(160, 176, 192, 208, 224, 240, 
    256, 272, 288, 304, 320), DF.index = c(1, 1, 1, 1, 1, 1, 
    1, 1, 1, 1, 1), DF.n.solutions = c(1, 1, 1, 1, 1, 1, 1, 1, 
    1, 1, 1), DF.generations = c(1, 1, 1, 1, 1, 1, 1, 1, 1, 1, 
    1), DF.n.evaluations = c(1, 1, 1, 1, 1, 1, 1, 1, 1, 1, 1), 
    DF.cpu.time = c(3.23, 3.284, 3.371, 3.203, 3.579, 3.583, 
    3.521, 3.633, 3.84, 4.134, 4.239), SMBO.cost = c(2.09850410047278, 
    2.09850410047278, 2.09850410047278, 2.09850410047278, 2.09850410047278, 
    2.09850410047278, 2.09850410047278, 2.09850410047278, 2.09850410047278, 
    2.09850410047278, 2.09850410047278), SMBO.gamma = c(-6.38129823935283, 
    -6.38129823935283, -6.38129823935283, -6.38129823935283, 
    -6.38129823935283, -6.38129823935283, -6.38129823935283, 
    -6.38129823935283, -6.38129823935283, -6.38129823935283, 
    -6.38129823935283), SMBO.balanced.test.accuracy = c(0.18672256603471, 
    0.18672256603471, 0.18672256603471, 0.18672256603471, 0.18672256603471, 
    0.18672256603471, 0.18672256603471, 0.18672256603471, 0.18672256603471, 
    0.18672256603471, 0.18672256603471)), .Names = c("Sampling", 
"PSO.cost", "PSO.gamma", "PSO.data.balancing", "PSO.feature.selection", 
"PSO.valid.acc", "PSO.test.acc", "PSO.train.time", "PSO.n.support.vectors", 
"PSO.index", "PSO.n.solutions", "PSO.generations", "PSO.n.evaluations", 
"PSO.cpu.time", "RS.cost", "RS.gamma", "RS.data.balancing", "RS.feature.selection", 
"RS.valid.acc", "RS.test.acc", "RS.train.time", "RS.n.support.vectors", 
"RS.index", "RS.n.solutions", "RS.generations", "RS.n.evaluations", 
"RS.cpu.time", "DF.cost", "DF.gamma", "DF.data.balancing", "DF.feature.selection", 
"DF.valid.acc", "DF.test.acc", "DF.train.time", "DF.n.support.vectors", 
"DF.index", "DF.n.solutions", "DF.generations", "DF.n.evaluations", 
"DF.cpu.time", "SMBO.cost", "SMBO.gamma", "SMBO.balanced.test.accuracy"
), row.names = c(NA, -11L), class = "data.frame")
