new.sol <-
structure(list(Sampling = c(50, 55, 60, 65, 70, 75, 80, 85, 90, 
95, 100), PSO.cost = c(0.68943, 2.64947, 9.97869, 3.73007, 4.20534, 
6.74811, 1.11689, 1.57209, 0.99078, 1.74013, 7.46156), PSO.gamma = c(-4.83104, 
-4.07308, -3.86719, -10.46507, -3.85261, -3.86498, -4.21179, 
-8.48787, -7.48525, -8.78748, -15), PSO.data.balancing = c(0, 
0, 0, 0, 0, 0, 0, 0, 0, 0, 0), PSO.feature.selection = c(0, 0, 
0, 0, 0, 0, 0, 0, 0, 0, 0), PSO.valid.acc = c(0.31094, 0.32826, 
0.31299, 0.30819, 0.30449, 0.31349, 0.3287, 0.32968, 0.32501, 
0.31959, 0.32017), PSO.test.acc = c(0.28483, 0.30864, 0.30882, 
0.30476, 0.29709, 0.2968, 0.30974, 0.30032, 0.30356, 0.32006, 
0.31747), PSO.train.time = c(0.0683, 0.0718, 0.0857, 0.0843, 
0.0988, 0.1133, 0.1253, 0.1233, 0.1316, 0.1367, 0.1503), PSO.n.support.vectors = c(160, 
176, 192, 206, 224, 240, 256, 268.4, 284.8, 301, 315.7), PSO.index = c(2379, 
196, 475, 1282, 327, 62, 59, 2492, 1035, 1406, 887), PSO.n.solutions = c(2, 
599, 288, 6, 417, 976, 1133, 1, 192, 41, 27), PSO.generations = c(100, 
100, 100, 100, 100, 100, 100, 100, 100, 100, 100), PSO.n.evaluations = c(2500, 
2500, 2500, 2500, 2500, 2500, 2500, 2500, 2500, 2500, 2500), 
    PSO.cpu.time = c(8855.178, 10185.512, 10360.557, 10653.266, 
    11045.081, 11698.672, 12151.395, 12058.121, 10303.913, 10403.986, 
    10413.513), RS.cost = c(1.15702, 3.94128, 12.34799, 3.02879, 
    2.97933, 4.3744, 9.5299, 1.71901, 0.81785, 2.87855, 3.9206
    ), RS.gamma = c(-4.66472, -4.06905, -3.86334, -9.74234, -3.85946, 
    -3.8799, -4.23293, -8.6377, -7.29127, -9.70947, -11.46433
    ), RS.data.balancing = c(0, 0, 0, 0, 0, 0, 0, 0, 0, 0, 0), 
    RS.feature.selection = c(0, 0, 0, 0, 0, 0, 0, 0, 0, 0, 0), 
    RS.valid.acc = c(0.30562, 0.32826, 0.31299, 0.30819, 0.30449, 
    0.31349, 0.3287, 0.32674, 0.32216, 0.3171, 0.32017), RS.test.acc = c(0.28983, 
    0.30864, 0.31682, 0.30076, 0.29709, 0.2968, 0.30671, 0.29754, 
    0.30356, 0.32234, 0.31997), RS.train.time = c(0.0633, 0.0719, 
    0.0807, 0.0794, 0.1036, 0.1152, 0.1248, 0.1238, 0.1295, 0.1391, 
    0.1503), RS.n.support.vectors = c(160, 176, 192, 206.1, 224, 
    240, 256, 268.3, 285.7, 300.2, 315.6), RS.index = c(173, 
    880, 1879, 1638, 863, 270, 268, 336, 2397, 1744, 1013), RS.n.solutions = c(13, 
    1, 1, 1, 3, 5, 9, 1, 1, 1, 2), RS.generations = c(100, 100, 
    100, 100, 100, 100, 100, 100, 100, 100, 100), RS.n.evaluations = c(2500, 
    2500, 2500, 2500, 2500, 2500, 2500, 2500, 2500, 2500, 2500
    ), RS.cpu.time = c(10057.178, 10220.436, 10482.804, 10816.248, 
    11195.429, 12010.125, 12066.26, 12315.735, 10563.076, 10718.903, 
    11010.608), DF.cost = c(1, 1, 1, 1, 1, 1, 1, 1, 1, 1, 1), 
    DF.gamma = c(0.025, 0.025, 0.025, 0.025, 0.025, 0.025, 0.025, 
    0.025, 0.025, 0.025, 0.025), DF.data.balancing = c(0, 0, 
    0, 0, 0, 0, 0, 0, 0, 0, 0), DF.feature.selection = c(0, 0, 
    0, 0, 0, 0, 0, 0, 0, 0, 0), DF.valid.acc = c(0.27507, 0.29702, 
    0.31247, 0.27747, 0.275, 0.29749, 0.31905, 0.303, 0.30808, 
    0.30572, 0.29996), DF.test.acc = c(0.30483, 0.29084, 0.30467, 
    0.30063, 0.28916, 0.28702, 0.30319, 0.29736, 0.29803, 0.30145, 
    0.3074), DF.train.time = c(0.0628, 0.073, 0.0795, 0.0894, 
    0.1003, 0.1125, 0.1201, 0.1324, 0.1455, 0.1504, 0.1617), 
    DF.n.support.vectors = c(160, 176, 192, 207.9, 224, 240, 
    256, 271.9, 288, 304, 319.9), DF.index = c(1, 1, 1, 1, 1, 
    1, 1, 1, 1, 1, 1), DF.n.solutions = c(1, 1, 1, 1, 1, 1, 1, 
    1, 1, 1, 1), DF.generations = c(1, 1, 1, 1, 1, 1, 1, 1, 1, 
    1, 1), DF.n.evaluations = c(1, 1, 1, 1, 1, 1, 1, 1, 1, 1, 
    1), DF.cpu.time = c(3.875, 4.073, 4.044, 4.211, 4.537, 4.741, 
    4.63, 4.95, 4.287, 4.102, 4.192), SMBO.cost = c(12.4214277164345, 
    12.4214277164345, 12.4214277164345, 12.4214277164345, 12.4214277164345, 
    12.4214277164345, 12.4214277164345, 12.4214277164345, 12.4214277164345, 
    12.4214277164345, 12.4214277164345), SMBO.gamma = c(-13.217071911145, 
    -13.217071911145, -13.217071911145, -13.217071911145, -13.217071911145, 
    -13.217071911145, -13.217071911145, -13.217071911145, -13.217071911145, 
    -13.217071911145, -13.217071911145), SMBO.balanced.test.accuracy = c(0.186135708470486, 
    0.186135708470486, 0.186135708470486, 0.186135708470486, 
    0.186135708470486, 0.186135708470486, 0.186135708470486, 
    0.186135708470486, 0.186135708470486, 0.186135708470486, 
    0.186135708470486)), .Names = c("Sampling", "PSO.cost", "PSO.gamma", 
"PSO.data.balancing", "PSO.feature.selection", "PSO.valid.acc", 
"PSO.test.acc", "PSO.train.time", "PSO.n.support.vectors", "PSO.index", 
"PSO.n.solutions", "PSO.generations", "PSO.n.evaluations", "PSO.cpu.time", 
"RS.cost", "RS.gamma", "RS.data.balancing", "RS.feature.selection", 
"RS.valid.acc", "RS.test.acc", "RS.train.time", "RS.n.support.vectors", 
"RS.index", "RS.n.solutions", "RS.generations", "RS.n.evaluations", 
"RS.cpu.time", "DF.cost", "DF.gamma", "DF.data.balancing", "DF.feature.selection", 
"DF.valid.acc", "DF.test.acc", "DF.train.time", "DF.n.support.vectors", 
"DF.index", "DF.n.solutions", "DF.generations", "DF.n.evaluations", 
"DF.cpu.time", "SMBO.cost", "SMBO.gamma", "SMBO.balanced.test.accuracy"
), row.names = c(NA, -11L), class = "data.frame")
