new.sol <-
structure(list(Sampling = c(50, 55, 60, 65, 70, 75, 80, 85, 90, 
95, 100), PSO.cost = c(6.32659, 3.76909, 6.11459, 4.04073, 3.5411, 
1.11399, -0.65893, 1.07158, 0.17413, 3.35476, -0.28696), PSO.gamma = c(-12.10591, 
-10.22934, -12.51683, -10.83261, -9.65896, -5.03216, -5.26998, 
-8.16006, -6.99222, -10.66124, -4.44049), PSO.data.balancing = c(0, 
0, 0, 0, 0, 0, 0, 0, 0, 0, 0), PSO.feature.selection = c(0, 0, 
0, 0, 0, 0, 0, 0, 0, 0, 0), PSO.valid.acc = c(0.32683, 0.38313, 
0.33328, 0.33255, 0.34035, 0.33971, 0.32832, 0.32578, 0.32249, 
0.34221, 0.31032), PSO.test.acc = c(0.27179, 0.3645, 0.34964, 
0.32713, 0.32938, 0.32357, 0.31248, 0.3077, 0.27839, 0.31608, 
0.29794), PSO.train.time = c(0.0603, 0.0674, 0.0744, 0.0821, 
0.0848, 0.1039, 0.1161, 0.117, 0.1316, 0.137, 0.163), PSO.n.support.vectors = c(158, 
174.6, 189.3, 206.2, 220.8, 240, 255.8, 270.4, 286.9, 300.8, 
320), PSO.index = c(39, 478, 670, 130, 169, 594, 2347, 917, 1103, 
314, 1668), PSO.n.solutions = c(42, 36, 61, 107, 82, 81, 1, 39, 
85, 71, 19), PSO.generations = c(100, 100, 100, 100, 100, 100, 
100, 100, 100, 100, 100), PSO.n.evaluations = c(2500, 2500, 2500, 
2500, 2500, 2500, 2500, 2500, 2500, 2500, 2500), PSO.cpu.time = c(7636.396, 
7867.546, 8564.044, 8391.812, 8830.969, 9951.179, 11213.937, 
11494.308, 11852.089, 12151.346, 10514.619), RS.cost = c(7.88842, 
6.23633, 5.06746, 5.36089, 6.31902, 13.322, -0.54543, 7.1967, 
1.14594, 4.21121, -0.75035), RS.gamma = c(-13.70013, -12.99961, 
-11.44861, -12.09084, -12.56546, -5.00875, -5.15699, -13.8568, 
-7.94803, -11.54448, -6.39996), RS.data.balancing = c(0, 0, 0, 
0, 0, 0, 0, 0, 0, 0, 0), RS.feature.selection = c(0, 0, 0, 0, 
0, 0, 0, 0, 0, 0, 0), RS.valid.acc = c(0.32683, 0.37878, 0.33328, 
0.33255, 0.34035, 0.33961, 0.32823, 0.32554, 0.31693, 0.34221, 
0.30544), RS.test.acc = c(0.26198, 0.3645, 0.34964, 0.32713, 
0.32579, 0.32023, 0.31551, 0.33134, 0.29205, 0.31608, 0.29531
), RS.train.time = c(0.0557, 0.0658, 0.074, 0.0773, 0.0904, 0.1134, 
0.1188, 0.1202, 0.1351, 0.1411, 0.1534), RS.n.support.vectors = c(158, 
174.6, 189.3, 206, 220.7, 240, 255.9, 268.2, 284.4, 300.7, 319.4
), RS.index = c(67, 71, 1506, 61, 168, 40, 1714, 76, 524, 741, 
284), RS.n.solutions = c(1, 9, 2, 5, 4, 9, 1, 14, 1, 1, 1), RS.generations = c(100, 
100, 100, 100, 100, 100, 100, 100, 100, 100, 100), RS.n.evaluations = c(2500, 
2500, 2500, 2500, 2500, 2500, 2500, 2500, 2500, 2500, 2500), 
    RS.cpu.time = c(7763.135, 8293.696, 8669.048, 8500.169, 8899.49400000001, 
    11235.454, 11529.912, 11837.733, 12387.461, 11097.868, 11131.475
    ), DF.cost = c(1, 1, 1, 1, 1, 1, 1, 1, 1, 1, 1), DF.gamma = c(0.025, 
    0.025, 0.025, 0.025, 0.025, 0.025, 0.025, 0.025, 0.025, 0.025, 
    0.025), DF.data.balancing = c(0, 0, 0, 0, 0, 0, 0, 0, 0, 
    0, 0), DF.feature.selection = c(0, 0, 0, 0, 0, 0, 0, 0, 0, 
    0, 0), DF.valid.acc = c(0.28394, 0.33229, 0.3161, 0.30916, 
    0.31161, 0.30623, 0.29627, 0.29658, 0.29724, 0.30522, 0.28025
    ), DF.test.acc = c(0.29491, 0.34183, 0.33344, 0.31222, 0.3152, 
    0.31335, 0.29705, 0.29625, 0.28666, 0.30785, 0.28274), DF.train.time = c(0.0585, 
    0.0708, 0.0798, 0.0837, 0.0968, 0.1135, 0.1132, 0.1331, 0.1469, 
    0.1552, 0.1629), DF.n.support.vectors = c(160, 176, 191.8, 
    208, 224, 240, 255.8, 271.7, 288, 304, 319.9), DF.index = c(1, 
    1, 1, 1, 1, 1, 1, 1, 1, 1, 1), DF.n.solutions = c(1, 1, 1, 
    1, 1, 1, 1, 1, 1, 1, 1), DF.generations = c(1, 1, 1, 1, 1, 
    1, 1, 1, 1, 1, 1), DF.n.evaluations = c(1, 1, 1, 1, 1, 1, 
    1, 1, 1, 1, 1), DF.cpu.time = c(2.99, 3.349, 3.386, 3.463, 
    3.583, 4.685, 4.326, 4.817, 5.029, 4.259, 4.238), SMBO.cost = c(12.8066539417548, 
    12.8066539417548, 12.8066539417548, 12.8066539417548, 12.8066539417548, 
    12.8066539417548, 12.8066539417548, 12.8066539417548, 12.8066539417548, 
    12.8066539417548, 12.8066539417548), SMBO.gamma = c(-5.92759174118517, 
    -5.92759174118517, -5.92759174118517, -5.92759174118517, 
    -5.92759174118517, -5.92759174118517, -5.92759174118517, 
    -5.92759174118517, -5.92759174118517, -5.92759174118517, 
    -5.92759174118517), SMBO.balanced.test.accuracy = c(0.186082370682167, 
    0.186082370682167, 0.186082370682167, 0.186082370682167, 
    0.186082370682167, 0.186082370682167, 0.186082370682167, 
    0.186082370682167, 0.186082370682167, 0.186082370682167, 
    0.186082370682167)), .Names = c("Sampling", "PSO.cost", "PSO.gamma", 
"PSO.data.balancing", "PSO.feature.selection", "PSO.valid.acc", 
"PSO.test.acc", "PSO.train.time", "PSO.n.support.vectors", "PSO.index", 
"PSO.n.solutions", "PSO.generations", "PSO.n.evaluations", "PSO.cpu.time", 
"RS.cost", "RS.gamma", "RS.data.balancing", "RS.feature.selection", 
"RS.valid.acc", "RS.test.acc", "RS.train.time", "RS.n.support.vectors", 
"RS.index", "RS.n.solutions", "RS.generations", "RS.n.evaluations", 
"RS.cpu.time", "DF.cost", "DF.gamma", "DF.data.balancing", "DF.feature.selection", 
"DF.valid.acc", "DF.test.acc", "DF.train.time", "DF.n.support.vectors", 
"DF.index", "DF.n.solutions", "DF.generations", "DF.n.evaluations", 
"DF.cpu.time", "SMBO.cost", "SMBO.gamma", "SMBO.balanced.test.accuracy"
), row.names = c(NA, -11L), class = "data.frame")
