new.sol <-
structure(list(Sampling = c(50, 55, 60, 65, 70, 75, 80, 85, 90, 
95, 100), PSO.cost = c(3.66768, 3.62181, 4.43517, 7.44242, 8.90043, 
0.90667, 6.71593, 0.54376, -0.15192, 9.17904, 0.90978), PSO.gamma = c(-10.77944, 
-9.66444, -11.35132, -13.94341, -15, -6.29079, -13.40761, -5.03954, 
-6.40285, -14.95774, -6.76411), PSO.data.balancing = c(0, 0, 
0, 0, 0, 0, 0, 0, 0, 0, 0), PSO.feature.selection = c(0, 0, 0, 
0, 0, 0, 0, 0, 0, 0, 0), PSO.valid.acc = c(0.34509, 0.33167, 
0.33664, 0.33916, 0.33915, 0.36069, 0.33191, 0.35812, 0.33586, 
0.32869, 0.31032), PSO.test.acc = c(0.33509, 0.30506, 0.3161, 
0.32418, 0.31449, 0.34746, 0.33807, 0.32865, 0.32266, 0.32548, 
0.30512), PSO.train.time = c(0.0604, 0.0662, 0.07, 0.0789, 0.0881, 
0.1015, 0.1031, 0.1252, 0.1294, 0.1368, 0.1516), PSO.n.support.vectors = c(157.8, 
173.5, 189.5, 205.1, 218.5, 238.8, 252.2, 272, 286.9, 298, 317.1
), PSO.index = c(268, 218, 285, 1092, 246, 1557, 509, 848, 1212, 
881, 926), PSO.n.solutions = c(74, 43, 56, 15, 78, 14, 69, 177, 
79, 18, 116), PSO.generations = c(100, 100, 100, 100, 100, 100, 
100, 100, 100, 100, 100), PSO.n.evaluations = c(2500, 2500, 2500, 
2500, 2500, 2500, 2500, 2500, 2500, 2500, 2500), PSO.cpu.time = c(8638.369, 
8162.367, 8183.732, 8278.235, 8398.489, 8683.855, 9022.383, 9740.875, 
9916.704, 10245.118, 10408.58), RS.cost = c(7.23962, 5.67031, 
3.92801, 6.81923, 8.26177, 5.37152, 4.16006, 0.46809, -0.02962, 
3.64595, 3.66624), RS.gamma = c(-14.42753, -11.77277, -10.81888, 
-13.32855, -14.36443, -12.1701, -10.79352, -5.0645, -6.72247, 
-10.80362, -10.77746), RS.data.balancing = c(0, 0, 0, 0, 0, 0, 
0, 0, 0, 0, 0), RS.feature.selection = c(0, 0, 0, 0, 0, 0, 0, 
0, 0, 0, 0), RS.valid.acc = c(0.34509, 0.33167, 0.33647, 0.33916, 
0.33915, 0.35379, 0.33191, 0.3524, 0.333, 0.32855, 0.30293), 
    RS.test.acc = c(0.34009, 0.30982, 0.32026, 0.32418, 0.31449, 
    0.33345, 0.33493, 0.33454, 0.32266, 0.32798, 0.29743), RS.train.time = c(0.0575, 
    0.0655, 0.0711, 0.0766, 0.0851, 0.095, 0.1037, 0.1266, 0.1276, 
    0.1331, 0.1439), RS.n.support.vectors = c(157.7, 173.3, 189.5, 
    205.1, 218.6, 236.1, 252.5, 272, 286.3, 300.2, 314.5), RS.index = c(2497, 
    888, 1401, 1483, 856, 1452, 1300, 264, 348, 243, 199), RS.n.solutions = c(1, 
    2, 1, 1, 2, 2, 1, 1, 1, 1, 4), RS.generations = c(100, 100, 
    100, 100, 100, 100, 100, 100, 100, 100, 100), RS.n.evaluations = c(2500, 
    2500, 2500, 2500, 2500, 2500, 2500, 2500, 2500, 2500, 2500
    ), RS.cpu.time = c(9404.314, 8194.321, 8106.34, 8351.215, 
    8687.213, 9002.986, 9632.01199999999, 9987.02900000001, 10301.975, 
    10649.699, 11022.331), DF.cost = c(1, 1, 1, 1, 1, 1, 1, 1, 
    1, 1, 1), DF.gamma = c(0.025, 0.025, 0.025, 0.025, 0.025, 
    0.025, 0.025, 0.025, 0.025, 0.025, 0.025), DF.data.balancing = c(0, 
    0, 0, 0, 0, 0, 0, 0, 0, 0, 0), DF.feature.selection = c(0, 
    0, 0, 0, 0, 0, 0, 0, 0, 0, 0), DF.valid.acc = c(0.31482, 
    0.31436, 0.31043, 0.30847, 0.32456, 0.33055, 0.31314, 0.32032, 
    0.311, 0.31087, 0.28305), DF.test.acc = c(0.32533, 0.31398, 
    0.30589, 0.32045, 0.32127, 0.33012, 0.32272, 0.32291, 0.34219, 
    0.31308, 0.27778), DF.train.time = c(0.0609, 0.0704, 0.0738, 
    0.0832, 0.0953, 0.1019, 0.1127, 0.1235, 0.1343, 0.1455, 0.1581
    ), DF.n.support.vectors = c(160, 176, 192, 208, 224, 239.5, 
    255.9, 272, 287.9, 304, 320), DF.index = c(1, 1, 1, 1, 1, 
    1, 1, 1, 1, 1, 1), DF.n.solutions = c(1, 1, 1, 1, 1, 1, 1, 
    1, 1, 1, 1), DF.generations = c(1, 1, 1, 1, 1, 1, 1, 1, 1, 
    1, 1), DF.n.evaluations = c(1, 1, 1, 1, 1, 1, 1, 1, 1, 1, 
    1), DF.cpu.time = c(3.11, 3.31, 3.124, 3.241, 3.415, 3.496, 
    3.748, 3.871, 3.969, 4.079, 4.212), SMBO.cost = c(2.10201293392584, 
    2.10201293392584, 2.10201293392584, 2.10201293392584, 2.10201293392584, 
    2.10201293392584, 2.10201293392584, 2.10201293392584, 2.10201293392584, 
    2.10201293392584, 2.10201293392584), SMBO.gamma = c(-6.10054126524544, 
    -6.10054126524544, -6.10054126524544, -6.10054126524544, 
    -6.10054126524544, -6.10054126524544, -6.10054126524544, 
    -6.10054126524544, -6.10054126524544, -6.10054126524544, 
    -6.10054126524544), SMBO.balanced.test.accuracy = c(0.195602132680469, 
    0.195602132680469, 0.195602132680469, 0.195602132680469, 
    0.195602132680469, 0.195602132680469, 0.195602132680469, 
    0.195602132680469, 0.195602132680469, 0.195602132680469, 
    0.195602132680469)), .Names = c("Sampling", "PSO.cost", "PSO.gamma", 
"PSO.data.balancing", "PSO.feature.selection", "PSO.valid.acc", 
"PSO.test.acc", "PSO.train.time", "PSO.n.support.vectors", "PSO.index", 
"PSO.n.solutions", "PSO.generations", "PSO.n.evaluations", "PSO.cpu.time", 
"RS.cost", "RS.gamma", "RS.data.balancing", "RS.feature.selection", 
"RS.valid.acc", "RS.test.acc", "RS.train.time", "RS.n.support.vectors", 
"RS.index", "RS.n.solutions", "RS.generations", "RS.n.evaluations", 
"RS.cpu.time", "DF.cost", "DF.gamma", "DF.data.balancing", "DF.feature.selection", 
"DF.valid.acc", "DF.test.acc", "DF.train.time", "DF.n.support.vectors", 
"DF.index", "DF.n.solutions", "DF.generations", "DF.n.evaluations", 
"DF.cpu.time", "SMBO.cost", "SMBO.gamma", "SMBO.balanced.test.accuracy"
), row.names = c(NA, -11L), class = "data.frame")
