new.sol <-
structure(list(Sampling = c(50, 55, 60, 65, 70, 75, 80, 85, 90, 
95, 100), PSO.cost = c(0.40992, 9.39008, 1.58357, 4.20899, 8.15057, 
11.90521, 6.60594, 6.4032, 2.01284, 7.92393, -0.43973), PSO.gamma = c(-4.36541, 
-3.52074, -3.65435, -10.69766, -3.71341, -3.7423, -14.50634, 
-13.37042, -7.52266, -15, -5.89955), PSO.data.balancing = c(0, 
0, 0, 0, 0, 0, 0, 0, 0, 0, 0), PSO.feature.selection = c(0, 0, 
0, 0, 0, 0, 0, 0, 0, 0, 0), PSO.valid.acc = c(0.30167, 0.30106, 
0.30505, 0.30862, 0.30355, 0.30665, 0.31555, 0.32895, 0.3346, 
0.32375, 0.3075), PSO.test.acc = c(0.26878, 0.2963, 0.30089, 
0.27254, 0.28887, 0.27997, 0.31231, 0.32021, 0.30378, 0.2999, 
0.2925), PSO.train.time = c(0.0628, 0.0724, 0.0873, 0.0844, 0.1026, 
0.1127, 0.1134, 0.1229, 0.1388, 0.1458, 0.1674), PSO.n.support.vectors = c(160, 
176, 192, 206.8, 224, 240, 254.9, 268, 284, 299.1, 319.6), PSO.index = c(2012, 
26, 131, 1047, 410, 478, 1283, 449, 1369, 313, 1027), PSO.n.solutions = c(1, 
1001, 843, 37, 883, 345, 35, 15, 26, 33, 66), PSO.generations = c(100, 
100, 100, 100, 100, 100, 100, 100, 100, 100, 100), PSO.n.evaluations = c(2500, 
2500, 2500, 2500, 2500, 2500, 2500, 2500, 2500, 2500, 2500), 
    PSO.cpu.time = c(7972.85, 9382.683, 10927.973, 11013.156, 
    11311.16, 11603.899, 11448.547, 11671.282, 12611.713, 13021.612, 
    12695.18), RS.cost = c(4.26569, 1.59584, 10.28095, 4.75958, 
    7.57344, 9.16192, 6.20606, 6.12528, 2.49302, 7.68218, 13.11424
    ), RS.gamma = c(-4.34323, -3.52417, -3.61061, -11.26129, 
    -3.71042, -3.7405, -14.13631, -13.07248, -8.16607, -14.74941, 
    -3.72511), RS.data.balancing = c(0, 0, 0, 0, 0, 0, 0, 0, 
    0, 0, 0), RS.feature.selection = c(0, 0, 0, 0, 0, 0, 0, 0, 
    0, 0, 0), RS.valid.acc = c(0.29641, 0.30106, 0.30505, 0.30862, 
    0.30355, 0.30665, 0.31242, 0.32895, 0.33135, 0.32375, 0.3075
    ), RS.test.acc = c(0.25796, 0.2963, 0.30524, 0.27254, 0.28887, 
    0.27997, 0.31231, 0.32021, 0.30084, 0.2999, 0.29), RS.train.time = c(0.0641, 
    0.0705, 0.0847, 0.0827, 0.1043, 0.1134, 0.1056, 0.1235, 0.1361, 
    0.1458, 0.1728), RS.n.support.vectors = c(160, 176, 192, 
    206.8, 224, 240, 254.8, 268, 283.3, 299.1, 320), RS.index = c(805, 
    4, 216, 1611, 210, 212, 1712, 2498, 358, 1843, 738), RS.n.solutions = c(3, 
    27, 6, 1, 3, 6, 1, 1, 1, 1, 1), RS.generations = c(100, 100, 
    100, 100, 100, 100, 100, 100, 100, 100, 100), RS.n.evaluations = c(2500, 
    2500, 2500, 2500, 2500, 2500, 2500, 2500, 2500, 2500, 2500
    ), RS.cpu.time = c(8161.605, 10740.286, 10944.105, 11146.742, 
    11305.126, 11387.683, 11644.493, 12217.943, 13074.471, 13523.072, 
    12734.836), DF.cost = c(1, 1, 1, 1, 1, 1, 1, 1, 1, 1, 1), 
    DF.gamma = c(0.025, 0.025, 0.025, 0.025, 0.025, 0.025, 0.025, 
    0.025, 0.025, 0.025, 0.025), DF.data.balancing = c(0, 0, 
    0, 0, 0, 0, 0, 0, 0, 0, 0), DF.feature.selection = c(0, 0, 
    0, 0, 0, 0, 0, 0, 0, 0, 0), DF.valid.acc = c(0.26774, 0.26677, 
    0.24985, 0.28125, 0.27062, 0.27608, 0.30322, 0.31121, 0.30061, 
    0.29743, 0.285), DF.test.acc = c(0.25793, 0.26674, 0.25858, 
    0.26939, 0.26025, 0.29986, 0.3002, 0.30827, 0.31467, 0.30533, 
    0.285), DF.train.time = c(0.0617, 0.0743, 0.0828, 0.0907, 
    0.0981, 0.1065, 0.1145, 0.1327, 0.1459, 0.1587, 0.1622), 
    DF.n.support.vectors = c(160, 176, 192, 208, 224, 240, 256, 
    272, 288, 304, 320), DF.index = c(1, 1, 1, 1, 1, 1, 1, 1, 
    1, 1, 1), DF.n.solutions = c(1, 1, 1, 1, 1, 1, 1, 1, 1, 1, 
    1), DF.generations = c(1, 1, 1, 1, 1, 1, 1, 1, 1, 1, 1), 
    DF.n.evaluations = c(1, 1, 1, 1, 1, 1, 1, 1, 1, 1, 1), DF.cpu.time = c(3.274, 
    4.285, 4.393, 4.425, 4.434, 4.329, 4.359, 4.848, 5.115, 5.199, 
    4.189), SMBO.cost = c(5.29333425658057, 5.29333425658057, 
    5.29333425658057, 5.29333425658057, 5.29333425658057, 5.29333425658057, 
    5.29333425658057, 5.29333425658057, 5.29333425658057, 5.29333425658057, 
    5.29333425658057), SMBO.gamma = c(-6.612736005162, -6.612736005162, 
    -6.612736005162, -6.612736005162, -6.612736005162, -6.612736005162, 
    -6.612736005162, -6.612736005162, -6.612736005162, -6.612736005162, 
    -6.612736005162), SMBO.balanced.test.accuracy = c(0.189401153792601, 
    0.189401153792601, 0.189401153792601, 0.189401153792601, 
    0.189401153792601, 0.189401153792601, 0.189401153792601, 
    0.189401153792601, 0.189401153792601, 0.189401153792601, 
    0.189401153792601)), .Names = c("Sampling", "PSO.cost", "PSO.gamma", 
"PSO.data.balancing", "PSO.feature.selection", "PSO.valid.acc", 
"PSO.test.acc", "PSO.train.time", "PSO.n.support.vectors", "PSO.index", 
"PSO.n.solutions", "PSO.generations", "PSO.n.evaluations", "PSO.cpu.time", 
"RS.cost", "RS.gamma", "RS.data.balancing", "RS.feature.selection", 
"RS.valid.acc", "RS.test.acc", "RS.train.time", "RS.n.support.vectors", 
"RS.index", "RS.n.solutions", "RS.generations", "RS.n.evaluations", 
"RS.cpu.time", "DF.cost", "DF.gamma", "DF.data.balancing", "DF.feature.selection", 
"DF.valid.acc", "DF.test.acc", "DF.train.time", "DF.n.support.vectors", 
"DF.index", "DF.n.solutions", "DF.generations", "DF.n.evaluations", 
"DF.cpu.time", "SMBO.cost", "SMBO.gamma", "SMBO.balanced.test.accuracy"
), row.names = c(NA, -11L), class = "data.frame")
