new.sol <-
structure(list(Sampling = c(50, 55, 60, 65, 70, 75, 80, 85, 90, 
95, 100), PSO.cost = c(2.6746, 1.43564, 7.73963, 0.99172, 5.38409, 
11.68289, 1.33308, 8.96689, 4.71705, 7.33132, 1.33401), PSO.gamma = c(-4.79168, 
-5.36662, -5.554, -4.97971, -6.18579, -5.64226, -5.21216, -5.66219, 
-4.82963, -5.58693, -5.09361), PSO.data.balancing = c(0, 0, 0, 
0, 0, 0, 0, 0, 0, 0, 0), PSO.feature.selection = c(0, 0, 0, 0, 
0, 0, 0, 0, 0, 0, 0), PSO.valid.acc = c(0.83636, 0.83545, 0.85513, 
0.85879, 0.86692, 0.8636, 0.87279, 0.88529, 0.87485, 0.8715, 
0.89468), PSO.test.acc = c(0.83727, 0.8097, 0.84615, 0.83571, 
0.87604, 0.83064, 0.85441, 0.86765, 0.88041, 0.8765, 0.88968), 
    PSO.train.time = c(0.0427, 0.0443, 0.0425, 0.0442, 0.0451, 
    0.0497, 0.0493, 0.055, 0.0566, 0.0575, 0.0618), PSO.n.support.vectors = c(79.6, 
    81.8, 83.8, 98, 84.5, 102, 113.8, 110.8, 132, 119.4, 137.1
    ), PSO.index = c(123, 644, 65, 68, 26, 456, 822, 91, 27, 
    32, 811), PSO.n.solutions = c(1162, 153, 715, 1251, 1252, 
    299, 141, 548, 1425, 1256, 163), PSO.generations = c(100, 
    100, 100, 100, 100, 100, 100, 100, 100, 100, 100), PSO.n.evaluations = c(2500, 
    2500, 2500, 2500, 2500, 2500, 2500, 2500, 2500, 2500, 2500
    ), PSO.cpu.time = c(8398.916, 8398.84, 8371.253, 8612.386, 
    8726.69799999999, 8839.931, 8732.90500000001, 9094.14, 9234.50099999999, 
    9091.12699999998, 9354.58899999998), RS.cost = c(8.70832, 
    1.18541, 7.45694, 6.50885, 4.48203, 5.05604, 6.70156, 10.99744, 
    11.782, 8.66209, 13.41765), RS.gamma = c(-4.71367, -5.26806, 
    -5.56649, -5.08735, -6.10042, -5.26321, -5.20926, -5.63428, 
    -4.70567, -5.45798, -5.51879), RS.data.balancing = c(0, 0, 
    0, 0, 0, 0, 0, 0, 0, 0, 0), RS.feature.selection = c(0, 0, 
    0, 0, 0, 0, 0, 0, 0, 0, 0), RS.valid.acc = c(0.83636, 0.82636, 
    0.85513, 0.85879, 0.86692, 0.8573, 0.86691, 0.88529, 0.87485, 
    0.8715, 0.89422), RS.test.acc = c(0.83727, 0.8097, 0.83782, 
    0.83571, 0.86788, 0.84397, 0.84265, 0.86765, 0.86433, 0.87124, 
    0.89422), RS.train.time = c(0.0383, 0.0431, 0.044, 0.045, 
    0.0504, 0.0511, 0.05, 0.0566, 0.0598, 0.0607, 0.0598), RS.n.support.vectors = c(80.2, 
    82.7, 83.8, 96.9, 85.7, 105.6, 113.1, 111.7, 133.8, 122, 
    126.6), RS.index = c(65, 390, 11, 18, 22, 24, 506, 391, 1, 
    13, 372), RS.n.solutions = c(21, 4, 38, 17, 12, 4, 15, 8, 
    56, 53, 3), RS.generations = c(100, 100, 100, 100, 100, 100, 
    100, 100, 100, 100, 100), RS.n.evaluations = c(2500, 2500, 
    2500, 2500, 2500, 2500, 2500, 2500, 2500, 2500, 2500), RS.cpu.time = c(8470.231, 
    8361.517, 8545.89999999999, 8776.999, 8808.69500000001, 8802.136, 
    8903.15199999999, 9099.02599999998, 9063.30399999997, 9195.348, 
    9209.55599999998), DF.cost = c(1, 1, 1, 1, 1, 1, 1, 1, 1, 
    1, 1), DF.gamma = c(0.01667, 0.01667, 0.01667, 0.01667, 0.01667, 
    0.01667, 0.01667, 0.01667, 0.01667, 0.01667, 0.01667), DF.data.balancing = c(0, 
    0, 0, 0, 0, 0, 0, 0, 0, 0, 0), DF.feature.selection = c(0, 
    0, 0, 0, 0, 0, 0, 0, 0, 0, 0), DF.valid.acc = c(0.79727, 
    0.76576, 0.82308, 0.74505, 0.79685, 0.81105, 0.84853, 0.79314, 
    0.82602, 0.83569, 0.8416), DF.test.acc = c(0.81455, 0.74985, 
    0.80513, 0.7533, 0.83201, 0.82475, 0.82353, 0.79248, 0.83158, 
    0.8199, 0.83182), DF.train.time = c(0.0415, 0.0429, 0.0449, 
    0.0436, 0.0472, 0.0498, 0.0539, 0.0554, 0.0564, 0.0597, 0.0656
    ), DF.n.support.vectors = c(74.5, 79.4, 85.9, 92.3, 96.4, 
    105.3, 110.1, 115.6, 118.4, 124.6, 129.7), DF.index = c(1, 
    1, 1, 1, 1, 1, 1, 1, 1, 1, 1), DF.n.solutions = c(1, 1, 1, 
    1, 1, 1, 1, 1, 1, 1, 1), DF.generations = c(1, 1, 1, 1, 1, 
    1, 1, 1, 1, 1, 1), DF.n.evaluations = c(1, 1, 1, 1, 1, 1, 
    1, 1, 1, 1, 1), DF.cpu.time = c(3.373, 3.37, 3.339, 3.497, 
    3.525, 3.482, 3.675, 3.664, 3.616, 3.714, 3.689), SMBO.cost = c(14.9884131673005, 
    14.9884131673005, 14.9884131673005, 14.9884131673005, 14.9884131673005, 
    14.9884131673005, 14.9884131673005, 14.9884131673005, 14.9884131673005, 
    14.9884131673005, 14.9884131673005), SMBO.gamma = c(-5.94831343080651, 
    -5.94831343080651, -5.94831343080651, -5.94831343080651, 
    -5.94831343080651, -5.94831343080651, -5.94831343080651, 
    -5.94831343080651, -5.94831343080651, -5.94831343080651, 
    -5.94831343080651), SMBO.balanced.test.accuracy = c(0.879495501747199, 
    0.879495501747199, 0.879495501747199, 0.879495501747199, 
    0.879495501747199, 0.879495501747199, 0.879495501747199, 
    0.879495501747199, 0.879495501747199, 0.879495501747199, 
    0.879495501747199)), .Names = c("Sampling", "PSO.cost", "PSO.gamma", 
"PSO.data.balancing", "PSO.feature.selection", "PSO.valid.acc", 
"PSO.test.acc", "PSO.train.time", "PSO.n.support.vectors", "PSO.index", 
"PSO.n.solutions", "PSO.generations", "PSO.n.evaluations", "PSO.cpu.time", 
"RS.cost", "RS.gamma", "RS.data.balancing", "RS.feature.selection", 
"RS.valid.acc", "RS.test.acc", "RS.train.time", "RS.n.support.vectors", 
"RS.index", "RS.n.solutions", "RS.generations", "RS.n.evaluations", 
"RS.cpu.time", "DF.cost", "DF.gamma", "DF.data.balancing", "DF.feature.selection", 
"DF.valid.acc", "DF.test.acc", "DF.train.time", "DF.n.support.vectors", 
"DF.index", "DF.n.solutions", "DF.generations", "DF.n.evaluations", 
"DF.cpu.time", "SMBO.cost", "SMBO.gamma", "SMBO.balanced.test.accuracy"
), row.names = c(NA, -11L), class = "data.frame")
