new.sol <-
structure(list(Sampling = c(50, 55, 60, 65, 70, 75, 80, 85, 90, 
95, 100), PSO.cost = c(2.00164, 10.2759, 10.84034, 2.23917, 3.01937, 
7.44979, 5.13548, 2.72022, 1.89439, 12.13377, 5.80258), PSO.gamma = c(-5.86143, 
-4.95094, -5.54685, -5.24745, -5.46547, -5.36483, -5.39064, -5.33756, 
-6.10463, -5.99533, -6.3302), PSO.data.balancing = c(0, 0, 0, 
0, 0, 0, 0, 0, 0, 0, 0), PSO.feature.selection = c(0, 0, 0, 0, 
0, 0, 0, 0, 0, 0, 0), PSO.valid.acc = c(0.82818, 0.85909, 0.86987, 
0.86538, 0.88128, 0.87625, 0.88382, 0.86797, 0.89642, 0.89737, 
0.89448), PSO.test.acc = c(0.79818, 0.83182, 0.87051, 0.8511, 
0.87407, 0.88958, 0.88971, 0.86797, 0.88093, 0.87632, 0.87994
), PSO.train.time = c(0.0385, 0.0431, 0.0445, 0.0429, 0.0492, 
0.0491, 0.0532, 0.053, 0.054, 0.0585, 0.0622), PSO.n.support.vectors = c(67.5, 
82.5, 80.7, 89.9, 91.8, 98.4, 103.4, 110.3, 100.4, 107.1, 108.9
), PSO.index = c(627, 25, 31, 133, 8, 16, 33, 202, 466, 59, 28
), PSO.n.solutions = c(341, 1416, 1613, 665, 1043, 246, 1356, 
1079, 644, 1263, 1070), PSO.generations = c(100, 100, 100, 100, 
100, 100, 100, 100, 100, 100, 100), PSO.n.evaluations = c(2500, 
2500, 2500, 2500, 2500, 2500, 2500, 2500, 2500, 2500, 2500), 
    PSO.cpu.time = c(7628.176, 8876.659, 8373.935, 8584.995, 
    8741.42199999999, 8835.59000000001, 8746.296, 9054.52500000001, 
    9162.26500000001, 9035.80900000001, 9251.095), RS.cost = c(2.00215, 
    14.3246, 0.73161, 6.32203, 0.98377, 1.29966, 2.77354, 13.42393, 
    1.78238, 11.96177, 6.75171), RS.gamma = c(-5.79358, -4.9707, 
    -5.78056, -5.2537, -5.57942, -5.14235, -5.40663, -5.41696, 
    -6.00794, -6.00013, -6.32417), RS.data.balancing = c(0, 0, 
    0, 0, 0, 0, 0, 0, 0, 0, 0), RS.feature.selection = c(0, 0, 
    0, 0, 0, 0, 0, 0, 0, 0, 0), RS.valid.acc = c(0.82818, 0.85909, 
    0.87115, 0.86538, 0.88128, 0.87625, 0.88382, 0.86797, 0.89642, 
    0.89737, 0.89448), RS.test.acc = c(0.79818, 0.83182, 0.83013, 
    0.8511, 0.87509, 0.88292, 0.88971, 0.86797, 0.88093, 0.87632, 
    0.87994), RS.train.time = c(0.0392, 0.045, 0.044, 0.0477, 
    0.0527, 0.054, 0.0522, 0.0541, 0.0519, 0.0546, 0.0568), RS.n.support.vectors = c(68.4, 
    82.5, 80.8, 89.7, 92.3, 105.3, 103.1, 108, 102.1, 107.1, 
    109), RS.index = c(403, 170, 2343, 2371, 368, 323, 70, 12, 
    2003, 64, 408), RS.n.solutions = c(1, 19, 1, 1, 5, 5, 25, 
    8, 1, 20, 5), RS.generations = c(100, 100, 100, 100, 100, 
    100, 100, 100, 100, 100, 100), RS.n.evaluations = c(2500, 
    2500, 2500, 2500, 2500, 2500, 2500, 2500, 2500, 2500, 2500
    ), RS.cpu.time = c(8649.985, 8766.225, 8484.37, 8644.652, 
    8756.88600000001, 8821.42599999999, 8693.083, 9055.477, 9103.62700000001, 
    9117.91100000002, 9318.77499999999), DF.cost = c(1, 1, 1, 
    1, 1, 1, 1, 1, 1, 1, 1), DF.gamma = c(0.01667, 0.01667, 0.01667, 
    0.01667, 0.01667, 0.01667, 0.01667, 0.01667, 0.01667, 0.01667, 
    0.01667), DF.data.balancing = c(0, 0, 0, 0, 0, 0, 0, 0, 0, 
    0, 0), DF.feature.selection = c(0, 0, 0, 0, 0, 0, 0, 0, 0, 
    0, 0), DF.valid.acc = c(0.78182, 0.80606, 0.8141, 0.81319, 
    0.85462, 0.85667, 0.82279, 0.82745, 0.82128, 0.85684, 0.84208
    ), DF.test.acc = c(0.75273, 0.8053, 0.8391, 0.83516, 0.82795, 
    0.85042, 0.80919, 0.82222, 0.83239, 0.85079, 0.8416), DF.train.time = c(0.0427, 
    0.0396, 0.045, 0.0444, 0.0467, 0.0506, 0.051, 0.0496, 0.0556, 
    0.0592, 0.0618), DF.n.support.vectors = c(71.4, 77.4, 83.4, 
    88.1, 94.6, 99.5, 104.6, 109.2, 115.5, 121.6, 128.7), DF.index = c(1, 
    1, 1, 1, 1, 1, 1, 1, 1, 1, 1), DF.n.solutions = c(1, 1, 1, 
    1, 1, 1, 1, 1, 1, 1, 1), DF.generations = c(1, 1, 1, 1, 1, 
    1, 1, 1, 1, 1, 1), DF.n.evaluations = c(1, 1, 1, 1, 1, 1, 
    1, 1, 1, 1, 1), DF.cpu.time = c(3.521, 3.281, 3.394, 3.416, 
    3.449, 3.512, 3.538, 3.625, 3.618, 3.689, 3.686), SMBO.cost = c(1.11451395636292, 
    1.11451395636292, 1.11451395636292, 1.11451395636292, 1.11451395636292, 
    1.11451395636292, 1.11451395636292, 1.11451395636292, 1.11451395636292, 
    1.11451395636292, 1.11451395636292), SMBO.gamma = c(-5.73180107922235, 
    -5.73180107922235, -5.73180107922235, -5.73180107922235, 
    -5.73180107922235, -5.73180107922235, -5.73180107922235, 
    -5.73180107922235, -5.73180107922235, -5.73180107922235, 
    -5.73180107922235), SMBO.balanced.test.accuracy = c(0.894758867206467, 
    0.894758867206467, 0.894758867206467, 0.894758867206467, 
    0.894758867206467, 0.894758867206467, 0.894758867206467, 
    0.894758867206467, 0.894758867206467, 0.894758867206467, 
    0.894758867206467)), .Names = c("Sampling", "PSO.cost", "PSO.gamma", 
"PSO.data.balancing", "PSO.feature.selection", "PSO.valid.acc", 
"PSO.test.acc", "PSO.train.time", "PSO.n.support.vectors", "PSO.index", 
"PSO.n.solutions", "PSO.generations", "PSO.n.evaluations", "PSO.cpu.time", 
"RS.cost", "RS.gamma", "RS.data.balancing", "RS.feature.selection", 
"RS.valid.acc", "RS.test.acc", "RS.train.time", "RS.n.support.vectors", 
"RS.index", "RS.n.solutions", "RS.generations", "RS.n.evaluations", 
"RS.cpu.time", "DF.cost", "DF.gamma", "DF.data.balancing", "DF.feature.selection", 
"DF.valid.acc", "DF.test.acc", "DF.train.time", "DF.n.support.vectors", 
"DF.index", "DF.n.solutions", "DF.generations", "DF.n.evaluations", 
"DF.cpu.time", "SMBO.cost", "SMBO.gamma", "SMBO.balanced.test.accuracy"
), row.names = c(NA, -11L), class = "data.frame")
