new.sol <-
structure(list(Sampling = c(50, 55, 60, 65, 70, 75, 80, 85, 90, 
95, 100), PSO.cost = c(8.07336, 15, 9.39897, 0.55545, 14.73084, 
15, 8.91448, 3.42684, 0.04806, 11.62646, 11.87706), PSO.gamma = c(-7.02699, 
-12.0593, -4.96541, -9.10748, -6.21866, -6.34784, -6.05227, -6.41781, 
-5.39657, -6.35085, -6.58585), PSO.data.balancing = c(0, 0, 0, 
0, 0, 0, 0, 0, 0, 0, 0), PSO.feature.selection = c(0, 0, 0, 0, 
0, 0, 0, 0, 0, 0, 0), PSO.valid.acc = c(0.86616, 0.82652, 0.85577, 
0.86813, 0.86714, 0.87625, 0.90216, 0.87843, 0.88619, 0.89237, 
0.88017), PSO.test.acc = c(0.83616, 0.77121, 0.83974, 0.83022, 
0.85333, 0.86417, 0.86691, 0.85556, 0.87069, 0.88711, 0.86565
), PSO.train.time = c(0.0394, 0.0411, 0.0428, 0.0418, 0.0461, 
0.0469, 0.0514, 0.0538, 0.0542, 0.0573, 0.0586), PSO.n.support.vectors = c(50.3, 
36.6, 87.3, 85.7, 76.6, 81.4, 88.3, 88.9, 118.2, 100.7, 100.5
), PSO.index = c(6, 86, 42, 244, 333, 103, 81, 235, 119, 194, 
226), PSO.n.solutions = c(778, 711, 1538, 54, 703, 931, 1234, 
449, 62, 301, 1060), PSO.generations = c(100, 100, 100, 100, 
100, 100, 100, 100, 100, 100, 100), PSO.n.evaluations = c(2500, 
2500, 2500, 2500, 2500, 2500, 2500, 2500, 2500, 2500, 2500), 
    PSO.cpu.time = c(8341.374, 8393.337, 8442.895, 8565.429, 
    8734.28200000001, 8798.375, 8603.02800000001, 8961.77899999999, 
    9061.56200000001, 9045.47, 9289.50799999997), RS.cost = c(13.59425, 
    13.08558, 14.55672, 0.50132, 7.30826, 7.91672, 14.69198, 
    3.16447, 10.16365, 3.3346, 13.06092), RS.gamma = c(-4.46686, 
    -11.94379, -4.84035, -9.01085, -6.21646, -6.34361, -6.05751, 
    -6.30734, -5.60308, -6.27021, -6.58647), RS.data.balancing = c(0, 
    0, 0, 0, 0, 0, 0, 0, 0, 0, 0), RS.feature.selection = c(0, 
    0, 0, 0, 0, 0, 0, 0, 0, 0, 0), RS.valid.acc = c(0.86616, 
    0.82652, 0.85577, 0.86813, 0.86714, 0.87625, 0.90216, 0.87843, 
    0.88583, 0.89737, 0.88017), RS.test.acc = c(0.83798, 0.77121, 
    0.84744, 0.83022, 0.85333, 0.86417, 0.86691, 0.85, 0.88118, 
    0.88211, 0.86565), RS.train.time = c(0.0421, 0.0402, 0.0447, 
    0.0452, 0.0458, 0.0523, 0.0499, 0.0526, 0.0591, 0.056, 0.0598
    ), RS.n.support.vectors = c(79.3, 36.6, 88.8, 85.4, 76.6, 
    81.4, 88.2, 91, 109.7, 102.5, 100.5), RS.index = c(203, 581, 
    13, 1305, 405, 22, 125, 1330, 456, 903, 141), RS.n.solutions = c(31, 
    5, 60, 1, 3, 8, 9, 2, 14, 2, 5), RS.generations = c(100, 
    100, 100, 100, 100, 100, 100, 100, 100, 100, 100), RS.n.evaluations = c(2500, 
    2500, 2500, 2500, 2500, 2500, 2500, 2500, 2500, 2500, 2500
    ), RS.cpu.time = c(8458.28, 8328.286, 8567.043, 8730.061, 
    8797.5, 8814.06600000001, 8884.02100000001, 9040.823, 9062.995, 
    9148.52599999998, 9261.87999999998), DF.cost = c(1, 1, 1, 
    1, 1, 1, 1, 1, 1, 1, 1), DF.gamma = c(0.01667, 0.01667, 0.01667, 
    0.01667, 0.01667, 0.01667, 0.01667, 0.01667, 0.01667, 0.01667, 
    0.01667), DF.data.balancing = c(0, 0, 0, 0, 0, 0, 0, 0, 0, 
    0, 0), DF.feature.selection = c(0, 0, 0, 0, 0, 0, 0, 0, 0, 
    0, 0), DF.valid.acc = c(0.85616, 0.77348, 0.82372, 0.83791, 
    0.84619, 0.81833, 0.85873, 0.82124, 0.8537, 0.85026, 0.84184
    ), DF.test.acc = c(0.83707, 0.80833, 0.82296, 0.82912, 0.83905, 
    0.81792, 0.85321, 0.81569, 0.87011, 0.855, 0.83729), DF.train.time = c(0.04, 
    0.0416, 0.0447, 0.0456, 0.048, 0.0509, 0.0495, 0.0504, 0.057, 
    0.0577, 0.0612), DF.n.support.vectors = c(70.4, 77.1, 82.6, 
    85.2, 90.1, 98.1, 100.7, 106.5, 113.7, 120.9, 129.5), DF.index = c(1, 
    1, 1, 1, 1, 1, 1, 1, 1, 1, 1), DF.n.solutions = c(1, 1, 1, 
    1, 1, 1, 1, 1, 1, 1, 1), DF.generations = c(1, 1, 1, 1, 1, 
    1, 1, 1, 1, 1, 1), DF.n.evaluations = c(1, 1, 1, 1, 1, 1, 
    1, 1, 1, 1, 1), DF.cpu.time = c(3.43, 3.329, 3.383, 3.467, 
    3.544, 3.401, 3.608, 3.582, 3.605, 3.733, 3.592), SMBO.cost = c(1.88794040901528, 
    1.88794040901528, 1.88794040901528, 1.88794040901528, 1.88794040901528, 
    1.88794040901528, 1.88794040901528, 1.88794040901528, 1.88794040901528, 
    1.88794040901528, 1.88794040901528), SMBO.gamma = c(-5.66579931125619, 
    -5.66579931125619, -5.66579931125619, -5.66579931125619, 
    -5.66579931125619, -5.66579931125619, -5.66579931125619, 
    -5.66579931125619, -5.66579931125619, -5.66579931125619, 
    -5.66579931125619), SMBO.balanced.test.accuracy = c(0.886478836478837, 
    0.886478836478837, 0.886478836478837, 0.886478836478837, 
    0.886478836478837, 0.886478836478837, 0.886478836478837, 
    0.886478836478837, 0.886478836478837, 0.886478836478837, 
    0.886478836478837)), .Names = c("Sampling", "PSO.cost", "PSO.gamma", 
"PSO.data.balancing", "PSO.feature.selection", "PSO.valid.acc", 
"PSO.test.acc", "PSO.train.time", "PSO.n.support.vectors", "PSO.index", 
"PSO.n.solutions", "PSO.generations", "PSO.n.evaluations", "PSO.cpu.time", 
"RS.cost", "RS.gamma", "RS.data.balancing", "RS.feature.selection", 
"RS.valid.acc", "RS.test.acc", "RS.train.time", "RS.n.support.vectors", 
"RS.index", "RS.n.solutions", "RS.generations", "RS.n.evaluations", 
"RS.cpu.time", "DF.cost", "DF.gamma", "DF.data.balancing", "DF.feature.selection", 
"DF.valid.acc", "DF.test.acc", "DF.train.time", "DF.n.support.vectors", 
"DF.index", "DF.n.solutions", "DF.generations", "DF.n.evaluations", 
"DF.cpu.time", "SMBO.cost", "SMBO.gamma", "SMBO.balanced.test.accuracy"
), row.names = c(NA, -11L), class = "data.frame")
