new.sol <-
structure(list(Sampling = c(50, 55, 60, 65, 70, 75, 80, 85, 90, 
95, 100), PSO.cost = c(11.74452, -0.48113, 6.41504, 7.07732, 
1.04053, 2.32436, 1.65592, 2.3795, 1.72339, 6.68369, 7.27012), 
    PSO.gamma = c(-6.03656, -6.42301, -4.57327, -4.70829, -4.73372, 
    -6.07605, -5.15942, -6.44587, -5.4268, -5.81736, -6.55083
    ), PSO.data.balancing = c(0, 0, 0, 0, 0, 0, 0, 0, 0, 0, 0
    ), PSO.feature.selection = c(0, 0, 0, 0, 0, 0, 0, 0, 0, 0, 
    0), PSO.valid.acc = c(0.78909, 0.79015, 0.83782, 0.82143, 
    0.85421, 0.85272, 0.8414, 0.88529, 0.88626, 0.90711, 0.89905
    ), PSO.test.acc = c(0.78909, 0.75606, 0.83782, 0.80659, 0.8185, 
    0.82564, 0.82926, 0.86765, 0.87573, 0.87632, 0.87952), PSO.train.time = c(0.0381, 
    0.0405, 0.0457, 0.0487, 0.0459, 0.0492, 0.0498, 0.0509, 0.0594, 
    0.0543, 0.059), PSO.n.support.vectors = c(65.9, 79.5, 94.2, 
    100.1, 106.1, 87.5, 110.6, 93.9, 116.3, 112.3, 101.3), PSO.index = c(144, 
    555, 154, 92, 1999, 2035, 115, 1610, 382, 43, 335), PSO.n.solutions = c(951, 
    413, 812, 1280, 10, 2, 59, 31, 245, 1523, 948), PSO.generations = c(100, 
    100, 100, 100, 100, 100, 100, 100, 100, 100, 100), PSO.n.evaluations = c(2500, 
    2500, 2500, 2500, 2500, 2500, 2500, 2500, 2500, 2500, 2500
    ), PSO.cpu.time = c(8099.979, 8938.281, 8734.952, 8566.622, 
    8811.916, 8454.469, 8722.319, 9066.162, 9241.04399999999, 
    9074.38499999998, 9279.19), RS.cost = c(2.91772, -0.62351, 
    9.07113, 3.98886, 5.76354, 8.32393, 13.02505, 13.6263, 5.71332, 
    2.54997, 13.38263), RS.gamma = c(-6.08622, -5.99752, -4.57104, 
    -4.68459, -4.66988, -5.04879, -4.65488, -6.38742, -5.39155, 
    -5.60577, -6.55609), RS.data.balancing = c(0, 0, 0, 0, 0, 
    0, 0, 0, 0, 0, 0), RS.feature.selection = c(0, 0, 0, 0, 0, 
    0, 0, 0, 0, 0, 0), RS.valid.acc = c(0.78909, 0.78182, 0.83782, 
    0.82143, 0.8404, 0.84642, 0.83551, 0.87941, 0.88099, 0.90711, 
    0.89905), RS.test.acc = c(0.79909, 0.76515, 0.83782, 0.80659, 
    0.82516, 0.84564, 0.82926, 0.83922, 0.87047, 0.87632, 0.87952
    ), RS.train.time = c(0.0458, 0.0463, 0.0452, 0.0438, 0.0468, 
    0.0495, 0.0539, 0.0548, 0.0582, 0.0553, 0.06), RS.n.support.vectors = c(65.6, 
    80.7, 94.2, 100.3, 106.8, 107.3, 120, 92.9, 117.7, 117, 101.1
    ), RS.index = c(283, 430, 183, 122, 69, 40, 40, 835, 238, 
    6, 2413), RS.n.solutions = c(9, 3, 4, 15, 17, 39, 30, 4, 
    3, 44, 1), RS.generations = c(100, 100, 100, 100, 100, 100, 
    100, 100, 100, 100, 100), RS.n.evaluations = c(2500, 2500, 
    2500, 2500, 2500, 2500, 2500, 2500, 2500, 2500, 2500), RS.cpu.time = c(8732.269, 
    8868.166, 8483.588, 8615.104, 8490.696, 8388.751, 8764.19100000001, 
    9042.27200000001, 9069.99299999999, 9131.399, 9259.451), 
    DF.cost = c(1, 1, 1, 1, 1, 1, 1, 1, 1, 1, 1), DF.gamma = c(0.01667, 
    0.01667, 0.01667, 0.01667, 0.01667, 0.01667, 0.01667, 0.01667, 
    0.01667, 0.01667, 0.01667), DF.data.balancing = c(0, 0, 0, 
    0, 0, 0, 0, 0, 0, 0, 0), DF.feature.selection = c(0, 0, 0, 
    0, 0, 0, 0, 0, 0, 0, 0), DF.valid.acc = c(0.74091, 0.77197, 
    0.7891, 0.79176, 0.79897, 0.80647, 0.75605, 0.80523, 0.82193, 
    0.82395, 0.83667), DF.test.acc = c(0.75909, 0.77348, 0.77372, 
    0.75549, 0.78366, 0.78684, 0.7925, 0.81111, 0.83246, 0.83, 
    0.8219), DF.train.time = c(0.0397, 0.0452, 0.0428, 0.0469, 
    0.0472, 0.0492, 0.0525, 0.0537, 0.0543, 0.0595, 0.0635), 
    DF.n.support.vectors = c(71.4, 79.3, 83.2, 90.7, 95.3, 99.6, 
    104.9, 111.5, 117.1, 122.6, 129.8), DF.index = c(1, 1, 1, 
    1, 1, 1, 1, 1, 1, 1, 1), DF.n.solutions = c(1, 1, 1, 1, 1, 
    1, 1, 1, 1, 1, 1), DF.generations = c(1, 1, 1, 1, 1, 1, 1, 
    1, 1, 1, 1), DF.n.evaluations = c(1, 1, 1, 1, 1, 1, 1, 1, 
    1, 1, 1), DF.cpu.time = c(3.5, 3.491, 3.417, 3.492, 3.369, 
    3.318, 3.589, 3.687, 3.601, 3.585, 3.676), SMBO.cost = c(3.99696662118691, 
    3.99696662118691, 3.99696662118691, 3.99696662118691, 3.99696662118691, 
    3.99696662118691, 3.99696662118691, 3.99696662118691, 3.99696662118691, 
    3.99696662118691, 3.99696662118691), SMBO.gamma = c(-6.17171823521449, 
    -6.17171823521449, -6.17171823521449, -6.17171823521449, 
    -6.17171823521449, -6.17171823521449, -6.17171823521449, 
    -6.17171823521449, -6.17171823521449, -6.17171823521449, 
    -6.17171823521449), SMBO.balanced.test.accuracy = c(0.88793825027024, 
    0.88793825027024, 0.88793825027024, 0.88793825027024, 0.88793825027024, 
    0.88793825027024, 0.88793825027024, 0.88793825027024, 0.88793825027024, 
    0.88793825027024, 0.88793825027024)), .Names = c("Sampling", 
"PSO.cost", "PSO.gamma", "PSO.data.balancing", "PSO.feature.selection", 
"PSO.valid.acc", "PSO.test.acc", "PSO.train.time", "PSO.n.support.vectors", 
"PSO.index", "PSO.n.solutions", "PSO.generations", "PSO.n.evaluations", 
"PSO.cpu.time", "RS.cost", "RS.gamma", "RS.data.balancing", "RS.feature.selection", 
"RS.valid.acc", "RS.test.acc", "RS.train.time", "RS.n.support.vectors", 
"RS.index", "RS.n.solutions", "RS.generations", "RS.n.evaluations", 
"RS.cpu.time", "DF.cost", "DF.gamma", "DF.data.balancing", "DF.feature.selection", 
"DF.valid.acc", "DF.test.acc", "DF.train.time", "DF.n.support.vectors", 
"DF.index", "DF.n.solutions", "DF.generations", "DF.n.evaluations", 
"DF.cpu.time", "SMBO.cost", "SMBO.gamma", "SMBO.balanced.test.accuracy"
), row.names = c(NA, -11L), class = "data.frame")
