new.sol <-
structure(list(Sampling = c(50, 55, 60, 65, 70, 75, 80, 85, 90, 
95, 100), PSO.cost = c(4.18965, 3.33223, 0.24526, 6.85915, 1.68984, 
0.72025, 7.79887, 1.61473, 0.88431, 4.63744, 9.84688), PSO.gamma = c(-7.53596, 
-7.07686, -5.02453, -5.3569, -5.67318, -4.512, -6.14473, -5.87751, 
-4.75193, -5.71815, -5.25819), PSO.data.balancing = c(0, 0, 0, 
0, 0, 0, 0, 0, 0, 0, 0), PSO.feature.selection = c(0, 0, 0, 0, 
0, 0, 0, 0, 0, 0, 0), PSO.valid.acc = c(0.83818, 0.80606, 0.83846, 
0.82842, 0.86938, 0.87542, 0.90956, 0.88555, 0.8962, 0.89658, 
0.88976), PSO.test.acc = c(0.8, 0.78864, 0.80641, 0.83762, 0.87747, 
0.84917, 0.90919, 0.86725, 0.87982, 0.87658, 0.88929), PSO.train.time = c(0.039, 
0.0403, 0.0426, 0.0449, 0.0462, 0.0501, 0.0493, 0.0526, 0.0587, 
0.0547, 0.0596), PSO.n.support.vectors = c(56.5, 63.1, 90, 91.4, 
91.2, 114.6, 93, 103.2, 129.2, 115.1, 131.8), PSO.index = c(502, 
304, 1085, 168, 37, 713, 119, 966, 2050, 606, 80), PSO.n.solutions = c(363, 
766, 32, 1166, 903, 175, 1166, 399, 4, 596, 640), PSO.generations = c(100, 
100, 100, 100, 100, 100, 100, 100, 100, 100, 100), PSO.n.evaluations = c(2500, 
2500, 2500, 2500, 2500, 2500, 2500, 2500, 2500, 2500, 2500), 
    PSO.cpu.time = c(7228.768, 7285.527, 7344.782, 7382.58199999999, 
    7426.362, 7520.52099999999, 7525.334, 7602.443, 9694.98800000001, 
    7252.01999999999, 7319.163), RS.cost = c(11.20208, 3.55566, 
    14.89987, 3.14831, 1.8063, 0.94777, 5.20476, 1.6208, 3.80248, 
    9.31446, 6.82794), RS.gamma = c(-7.50954, -6.99224, -7.10798, 
    -5.35318, -5.90191, -4.55914, -6.10847, -5.57958, -5.73454, 
    -5.70679, -5.26306), RS.data.balancing = c(0, 0, 0, 0, 0, 
    0, 0, 0, 0, 0, 0), RS.feature.selection = c(0, 0, 0, 0, 0, 
    0, 0, 0, 0, 0, 0), RS.valid.acc = c(0.82818, 0.79697, 0.83141, 
    0.82842, 0.86938, 0.87542, 0.90956, 0.88523, 0.89064, 0.89158, 
    0.88976), RS.test.acc = c(0.80909, 0.78864, 0.83077, 0.83762, 
    0.88414, 0.85583, 0.91544, 0.86137, 0.87982, 0.87658, 0.88929
    ), RS.train.time = c(0.0377, 0.0407, 0.0405, 0.0454, 0.0456, 
    0.0508, 0.0495, 0.0525, 0.0639, 0.0568, 0.0596), RS.n.support.vectors = c(55.6, 
    63.1, 64.9, 91.4, 88, 113.9, 93.5, 107.2, 109.5, 115.3, 131.7
    ), RS.index = c(389, 1045, 1768, 25, 552, 1178, 38, 671, 
    1, 957, 114), RS.n.solutions = c(2, 2, 1, 15, 4, 1, 12, 1, 
    88, 1, 4), RS.generations = c(100, 100, 100, 100, 100, 100, 
    100, 100, 100, 100, 100), RS.n.evaluations = c(2500, 2500, 
    2500, 2500, 2500, 2500, 2500, 2500, 2500, 2500, 2500), RS.cpu.time = c(7270.613, 
    7333.529, 7309.911, 7381.707, 7417.80100000001, 7536.51300000001, 
    7542.87700000001, 7643.04300000001, 7346.808, 7268.359, 7380.88100000002
    ), DF.cost = c(1, 1, 1, 1, 1, 1, 1, 1, 1, 1, 1), DF.gamma = c(0.01667, 
    0.01667, 0.01667, 0.01667, 0.01667, 0.01667, 0.01667, 0.01667, 
    0.01667, 0.01667, 0.01667), DF.data.balancing = c(0, 0, 0, 
    0, 0, 0, 0, 0, 0, 0, 0), DF.feature.selection = c(0, 0, 0, 
    0, 0, 0, 0, 0, 0, 0, 0), DF.valid.acc = c(0.75091, 0.76061, 
    0.79808, 0.79099, 0.82978, 0.82292, 0.84801, 0.82274, 0.82456, 
    0.80868, 0.81738), DF.test.acc = c(0.78, 0.76212, 0.79744, 
    0.79099, 0.83033, 0.81625, 0.85468, 0.82767, 0.83596, 0.80842, 
    0.83214), DF.train.time = c(0.0392, 0.0409, 0.0416, 0.0445, 
    0.0453, 0.0481, 0.0499, 0.0525, 0.0514, 0.0542, 0.0581), 
    DF.n.support.vectors = c(73.4, 79.6, 85.8, 90.4, 95.9, 101.2, 
    107.1, 111.6, 117.8, 121.2, 130.3), DF.index = c(1, 1, 1, 
    1, 1, 1, 1, 1, 1, 1, 1), DF.n.solutions = c(1, 1, 1, 1, 1, 
    1, 1, 1, 1, 1, 1), DF.generations = c(1, 1, 1, 1, 1, 1, 1, 
    1, 1, 1, 1), DF.n.evaluations = c(1, 1, 1, 1, 1, 1, 1, 1, 
    1, 1, 1), DF.cpu.time = c(2.901, 2.895, 2.945, 2.946, 2.964, 
    2.99, 2.993, 3.033, 2.843, 2.935, 2.906), SMBO.cost = c(14.3868671285147, 
    14.3868671285147, 14.3868671285147, 14.3868671285147, 14.3868671285147, 
    14.3868671285147, 14.3868671285147, 14.3868671285147, 14.3868671285147, 
    14.3868671285147, 14.3868671285147), SMBO.gamma = c(-7.34121516600527, 
    -7.34121516600527, -7.34121516600527, -7.34121516600527, 
    -7.34121516600527, -7.34121516600527, -7.34121516600527, 
    -7.34121516600527, -7.34121516600527, -7.34121516600527, 
    -7.34121516600527), SMBO.balanced.test.accuracy = c(0.889292891289391, 
    0.889292891289391, 0.889292891289391, 0.889292891289391, 
    0.889292891289391, 0.889292891289391, 0.889292891289391, 
    0.889292891289391, 0.889292891289391, 0.889292891289391, 
    0.889292891289391)), .Names = c("Sampling", "PSO.cost", "PSO.gamma", 
"PSO.data.balancing", "PSO.feature.selection", "PSO.valid.acc", 
"PSO.test.acc", "PSO.train.time", "PSO.n.support.vectors", "PSO.index", 
"PSO.n.solutions", "PSO.generations", "PSO.n.evaluations", "PSO.cpu.time", 
"RS.cost", "RS.gamma", "RS.data.balancing", "RS.feature.selection", 
"RS.valid.acc", "RS.test.acc", "RS.train.time", "RS.n.support.vectors", 
"RS.index", "RS.n.solutions", "RS.generations", "RS.n.evaluations", 
"RS.cpu.time", "DF.cost", "DF.gamma", "DF.data.balancing", "DF.feature.selection", 
"DF.valid.acc", "DF.test.acc", "DF.train.time", "DF.n.support.vectors", 
"DF.index", "DF.n.solutions", "DF.generations", "DF.n.evaluations", 
"DF.cpu.time", "SMBO.cost", "SMBO.gamma", "SMBO.balanced.test.accuracy"
), row.names = c(NA, -11L), class = "data.frame")
