new.sol <-
structure(list(Sampling = c(50, 55, 60, 65, 70, 75, 80, 85, 90, 
95, 100), PSO.cost = c(6.47592, 2.1046, 4.08131, 3.65152, 1.08475, 
2.24474, 7.27588, 5.87223, 7.32102, 7.87431, 7.04753), PSO.gamma = c(-6.55341, 
-6.1991, -6.93275, -6.75348, -5.34122, -6.40241, -5.01402, -5.77498, 
-5.126, -6.43898, -4.47612), PSO.data.balancing = c(0, 0, 0, 
0, 0, 0, 0, 0, 0, 0, 0), PSO.feature.selection = c(0, 0, 0, 0, 
0, 0, 0, 0, 0, 0, 0), PSO.valid.acc = c(0.8496, 0.86935, 0.88129, 
0.87198, 0.84619, 0.89583, 0.8664, 0.89739, 0.87544, 0.88132, 
0.85658), PSO.test.acc = c(0.84141, 0.82605, 0.85693, 0.84945, 
0.84619, 0.88292, 0.8551, 0.86928, 0.85877, 0.87632, 0.84706), 
    PSO.train.time = c(0.0393, 0.0422, 0.0425, 0.0452, 0.0484, 
    0.0487, 0.053, 0.0547, 0.059, 0.0572, 0.0662), PSO.n.support.vectors = c(61.2, 
    70.9, 67.4, 76.2, 101, 89.1, 116.5, 105.8, 125.6, 99.1, 151.1
    ), PSO.index = c(39, 1275, 317, 1832, 1055, 1762, 17, 143, 
    199, 27, 12), PSO.n.solutions = c(1397, 42, 638, 16, 27, 
    16, 1306, 1046, 349, 617, 307), PSO.generations = c(100, 
    100, 100, 100, 100, 100, 100, 100, 100, 100, 100), PSO.n.evaluations = c(2500, 
    2500, 2500, 2500, 2500, 2500, 2500, 2500, 2500, 2500, 2500
    ), PSO.cpu.time = c(7662.601, 7727.196, 7705.674, 7809.414, 
    7838.637, 7842.208, 7949.81200000001, 7962.69, 8042.05400000002, 
    7974.13199999998, 8217.97200000001), RS.cost = c(13.77318, 
    1.87451, 3.45918, 10.96466, 6.80216, 2.13334, 4.93256, 13.1571, 
    1.36377, 9.87019, 4.77569), RS.gamma = c(-7.00103, -5.81447, 
    -7.03327, -6.87006, -6.09574, -6.1211, -4.92591, -5.79677, 
    -5.16823, -6.06615, -4.28796), RS.data.balancing = c(0, 0, 
    0, 0, 0, 0, 0, 0, 0, 0, 0), RS.feature.selection = c(0, 0, 
    0, 0, 0, 0, 0, 0, 0, 0, 0), RS.valid.acc = c(0.8496, 0.86166, 
    0.88129, 0.87143, 0.84571, 0.88958, 0.8664, 0.89739, 0.87544, 
    0.88132, 0.85658), RS.test.acc = c(0.84141, 0.83438, 0.85758, 
    0.82637, 0.8319, 0.87625, 0.8551, 0.86928, 0.85877, 0.88658, 
    0.83253), RS.train.time = c(0.0396, 0.0424, 0.0424, 0.0446, 
    0.048, 0.0498, 0.0531, 0.0541, 0.058, 0.0574, 0.0668), RS.n.support.vectors = c(55.7, 
    75.5, 67.2, 73.7, 88.9, 92.5, 117.9, 105.6, 125.1, 107.4, 
    156), RS.index = c(77, 412, 528, 93, 60, 1904, 21, 23, 220, 
    104, 32), RS.n.solutions = c(68, 1, 2, 82, 24, 2, 29, 12, 
    11, 45, 7), RS.generations = c(100, 100, 100, 100, 100, 100, 
    100, 100, 100, 100, 100), RS.n.evaluations = c(2500, 2500, 
    2500, 2500, 2500, 2500, 2500, 2500, 2500, 2500, 2500), RS.cpu.time = c(7698.03, 
    7707.227, 7727.114, 7809.462, 7814.2, 7866.63400000001, 7900.06, 
    7931.977, 8008.18400000001, 8076.359, 8260.07800000001), 
    DF.cost = c(1, 1, 1, 1, 1, 1, 1, 1, 1, 1, 1), DF.gamma = c(0.01667, 
    0.01667, 0.01667, 0.01667, 0.01667, 0.01667, 0.01667, 0.01667, 
    0.01667, 0.01667, 0.01667), DF.data.balancing = c(0, 0, 0, 
    0, 0, 0, 0, 0, 0, 0, 0), DF.feature.selection = c(0, 0, 0, 
    0, 0, 0, 0, 0, 0, 0, 0), DF.valid.acc = c(0.78212, 0.81836, 
    0.81643, 0.83407, 0.79714, 0.8175, 0.8289, 0.83464, 0.84912, 
    0.82947, 0.8132), DF.test.acc = c(0.79212, 0.81696, 0.82564, 
    0.80385, 0.82524, 0.8575, 0.80422, 0.82843, 0.8424, 0.83974, 
    0.82253), DF.train.time = c(0.0412, 0.0415, 0.044, 0.0451, 
    0.047, 0.0494, 0.0525, 0.0531, 0.0557, 0.0585, 0.0619), DF.n.support.vectors = c(73, 
    80.2, 88.3, 92.9, 99.8, 104.8, 108.8, 113.6, 119.5, 124, 
    130.1), DF.index = c(1, 1, 1, 1, 1, 1, 1, 1, 1, 1, 1), DF.n.solutions = c(1, 
    1, 1, 1, 1, 1, 1, 1, 1, 1, 1), DF.generations = c(1, 1, 1, 
    1, 1, 1, 1, 1, 1, 1, 1), DF.n.evaluations = c(1, 1, 1, 1, 
    1, 1, 1, 1, 1, 1, 1), DF.cpu.time = c(3.093, 3.065, 3.107, 
    3.117, 3.11, 3.155, 3.16, 3.112, 3.177, 3.195, 3.288), SMBO.cost = c(2.35141599301571, 
    2.35141599301571, 2.35141599301571, 2.35141599301571, 2.35141599301571, 
    2.35141599301571, 2.35141599301571, 2.35141599301571, 2.35141599301571, 
    2.35141599301571, 2.35141599301571), SMBO.gamma = c(-5.15773011456554, 
    -5.15773011456554, -5.15773011456554, -5.15773011456554, 
    -5.15773011456554, -5.15773011456554, -5.15773011456554, 
    -5.15773011456554, -5.15773011456554, -5.15773011456554, 
    -5.15773011456554), SMBO.balanced.test.accuracy = c(0.89774516979745, 
    0.89774516979745, 0.89774516979745, 0.89774516979745, 0.89774516979745, 
    0.89774516979745, 0.89774516979745, 0.89774516979745, 0.89774516979745, 
    0.89774516979745, 0.89774516979745)), .Names = c("Sampling", 
"PSO.cost", "PSO.gamma", "PSO.data.balancing", "PSO.feature.selection", 
"PSO.valid.acc", "PSO.test.acc", "PSO.train.time", "PSO.n.support.vectors", 
"PSO.index", "PSO.n.solutions", "PSO.generations", "PSO.n.evaluations", 
"PSO.cpu.time", "RS.cost", "RS.gamma", "RS.data.balancing", "RS.feature.selection", 
"RS.valid.acc", "RS.test.acc", "RS.train.time", "RS.n.support.vectors", 
"RS.index", "RS.n.solutions", "RS.generations", "RS.n.evaluations", 
"RS.cpu.time", "DF.cost", "DF.gamma", "DF.data.balancing", "DF.feature.selection", 
"DF.valid.acc", "DF.test.acc", "DF.train.time", "DF.n.support.vectors", 
"DF.index", "DF.n.solutions", "DF.generations", "DF.n.evaluations", 
"DF.cpu.time", "SMBO.cost", "SMBO.gamma", "SMBO.balanced.test.accuracy"
), row.names = c(NA, -11L), class = "data.frame")
