new.sol <-
structure(list(Sampling = c(50, 55, 60, 65, 70, 75, 80, 85, 90, 
95, 100), PSO.cost = c(0.3826, 1.94267, 5.03506, 2.85842, 13.38067, 
1.57857, 7.93227, 9.01688, 1.4404, 7.78325, 12.68693), PSO.gamma = c(-4.93655, 
-5.50308, -5.75758, -5.09461, -5.97862, -5.55267, -5.4938, -5.98619, 
-5.28995, -5.51783, -5.46677), PSO.data.balancing = c(0, 0, 0, 
0, 0, 0, 0, 0, 0, 0, 0), PSO.feature.selection = c(0, 0, 0, 0, 
0, 0, 0, 0, 0, 0, 0), PSO.valid.acc = c(0.82909, 0.85822, 0.87949, 
0.86593, 0.86905, 0.8825, 0.87159, 0.87222, 0.88129, 0.85579, 
0.89494), PSO.test.acc = c(0.78687, 0.83322, 0.85577, 0.84231, 
0.84905, 0.87625, 0.86608, 0.86732, 0.88655, 0.84526, 0.88019
), PSO.train.time = c(0.0403, 0.0447, 0.0444, 0.0486, 0.0473, 
0.0514, 0.0483, 0.0568, 0.0549, 0.057, 0.068), PSO.n.support.vectors = c(77.8, 
78.7, 81, 96, 86, 99.3, 105.2, 101, 121.8, 120.3, 126.6), PSO.index = c(1356, 
2082, 59, 60, 79, 1580, 32, 32, 1134, 107, 56), PSO.n.solutions = c(46, 
10, 724, 1164, 1513, 44, 1291, 1425, 284, 738, 1101), PSO.generations = c(100, 
100, 100, 100, 100, 100, 100, 100, 100, 100, 100), PSO.n.evaluations = c(2500, 
2500, 2500, 2500, 2500, 2500, 2500, 2500, 2500, 2500, 2500), 
    PSO.cpu.time = c(8258.599, 8941.742, 8681.764, 8570.525, 
    8722.08100000001, 8426.959, 8584.289, 8984.63099999999, 9064.11299999998, 
    9228.06899999999, 9040.98999999999), RS.cost = c(0.45036, 
    1.88104, 7.71344, 5.74816, 5.84601, 1.57243, 5.33543, 6.56811, 
    14.20723, 7.71995, 5.32107), RS.gamma = c(-4.97733, -5.51418, 
    -5.67823, -5.10415, -5.54941, -5.37889, -5.53209, -5.92609, 
    -5.14306, -5.47219, -5.45669), RS.data.balancing = c(0, 0, 
    0, 0, 0, 0, 0, 0, 0, 0, 0), RS.feature.selection = c(0, 0, 
    0, 0, 0, 0, 0, 0, 0, 0, 0), RS.valid.acc = c(0.82909, 0.84913, 
    0.87949, 0.86593, 0.86905, 0.87625, 0.87159, 0.87222, 0.87014, 
    0.85579, 0.89494), RS.test.acc = c(0.78687, 0.82413, 0.85577, 
    0.84231, 0.8419, 0.86958, 0.86608, 0.86732, 0.88129, 0.84526, 
    0.88019), RS.train.time = c(0.0447, 0.043, 0.0434, 0.0485, 
    0.0482, 0.0464, 0.0539, 0.056, 0.0585, 0.0615, 0.0599), RS.n.support.vectors = c(77.7, 
    78.7, 82.6, 95.9, 93.1, 103.2, 104.5, 102.2, 124.8, 122.1, 
    126.9), RS.index = c(2273, 298, 35, 115, 2, 2324, 175, 15, 
    19, 134, 373), RS.n.solutions = c(1, 4, 22, 21, 97, 1, 30, 
    41, 10, 14, 3), RS.generations = c(100, 100, 100, 100, 100, 
    100, 100, 100, 100, 100, 100), RS.n.evaluations = c(2500, 
    2500, 2500, 2500, 2500, 2500, 2500, 2500, 2500, 2500, 2500
    ), RS.cpu.time = c(8775.912, 8769.736, 8460.47500000001, 
    8656.585, 8345.28300000001, 8418.38600000001, 8913.192, 9037.04299999999, 
    9196.85299999997, 9160.55300000001, 8982.90900000001), DF.cost = c(1, 
    1, 1, 1, 1, 1, 1, 1, 1, 1, 1), DF.gamma = c(0.01667, 0.01667, 
    0.01667, 0.01667, 0.01667, 0.01667, 0.01667, 0.01667, 0.01667, 
    0.01667, 0.01667), DF.data.balancing = c(0, 0, 0, 0, 0, 0, 
    0, 0, 0, 0, 0), DF.feature.selection = c(0, 0, 0, 0, 0, 0, 
    0, 0, 0, 0, 0), DF.valid.acc = c(0.78687, 0.83094, 0.82308, 
    0.79835, 0.80762, 0.84417, 0.81051, 0.84967, 0.85347, 0.78868, 
    0.84225), DF.test.acc = c(0.77687, 0.78007, 0.81346, 0.82802, 
    0.83524, 0.83708, 0.82228, 0.86275, 0.85439, 0.80921, 0.84208
    ), DF.train.time = c(0.0411, 0.0424, 0.0434, 0.0452, 0.0452, 
    0.0507, 0.0541, 0.0564, 0.0582, 0.0597, 0.0626), DF.n.support.vectors = c(71, 
    77.9, 85.3, 91.1, 94.4, 100.6, 106.8, 111.8, 118.2, 123, 
    130.7), DF.index = c(1, 1, 1, 1, 1, 1, 1, 1, 1, 1, 1), DF.n.solutions = c(1, 
    1, 1, 1, 1, 1, 1, 1, 1, 1, 1), DF.generations = c(1, 1, 1, 
    1, 1, 1, 1, 1, 1, 1, 1), DF.n.evaluations = c(1, 1, 1, 1, 
    1, 1, 1, 1, 1, 1, 1), DF.cpu.time = c(3.565, 3.425, 3.421, 
    3.48, 3.359, 3.405, 3.65, 3.607, 3.68, 3.59, 3.542), SMBO.cost = c(12.5490342377576, 
    12.5490342377576, 12.5490342377576, 12.5490342377576, 12.5490342377576, 
    12.5490342377576, 12.5490342377576, 12.5490342377576, 12.5490342377576, 
    12.5490342377576, 12.5490342377576), SMBO.gamma = c(-5.9813155111199, 
    -5.9813155111199, -5.9813155111199, -5.9813155111199, -5.9813155111199, 
    -5.9813155111199, -5.9813155111199, -5.9813155111199, -5.9813155111199, 
    -5.9813155111199, -5.9813155111199), SMBO.balanced.test.accuracy = c(0.889349455381157, 
    0.889349455381157, 0.889349455381157, 0.889349455381157, 
    0.889349455381157, 0.889349455381157, 0.889349455381157, 
    0.889349455381157, 0.889349455381157, 0.889349455381157, 
    0.889349455381157)), .Names = c("Sampling", "PSO.cost", "PSO.gamma", 
"PSO.data.balancing", "PSO.feature.selection", "PSO.valid.acc", 
"PSO.test.acc", "PSO.train.time", "PSO.n.support.vectors", "PSO.index", 
"PSO.n.solutions", "PSO.generations", "PSO.n.evaluations", "PSO.cpu.time", 
"RS.cost", "RS.gamma", "RS.data.balancing", "RS.feature.selection", 
"RS.valid.acc", "RS.test.acc", "RS.train.time", "RS.n.support.vectors", 
"RS.index", "RS.n.solutions", "RS.generations", "RS.n.evaluations", 
"RS.cpu.time", "DF.cost", "DF.gamma", "DF.data.balancing", "DF.feature.selection", 
"DF.valid.acc", "DF.test.acc", "DF.train.time", "DF.n.support.vectors", 
"DF.index", "DF.n.solutions", "DF.generations", "DF.n.evaluations", 
"DF.cpu.time", "SMBO.cost", "SMBO.gamma", "SMBO.balanced.test.accuracy"
), row.names = c(NA, -11L), class = "data.frame")
