new.sol <-
structure(list(Sampling = c(50, 55, 60, 65, 70, 75, 80, 85, 90, 
95, 100), PSO.cost = c(-0.54001, 2.50701, 1.90333, 9.96415, 10.60547, 
4.67797, 3.17151, 8.12109, 9.6064, 8.20805, 9.22351), PSO.gamma = c(-5.16141, 
-6.07757, -6.32466, -4.88883, -5.37816, -5.84672, -6.35639, -6.11391, 
-6.02334, -5.41583, -6.11043), PSO.data.balancing = c(0, 0, 0, 
0, 0, 0, 0, 0, 0, 0, 0), PSO.feature.selection = c(0, 0, 0, 0, 
0, 0, 0, 0, 0, 0, 0), PSO.valid.acc = c(0.83712, 0.85152, 0.86218, 
0.84945, 0.90278, 0.87735, 0.89044, 0.86797, 0.85249, 0.89737, 
0.88491), PSO.test.acc = c(0.78621, 0.84318, 0.82949, 0.81374, 
0.86952, 0.85147, 0.85441, 0.86732, 0.83579, 0.87079, 0.8797), 
    PSO.train.time = c(0.0437, 0.0424, 0.0446, 0.049, 0.0472, 
    0.0502, 0.0474, 0.054, 0.0555, 0.0621, 0.0619), PSO.n.support.vectors = c(79.5, 
    70.2, 73.6, 98, 99.2, 93.3, 89.5, 97.5, 103.3, 122.6, 112.2
    ), PSO.index = c(1371, 1613, 372, 166, 535, 27, 526, 112, 
    203, 271, 38), PSO.n.solutions = c(32, 2, 71, 1278, 496, 
    1125, 332, 1345, 492, 666, 1186), PSO.generations = c(100, 
    100, 100, 100, 100, 100, 100, 100, 100, 100, 100), PSO.n.evaluations = c(2500, 
    2500, 2500, 2500, 2500, 2500, 2500, 2500, 2500, 2500, 2500
    ), PSO.cpu.time = c(8377.974, 8958.462, 8622.278, 8504.448, 
    8661.25899999999, 8380.872, 8611.553, 8959.83199999999, 9079.53699999998, 
    9246.72999999998, 9307.60200000001), RS.cost = c(0.49345, 
    13.76939, 3.32458, 3.41705, 6.57731, 12.72161, 4.34241, 9.48246, 
    14.12383, 1.95754, 13.03866), RS.gamma = c(-5.09174, -6.04375, 
    -7.36338, -4.92631, -5.36904, -5.85387, -6.35491, -6.14832, 
    -6.01798, -5.50683, -6.15136), RS.data.balancing = c(0, 0, 
    0, 0, 0, 0, 0, 0, 0, 0, 0), RS.feature.selection = c(0, 0, 
    0, 0, 0, 0, 0, 0, 0, 0, 0), RS.valid.acc = c(0.83712, 0.84242, 
    0.85385, 0.84945, 0.90278, 0.87735, 0.88419, 0.86797, 0.85249, 
    0.89711, 0.88491), RS.test.acc = c(0.80621, 0.84318, 0.82885, 
    0.81374, 0.86952, 0.85147, 0.86066, 0.86732, 0.83579, 0.87079, 
    0.8797), RS.train.time = c(0.0387, 0.0431, 0.0391, 0.0441, 
    0.0496, 0.0476, 0.0478, 0.0514, 0.054, 0.06, 0.0638), RS.n.support.vectors = c(78.1, 
    70.3, 59.9, 97.8, 99.3, 93.2, 88.8, 96.9, 103.5, 120.3, 111.3
    ), RS.index = c(1209, 141, 1293, 614, 21, 115, 113, 68, 152, 
    632, 86), RS.n.solutions = c(3, 20, 1, 8, 3, 17, 9, 11, 8, 
    1, 14), RS.generations = c(100, 100, 100, 100, 100, 100, 
    100, 100, 100, 100, 100), RS.n.evaluations = c(2500, 2500, 
    2500, 2500, 2500, 2500, 2500, 2500, 2500, 2500, 2500), RS.cpu.time = c(8819.891, 
    8761.933, 8487.813, 8671.427, 8416.035, 8462.53199999999, 
    8925.586, 9071.652, 9210.77799999999, 9227.60199999998, 9239.80799999999
    ), DF.cost = c(1, 1, 1, 1, 1, 1, 1, 1, 1, 1, 1), DF.gamma = c(0.01667, 
    0.01667, 0.01667, 0.01667, 0.01667, 0.01667, 0.01667, 0.01667, 
    0.01667, 0.01667, 0.01667), DF.data.balancing = c(0, 0, 0, 
    0, 0, 0, 0, 0, 0, 0, 0), DF.feature.selection = c(0, 0, 0, 
    0, 0, 0, 0, 0, 0, 0, 0), DF.valid.acc = c(0.76712, 0.7803, 
    0.78654, 0.80549, 0.84183, 0.83152, 0.83566, 0.83922, 0.79782, 
    0.84026, 0.82271), DF.test.acc = c(0.78455, 0.79924, 0.7891, 
    0.78407, 0.84128, 0.83069, 0.80588, 0.85, 0.82436, 0.82, 
    0.83701), DF.train.time = c(0.042, 0.0428, 0.0423, 0.0468, 
    0.0464, 0.0481, 0.0529, 0.0548, 0.0563, 0.0572, 0.0617), 
    DF.n.support.vectors = c(74.4, 78.9, 85, 90.3, 95.5, 100.8, 
    105.5, 113.4, 117.6, 121, 129), DF.index = c(1, 1, 1, 1, 
    1, 1, 1, 1, 1, 1, 1), DF.n.solutions = c(1, 1, 1, 1, 1, 1, 
    1, 1, 1, 1, 1), DF.generations = c(1, 1, 1, 1, 1, 1, 1, 1, 
    1, 1, 1), DF.n.evaluations = c(1, 1, 1, 1, 1, 1, 1, 1, 1, 
    1, 1), DF.cpu.time = c(3.495, 3.593, 3.438, 3.598, 3.326, 
    3.422, 3.636, 3.613, 3.68, 3.691, 3.547), SMBO.cost = c(5.67162361596449, 
    5.67162361596449, 5.67162361596449, 5.67162361596449, 5.67162361596449, 
    5.67162361596449, 5.67162361596449, 5.67162361596449, 5.67162361596449, 
    5.67162361596449, 5.67162361596449), SMBO.gamma = c(-5.48365643050958, 
    -5.48365643050958, -5.48365643050958, -5.48365643050958, 
    -5.48365643050958, -5.48365643050958, -5.48365643050958, 
    -5.48365643050958, -5.48365643050958, -5.48365643050958, 
    -5.48365643050958), SMBO.balanced.test.accuracy = c(0.898813502643205, 
    0.898813502643205, 0.898813502643205, 0.898813502643205, 
    0.898813502643205, 0.898813502643205, 0.898813502643205, 
    0.898813502643205, 0.898813502643205, 0.898813502643205, 
    0.898813502643205)), .Names = c("Sampling", "PSO.cost", "PSO.gamma", 
"PSO.data.balancing", "PSO.feature.selection", "PSO.valid.acc", 
"PSO.test.acc", "PSO.train.time", "PSO.n.support.vectors", "PSO.index", 
"PSO.n.solutions", "PSO.generations", "PSO.n.evaluations", "PSO.cpu.time", 
"RS.cost", "RS.gamma", "RS.data.balancing", "RS.feature.selection", 
"RS.valid.acc", "RS.test.acc", "RS.train.time", "RS.n.support.vectors", 
"RS.index", "RS.n.solutions", "RS.generations", "RS.n.evaluations", 
"RS.cpu.time", "DF.cost", "DF.gamma", "DF.data.balancing", "DF.feature.selection", 
"DF.valid.acc", "DF.test.acc", "DF.train.time", "DF.n.support.vectors", 
"DF.index", "DF.n.solutions", "DF.generations", "DF.n.evaluations", 
"DF.cpu.time", "SMBO.cost", "SMBO.gamma", "SMBO.balanced.test.accuracy"
), row.names = c(NA, -11L), class = "data.frame")
