new.sol <-
structure(list(Sampling = c(50, 55, 60, 65, 70, 75, 80, 85, 90, 
95, 100), PSO.cost = c(6.30344, 8.20688, 1.70911, 14.01344, 1.1191, 
14.04134, 8.21848, 5.04245, 3.14475, 2.63037, 6.55357), PSO.gamma = c(-5.36523, 
-5.58324, -5.5076, -5.80919, -5.90144, -5.58623, -5.40092, -5.408, 
-6.85557, -6.02072, -6.41052), PSO.data.balancing = c(0, 0, 0, 
0, 0, 0, 0, 0, 0, 0, 0), PSO.feature.selection = c(0, 0, 0, 0, 
0, 0, 0, 0, 0, 0, 0), PSO.valid.acc = c(0.86788, 0.8697, 0.88782, 
0.85989, 0.8681, 0.88375, 0.88513, 0.88007, 0.86433, 0.86544, 
0.87976), PSO.test.acc = c(0.85864, 0.87879, 0.84744, 0.82198, 
0.83286, 0.87083, 0.8848, 0.87974, 0.83772, 0.83936, 0.85571), 
    PSO.train.time = c(0.042, 0.0419, 0.0405, 0.046, 0.0438, 
    0.0518, 0.0536, 0.0516, 0.0505, 0.0565, 0.0591), PSO.n.support.vectors = c(73.9, 
    76.9, 82.6, 82.7, 89.8, 97.6, 105.8, 110.2, 91.5, 108, 104.5
    ), PSO.index = c(37, 30, 1599, 17, 615, 118, 36, 185, 391, 
    57, 13), PSO.n.solutions = c(1219, 1512, 40, 1061, 139, 497, 
    713, 1166, 90, 980, 1136), PSO.generations = c(100, 100, 
    100, 100, 100, 100, 100, 100, 100, 100, 100), PSO.n.evaluations = c(2500, 
    2500, 2500, 2500, 2500, 2500, 2500, 2500, 2500, 2500, 2500
    ), PSO.cpu.time = c(7537.129, 7468.533, 7434.631, 7503.088, 
    7538.43499999999, 7633.95699999999, 7586.681, 7710.351, 7633.435, 
    7702.06099999999, 7844.84900000002), RS.cost = c(13.16586, 
    4.29544, 1.07722, 6.8195, 1.18027, 1.41559, 3.20147, 12.99897, 
    3.83391, 6.62342, 9.59835), RS.gamma = c(-5.38604, -5.57149, 
    -5.49178, -5.7977, -5.93799, -6.08081, -6.00991, -5.41315, 
    -6.86437, -6.10637, -6.32046), RS.data.balancing = c(0, 0, 
    0, 0, 0, 0, 0, 0, 0, 0, 0), RS.feature.selection = c(0, 0, 
    0, 0, 0, 0, 0, 0, 0, 0, 0), RS.valid.acc = c(0.86788, 0.8697, 
    0.88013, 0.85989, 0.8681, 0.88958, 0.89101, 0.88007, 0.85906, 
    0.86544, 0.87976), RS.test.acc = c(0.85864, 0.87879, 0.85641, 
    0.82198, 0.83286, 0.86417, 0.89069, 0.87974, 0.8538, 0.83909, 
    0.86048), RS.train.time = c(0.0382, 0.0393, 0.0419, 0.0424, 
    0.0457, 0.0473, 0.0476, 0.0553, 0.0506, 0.0539, 0.0602), 
    RS.n.support.vectors = c(73.6, 76.9, 82.5, 82.7, 89.1, 93.7, 
    94.6, 110, 89.7, 104.6, 106.6), RS.index = c(50, 68, 123, 
    366, 618, 1056, 583, 74, 1661, 655, 238), RS.n.solutions = c(49, 
    49, 3, 9, 1, 2, 2, 4, 2, 8, 19), RS.generations = c(100, 
    100, 100, 100, 100, 100, 100, 100, 100, 100, 100), RS.n.evaluations = c(2500, 
    2500, 2500, 2500, 2500, 2500, 2500, 2500, 2500, 2500, 2500
    ), RS.cpu.time = c(7459.986, 7387.846, 7421.1, 7465.471, 
    7582.955, 7639.851, 7705.37800000001, 7713.808, 7701.08499999999, 
    7775.19, 8251.33799999999), DF.cost = c(1, 1, 1, 1, 1, 1, 
    1, 1, 1, 1, 1), DF.gamma = c(0.01667, 0.01667, 0.01667, 0.01667, 
    0.01667, 0.01667, 0.01667, 0.01667, 0.01667, 0.01667, 0.01667
    ), DF.data.balancing = c(0, 0, 0, 0, 0, 0, 0, 0, 0, 0, 0), 
    DF.feature.selection = c(0, 0, 0, 0, 0, 0, 0, 0, 0, 0, 0), 
    DF.valid.acc = c(0.77227, 0.79667, 0.84103, 0.79121, 0.81762, 
    0.8375, 0.81225, 0.82288, 0.80497, 0.80836, 0.82714), DF.test.acc = c(0.75303, 
    0.79742, 0.81474, 0.79231, 0.81905, 0.83167, 0.8435, 0.82288, 
    0.81579, 0.79944, 0.8031), DF.train.time = c(0.0376, 0.039, 
    0.0435, 0.0416, 0.044, 0.0495, 0.0476, 0.0537, 0.0527, 0.0585, 
    0.0612), DF.n.support.vectors = c(73.4, 78.5, 83, 88.1, 94, 
    101, 105.1, 110.8, 116.1, 122, 129.3), DF.index = c(1, 1, 
    1, 1, 1, 1, 1, 1, 1, 1, 1), DF.n.solutions = c(1, 1, 1, 1, 
    1, 1, 1, 1, 1, 1, 1), DF.generations = c(1, 1, 1, 1, 1, 1, 
    1, 1, 1, 1, 1), DF.n.evaluations = c(1, 1, 1, 1, 1, 1, 1, 
    1, 1, 1, 1), DF.cpu.time = c(2.871, 2.89, 3.114, 2.906, 2.916, 
    3.163, 2.968, 3.192, 3.033, 3.23, 3.268), SMBO.cost = c(14.4084877875097, 
    14.4084877875097, 14.4084877875097, 14.4084877875097, 14.4084877875097, 
    14.4084877875097, 14.4084877875097, 14.4084877875097, 14.4084877875097, 
    14.4084877875097, 14.4084877875097), SMBO.gamma = c(-5.42648236452107, 
    -5.42648236452107, -5.42648236452107, -5.42648236452107, 
    -5.42648236452107, -5.42648236452107, -5.42648236452107, 
    -5.42648236452107, -5.42648236452107, -5.42648236452107, 
    -5.42648236452107), SMBO.balanced.test.accuracy = c(0.89922111938241, 
    0.89922111938241, 0.89922111938241, 0.89922111938241, 0.89922111938241, 
    0.89922111938241, 0.89922111938241, 0.89922111938241, 0.89922111938241, 
    0.89922111938241, 0.89922111938241)), .Names = c("Sampling", 
"PSO.cost", "PSO.gamma", "PSO.data.balancing", "PSO.feature.selection", 
"PSO.valid.acc", "PSO.test.acc", "PSO.train.time", "PSO.n.support.vectors", 
"PSO.index", "PSO.n.solutions", "PSO.generations", "PSO.n.evaluations", 
"PSO.cpu.time", "RS.cost", "RS.gamma", "RS.data.balancing", "RS.feature.selection", 
"RS.valid.acc", "RS.test.acc", "RS.train.time", "RS.n.support.vectors", 
"RS.index", "RS.n.solutions", "RS.generations", "RS.n.evaluations", 
"RS.cpu.time", "DF.cost", "DF.gamma", "DF.data.balancing", "DF.feature.selection", 
"DF.valid.acc", "DF.test.acc", "DF.train.time", "DF.n.support.vectors", 
"DF.index", "DF.n.solutions", "DF.generations", "DF.n.evaluations", 
"DF.cpu.time", "SMBO.cost", "SMBO.gamma", "SMBO.balanced.test.accuracy"
), row.names = c(NA, -11L), class = "data.frame")
