new.sol <-
structure(list(Sampling = c(50, 55, 60, 65, 70, 75, 80, 85, 90, 
95, 100), PSO.cost = c(-1.26348, -0.32959, 3.17811, 0.47432, 
-1.18762, 6.04762, 6.80662, 5.25665, 2.27412, 1.8086, 8.08742
), PSO.gamma = c(-5.34863, -4.63636, -7.96634, -4.76398, -3.67852, 
-12.08534, -11.09715, -14.25736, -9.01306, -10.21459, -13.55561
), PSO.data.balancing = c(0, 0, 0, 0, 0, 0, 0, 0, 0, 0, 0), PSO.feature.selection = c(0, 
0, 0, 0, 0, 0, 0, 0, 0, 0, 0), PSO.valid.acc = c(0.8522, 0.83845, 
0.86539, 0.85934, 0.85807, 0.84942, 0.84973, 0.84094, 0.85027, 
0.85772, 0.85556), PSO.test.acc = c(0.82308, 0.82512, 0.84738, 
0.82532, 0.84254, 0.83963, 0.82678, 0.83641, 0.83027, 0.84573, 
0.84444), PSO.train.time = c(0.0187, 0.0178, 0.019, 0.0207, 0.0229, 
0.0222, 0.0238, 0.0247, 0.0237, 0.0271, 0.0256), PSO.n.support.vectors = c(77.3, 
71.8, 63.3, 79.4, 105.9, 88.6, 79.9, 145.5, 108.2, 143, 98.6), 
    PSO.index = c(612, 1993, 65, 385, 1044, 78, 352, 108, 44, 
    308, 546), PSO.n.solutions = c(111, 4, 204, 328, 46, 181, 
    134, 281, 74, 99, 49), PSO.generations = c(100, 100, 100, 
    100, 100, 100, 100, 100, 100, 100, 100), PSO.n.evaluations = c(2500, 
    2500, 2500, 2500, 2500, 2500, 2500, 2500, 2500, 2500, 2500
    ), PSO.cpu.time = c(7670.624, 7861.331, 8088.447, 8148.838, 
    8131.571, 7974.855, 7846.499, 7890.242, 7679.391, 7682.18999999997, 
    7754.20699999999), RS.cost = c(-1.7738, -1.19484, 3.61971, 
    0.67476, 0.47314, 8.07979, 5.39784, 2.12093, 8.61803, 6.16461, 
    7.5553), RS.gamma = c(-4.95656, -5.56158, -8.51399, -5.27646, 
    -6.84318, -14.03571, -9.7536, -11.01746, -13.85086, -14.62101, 
    -13.02731), RS.data.balancing = c(0, 0, 0, 0, 0, 0, 0, 0, 
    0, 0, 0), RS.feature.selection = c(0, 0, 0, 0, 0, 0, 0, 0, 
    0, 0, 0), RS.valid.acc = c(0.84505, 0.83845, 0.86539, 0.85378, 
    0.85751, 0.84942, 0.84973, 0.84094, 0.85027, 0.85772, 0.85556
    ), RS.test.acc = c(0.83022, 0.83179, 0.84738, 0.84235, 0.84199, 
    0.83963, 0.82678, 0.84511, 0.83844, 0.84573, 0.84444), RS.train.time = c(0.0192, 
    0.0186, 0.0192, 0.0194, 0.0213, 0.021, 0.02, 0.0262, 0.0221, 
    0.0279, 0.0253), RS.n.support.vectors = c(81.1, 80.8, 63.5, 
    76.1, 90.5, 87.6, 80.3, 143.9, 90.6, 142.9, 98.7), RS.index = c(204, 
    630, 1111, 2307, 1576, 54, 371, 25, 83, 213, 105), RS.n.solutions = c(13, 
    1, 8, 1, 2, 10, 3, 17, 17, 3, 9), RS.generations = c(100, 
    100, 100, 100, 100, 100, 100, 100, 100, 100, 100), RS.n.evaluations = c(2500, 
    2500, 2500, 2500, 2500, 2500, 2500, 2500, 2500, 2500, 2500
    ), RS.cpu.time = c(7540.111, 8074.795, 8155.015, 8119.517, 
    8041.961, 8037.92599999999, 7892.95700000001, 7917.622, 7819.02799999999, 
    7738.64999999999, 7731.69099999999), DF.cost = c(1, 1, 1, 
    1, 1, 1, 1, 1, 1, 1, 1), DF.gamma = c(0.07692, 0.07692, 0.07692, 
    0.07692, 0.07692, 0.07692, 0.07692, 0.07692, 0.07692, 0.07692, 
    0.07692), DF.data.balancing = c(0, 0, 0, 0, 0, 0, 0, 0, 0, 
    0, 0), DF.feature.selection = c(0, 0, 0, 0, 0, 0, 0, 0, 0, 
    0, 0), DF.valid.acc = c(0.7989, 0.80512, 0.82895, 0.808, 
    0.83202, 0.80987, 0.81769, 0.81558, 0.81359, 0.83121, 0.83704
    ), DF.test.acc = c(0.81429, 0.81845, 0.80426, 0.81388, 0.83202, 
    0.79558, 0.80406, 0.83243, 0.80992, 0.83168, 0.84815), DF.train.time = c(0.0173, 
    0.019, 0.0201, 0.0208, 0.0234, 0.023, 0.0224, 0.0249, 0.0256, 
    0.027, 0.0284), DF.n.support.vectors = c(73.9, 78.7, 84.8, 
    90.8, 96.8, 103.3, 107.4, 113.6, 117.4, 121, 124.9), DF.index = c(1, 
    1, 1, 1, 1, 1, 1, 1, 1, 1, 1), DF.n.solutions = c(1, 1, 1, 
    1, 1, 1, 1, 1, 1, 1, 1), DF.generations = c(1, 1, 1, 1, 1, 
    1, 1, 1, 1, 1, 1), DF.n.evaluations = c(1, 1, 1, 1, 1, 1, 
    1, 1, 1, 1, 1), DF.cpu.time = c(2.88, 3.109, 3.439, 3.359, 
    3.299, 3.126, 3.14, 3.008, 2.966, 3.191, 3.133), SMBO.cost = c(6.52219489344629, 
    6.52219489344629, 6.52219489344629, 6.52219489344629, 6.52219489344629, 
    6.52219489344629, 6.52219489344629, 6.52219489344629, 6.52219489344629, 
    6.52219489344629, 6.52219489344629), SMBO.gamma = c(-9.37049990720481, 
    -9.37049990720481, -9.37049990720481, -9.37049990720481, 
    -9.37049990720481, -9.37049990720481, -9.37049990720481, 
    -9.37049990720481, -9.37049990720481, -9.37049990720481, 
    -9.37049990720481), SMBO.balanced.test.accuracy = c(0.858139833292272, 
    0.858139833292272, 0.858139833292272, 0.858139833292272, 
    0.858139833292272, 0.858139833292272, 0.858139833292272, 
    0.858139833292272, 0.858139833292272, 0.858139833292272, 
    0.858139833292272)), .Names = c("Sampling", "PSO.cost", "PSO.gamma", 
"PSO.data.balancing", "PSO.feature.selection", "PSO.valid.acc", 
"PSO.test.acc", "PSO.train.time", "PSO.n.support.vectors", "PSO.index", 
"PSO.n.solutions", "PSO.generations", "PSO.n.evaluations", "PSO.cpu.time", 
"RS.cost", "RS.gamma", "RS.data.balancing", "RS.feature.selection", 
"RS.valid.acc", "RS.test.acc", "RS.train.time", "RS.n.support.vectors", 
"RS.index", "RS.n.solutions", "RS.generations", "RS.n.evaluations", 
"RS.cpu.time", "DF.cost", "DF.gamma", "DF.data.balancing", "DF.feature.selection", 
"DF.valid.acc", "DF.test.acc", "DF.train.time", "DF.n.support.vectors", 
"DF.index", "DF.n.solutions", "DF.generations", "DF.n.evaluations", 
"DF.cpu.time", "SMBO.cost", "SMBO.gamma", "SMBO.balanced.test.accuracy"
), row.names = c(NA, -11L), class = "data.frame")
