new.sol <-
structure(list(Sampling = c(50, 55, 60, 65, 70, 75, 80, 85, 90, 
95, 100), PSO.cost = c(-0.20169, -1.41742, -2, 0.539, -1.71363, 
0.04697, 2.09723, -0.89143, 1.42248, 3.89138, 9.18356), PSO.gamma = c(-4.43816, 
-7.41068, -5.78086, -4.39001, -6.68537, -4.14504, -9.96288, -7.04028, 
-9.81881, -6.85892, -15), PSO.data.balancing = c(0, 0, 0, 0, 
0, 0, 0, 0, 0, 0, 0), PSO.feature.selection = c(0, 0, 0, 0, 0, 
0, 0, 0, 0, 0, 0), PSO.valid.acc = c(0.91099, 0.8881, 0.88382, 
0.89967, 0.88494, 0.87286, 0.86797, 0.86718, 0.87447, 0.86919, 
0.85556), PSO.test.acc = c(0.88846, 0.86714, 0.86581, 0.88203, 
0.86942, 0.87286, 0.84524, 0.85394, 0.86647, 0.83839, 0.84074
), PSO.train.time = c(0.0183, 0.021, 0.0211, 0.0209, 0.0235, 
0.0234, 0.0244, 0.0288, 0.03, 0.0254, 0.0265), PSO.n.support.vectors = c(60.2, 
99.8, 98.3, 74.1, 117.4, 92.6, 113.5, 126.1, 136.3, 86.3, 102
), PSO.index = c(293, 114, 174, 188, 586, 181, 815, 1910, 241, 
842, 103), PSO.n.solutions = c(684, 360, 101, 570, 45, 75, 7, 
2, 116, 40, 120), PSO.generations = c(100, 100, 100, 100, 100, 
100, 100, 100, 100, 100, 100), PSO.n.evaluations = c(2500, 2500, 
2500, 2500, 2500, 2500, 2500, 2500, 2500, 2500, 2500), PSO.cpu.time = c(8125.643, 
8237.031, 8211.204, 8351.949, 8327.179, 8642.337, 8742.11, 8793.215, 
9009.49599999998, 8884.44900000002, 8862.66800000001), RS.cost = c(-0.64863, 
3.36457, 3.81589, 0.41349, -1.34014, 0.00525, 1.98524, -1.00323, 
2.14411, 3.96355, 7.34622), RS.gamma = c(-4.13983, -11.30609, 
-12.33258, -4.09786, -7.14735, -3.81929, -7.84108, -6.94916, 
-10.31371, -11.87929, -12.96343), RS.data.balancing = c(0, 0, 
0, 0, 0, 0, 0, 0, 0, 0, 0), RS.feature.selection = c(0, 0, 0, 
0, 0, 0, 0, 0, 0, 0, 0), RS.valid.acc = c(0.91099, 0.88762, 0.88346, 
0.89967, 0.88494, 0.87286, 0.86342, 0.86718, 0.87447, 0.86548, 
0.85556), RS.test.acc = c(0.88846, 0.88095, 0.88971, 0.87647, 
0.86942, 0.86786, 0.85887, 0.85394, 0.86647, 0.8501, 0.84074), 
    RS.train.time = c(0.0192, 0.0193, 0.0212, 0.0208, 0.0242, 
    0.0225, 0.0229, 0.0268, 0.0281, 0.0301, 0.0266), RS.n.support.vectors = c(65.4, 
    82.3, 98.3, 78.1, 117.2, 96.9, 86.8, 126.9, 131, 130.8, 99.4
    ), RS.index = c(227, 39, 344, 817, 270, 1550, 6, 609, 75, 
    1115, 1990), RS.n.solutions = c(3, 9, 4, 3, 1, 2, 21, 1, 
    7, 1, 1), RS.generations = c(100, 100, 100, 100, 100, 100, 
    100, 100, 100, 100, 100), RS.n.evaluations = c(2500, 2500, 
    2500, 2500, 2500, 2500, 2500, 2500, 2500, 2500, 2500), RS.cpu.time = c(8187.046, 
    8402.544, 8262.494, 8402.871, 8604.59600000001, 8692.22, 
    8864.126, 9086.69499999999, 9210.951, 8991.17599999998, 9071.45200000002
    ), DF.cost = c(1, 1, 1, 1, 1, 1, 1, 1, 1, 1, 1), DF.gamma = c(0.07692, 
    0.07692, 0.07692, 0.07692, 0.07692, 0.07692, 0.07692, 0.07692, 
    0.07692, 0.07692, 0.07692), DF.data.balancing = c(0, 0, 0, 
    0, 0, 0, 0, 0, 0, 0, 0), DF.feature.selection = c(0, 0, 0, 
    0, 0, 0, 0, 0, 0, 0, 0), DF.valid.acc = c(0.8956, 0.87244, 
    0.86544, 0.89379, 0.84889, 0.86286, 0.83636, 0.83673, 0.84612, 
    0.84638, 0.81852), DF.test.acc = c(0.88791, 0.86577, 0.84706, 
    0.87647, 0.85889, 0.86286, 0.84524, 0.82745, 0.86247, 0.82715, 
    0.83333), DF.train.time = c(0.0184, 0.0196, 0.0204, 0.0203, 
    0.0232, 0.0228, 0.0262, 0.0258, 0.028, 0.0284, 0.0307), DF.n.support.vectors = c(66, 
    74.2, 79.3, 85.7, 93.3, 98.6, 105.2, 109.5, 115.2, 119.2, 
    124.6), DF.index = c(1, 1, 1, 1, 1, 1, 1, 1, 1, 1, 1), DF.n.solutions = c(1, 
    1, 1, 1, 1, 1, 1, 1, 1, 1, 1), DF.generations = c(1, 1, 1, 
    1, 1, 1, 1, 1, 1, 1, 1), DF.n.evaluations = c(1, 1, 1, 1, 
    1, 1, 1, 1, 1, 1, 1), DF.cpu.time = c(3.286, 3.412, 3.341, 
    3.172, 3.411, 3.235, 3.652, 3.5, 3.807, 3.397, 3.569), SMBO.cost = c(1.366380298656, 
    1.366380298656, 1.366380298656, 1.366380298656, 1.366380298656, 
    1.366380298656, 1.366380298656, 1.366380298656, 1.366380298656, 
    1.366380298656, 1.366380298656), SMBO.gamma = c(-6.12482167734183, 
    -6.12482167734183, -6.12482167734183, -6.12482167734183, 
    -6.12482167734183, -6.12482167734183, -6.12482167734183, 
    -6.12482167734183, -6.12482167734183, -6.12482167734183, 
    -6.12482167734183), SMBO.balanced.test.accuracy = c(0.861916933563275, 
    0.861916933563275, 0.861916933563275, 0.861916933563275, 
    0.861916933563275, 0.861916933563275, 0.861916933563275, 
    0.861916933563275, 0.861916933563275, 0.861916933563275, 
    0.861916933563275)), .Names = c("Sampling", "PSO.cost", "PSO.gamma", 
"PSO.data.balancing", "PSO.feature.selection", "PSO.valid.acc", 
"PSO.test.acc", "PSO.train.time", "PSO.n.support.vectors", "PSO.index", 
"PSO.n.solutions", "PSO.generations", "PSO.n.evaluations", "PSO.cpu.time", 
"RS.cost", "RS.gamma", "RS.data.balancing", "RS.feature.selection", 
"RS.valid.acc", "RS.test.acc", "RS.train.time", "RS.n.support.vectors", 
"RS.index", "RS.n.solutions", "RS.generations", "RS.n.evaluations", 
"RS.cpu.time", "DF.cost", "DF.gamma", "DF.data.balancing", "DF.feature.selection", 
"DF.valid.acc", "DF.test.acc", "DF.train.time", "DF.n.support.vectors", 
"DF.index", "DF.n.solutions", "DF.generations", "DF.n.evaluations", 
"DF.cpu.time", "SMBO.cost", "SMBO.gamma", "SMBO.balanced.test.accuracy"
), row.names = c(NA, -11L), class = "data.frame")
