new.sol <-
structure(list(Sampling = c(50, 55, 60, 65, 70, 75, 80, 85, 90, 
95, 100), PSO.cost = c(-0.7233, 8.48105, 1.63276, 8.57553, 2.36194, 
1.40256, 0.09241, -0.29049, 6.3868, 4.60568, 0.76937), PSO.gamma = c(-5.64355, 
-11.63558, -6.66426, -13.11436, -10.78423, -9.88758, -6.23554, 
-8.09697, -15, -13.71528, -9.47706), PSO.data.balancing = c(0, 
0, 0, 0, 0, 0, 0, 0, 0, 0, 0), PSO.feature.selection = c(0, 0, 
0, 0, 0, 0, 0, 0, 0, 0, 0), PSO.valid.acc = c(0.83791, 0.83905, 
0.85404, 0.86373, 0.85404, 0.85857, 0.85115, 0.85417, 0.863, 
0.85165, 0.85926), PSO.test.acc = c(0.80769, 0.82571, 0.83529, 
0.85261, 0.84877, 0.84929, 0.83751, 0.84529, 0.86283, 0.84366, 
0.85556), PSO.train.time = c(0.0174, 0.0192, 0.0189, 0.0204, 
0.0248, 0.0233, 0.0229, 0.0267, 0.028, 0.03, 0.0307), PSO.n.support.vectors = c(72.3, 
51.6, 65.1, 61.3, 113.3, 119.7, 97.1, 134.7, 140.4, 160, 154.5
), PSO.index = c(438, 187, 169, 375, 231, 84, 126, 463, 111, 
186, 889), PSO.n.solutions = c(267, 119, 264, 69, 57, 131, 303, 
240, 209, 139, 40), PSO.generations = c(100, 100, 100, 100, 100, 
100, 100, 100, 100, 100, 100), PSO.n.evaluations = c(2500, 2500, 
2500, 2500, 2500, 2500, 2500, 2500, 2500, 2500, 2500), PSO.cpu.time = c(8018.348, 
8236.389, 8215.795, 8220.196, 8311.083, 8214.10299999999, 8375.262, 
8366.736, 8403.603, 8367.03100000002, 8613.02100000001), RS.cost = c(-1.03845, 
9.10106, 2.12837, 10.3484, 1.78636, 6.02105, -0.5368, 0.44391, 
5.07054, 2.036, -1.65604), RS.gamma = c(-5.20757, -12.18436, 
-7.2228, -14.92284, -10.23051, -14.60435, -6.10148, -8.89952, 
-13.658, -11.09129, -6.97276), RS.data.balancing = c(0, 0, 0, 
0, 0, 0, 0, 0, 0, 0, 0), RS.feature.selection = c(0, 0, 0, 0, 
0, 0, 0, 0, 0, 0, 0), RS.valid.acc = c(0.83077, 0.83905, 0.85404, 
0.86373, 0.85404, 0.85857, 0.85115, 0.85417, 0.863, 0.85165, 
0.85556), RS.test.acc = c(0.80769, 0.82571, 0.82941, 0.85261, 
0.84377, 0.84452, 0.83751, 0.84112, 0.86283, 0.84751, 0.85556
), RS.train.time = c(0.0197, 0.0178, 0.0192, 0.0188, 0.0226, 
0.0243, 0.0231, 0.0259, 0.027, 0.0311, 0.0304), RS.n.support.vectors = c(73.6, 
51.6, 64, 61.5, 113.6, 120.3, 104.9, 134.4, 140, 158.9, 158), 
    RS.index = c(32, 64, 388, 322, 1794, 539, 440, 1291, 84, 
    936, 90), RS.n.solutions = c(3, 23, 10, 3, 1, 7, 7, 2, 20, 
    7, 28), RS.generations = c(100, 100, 100, 100, 100, 100, 
    100, 100, 100, 100, 100), RS.n.evaluations = c(2500, 2500, 
    2500, 2500, 2500, 2500, 2500, 2500, 2500, 2500, 2500), RS.cpu.time = c(8248.01, 
    8291.875, 8122.974, 8383.374, 8287.038, 8312.012, 8385.853, 
    8468.44900000001, 8513.91900000002, 8743.484, 8691.48299999998
    ), DF.cost = c(1, 1, 1, 1, 1, 1, 1, 1, 1, 1, 1), DF.gamma = c(0.07692, 
    0.07692, 0.07692, 0.07692, 0.07692, 0.07692, 0.07692, 0.07692, 
    0.07692, 0.07692, 0.07692), DF.data.balancing = c(0, 0, 0, 
    0, 0, 0, 0, 0, 0, 0, 0), DF.feature.selection = c(0, 0, 0, 
    0, 0, 0, 0, 0, 0, 0, 0), DF.valid.acc = c(0.80714, 0.77905, 
    0.80395, 0.83562, 0.80743, 0.82952, 0.82842, 0.83678, 0.84233, 
    0.82842, 0.84815), DF.test.acc = c(0.81538, 0.82571, 0.80909, 
    0.83007, 0.81298, 0.815, 0.81933, 0.82391, 0.84283, 0.82843, 
    0.83333), DF.train.time = c(0.0192, 0.0196, 0.0204, 0.021, 
    0.0246, 0.023, 0.0232, 0.0247, 0.026, 0.0286, 0.028), DF.n.support.vectors = c(73.1, 
    78.3, 81.2, 86.6, 95.4, 101.3, 106.1, 113.5, 114.9, 120.1, 
    125.3), DF.index = c(1, 1, 1, 1, 1, 1, 1, 1, 1, 1, 1), DF.n.solutions = c(1, 
    1, 1, 1, 1, 1, 1, 1, 1, 1, 1), DF.generations = c(1, 1, 1, 
    1, 1, 1, 1, 1, 1, 1, 1), DF.n.evaluations = c(1, 1, 1, 1, 
    1, 1, 1, 1, 1, 1, 1), DF.cpu.time = c(3.444, 3.174, 3.381, 
    3.511, 3.506, 3.339, 3.234, 3.422, 3.329, 3.454, 3.249), 
    SMBO.cost = c(3.48292267027369, 3.48292267027369, 3.48292267027369, 
    3.48292267027369, 3.48292267027369, 3.48292267027369, 3.48292267027369, 
    3.48292267027369, 3.48292267027369, 3.48292267027369, 3.48292267027369
    ), SMBO.gamma = c(-8.85389395292071, -8.85389395292071, -8.85389395292071, 
    -8.85389395292071, -8.85389395292071, -8.85389395292071, 
    -8.85389395292071, -8.85389395292071, -8.85389395292071, 
    -8.85389395292071, -8.85389395292071), SMBO.balanced.test.accuracy = c(0.872252053502053, 
    0.872252053502053, 0.872252053502053, 0.872252053502053, 
    0.872252053502053, 0.872252053502053, 0.872252053502053, 
    0.872252053502053, 0.872252053502053, 0.872252053502053, 
    0.872252053502053)), .Names = c("Sampling", "PSO.cost", "PSO.gamma", 
"PSO.data.balancing", "PSO.feature.selection", "PSO.valid.acc", 
"PSO.test.acc", "PSO.train.time", "PSO.n.support.vectors", "PSO.index", 
"PSO.n.solutions", "PSO.generations", "PSO.n.evaluations", "PSO.cpu.time", 
"RS.cost", "RS.gamma", "RS.data.balancing", "RS.feature.selection", 
"RS.valid.acc", "RS.test.acc", "RS.train.time", "RS.n.support.vectors", 
"RS.index", "RS.n.solutions", "RS.generations", "RS.n.evaluations", 
"RS.cpu.time", "DF.cost", "DF.gamma", "DF.data.balancing", "DF.feature.selection", 
"DF.valid.acc", "DF.test.acc", "DF.train.time", "DF.n.support.vectors", 
"DF.index", "DF.n.solutions", "DF.generations", "DF.n.evaluations", 
"DF.cpu.time", "SMBO.cost", "SMBO.gamma", "SMBO.balanced.test.accuracy"
), row.names = c(NA, -11L), class = "data.frame")
