new.sol <-
structure(list(Sampling = c(50, 55, 60, 65, 70, 75, 80, 85, 90, 
95, 100), PSO.cost = c(0.19239, 0.10409, 7.56362, -1.18024, -2, 
1.99967, 3.69218, -0.0846, 2.58779, 6.48881, 9.42056), PSO.gamma = c(-4.80818, 
-6.83195, -15, -6.0088, -5.84321, -10.11504, -9.91348, -6.43919, 
-6.7833, -14.66616, -15), PSO.data.balancing = c(0, 0, 0, 0, 
0, 0, 0, 0, 0, 0, 0), PSO.feature.selection = c(0, 0, 0, 0, 0, 
0, 0, 0, 0, 0, 0), PSO.valid.acc = c(0.85366, 0.8497, 0.83998, 
0.83705, 0.84289, 0.83881, 0.84957, 0.84486, 0.84633, 0.85459, 
0.86296), PSO.test.acc = c(0.8152, 0.8372, 0.82233, 0.83149, 
0.82184, 0.82381, 0.82229, 0.83579, 0.83367, 0.83506, 0.84444
), PSO.train.time = c(0.0171, 0.0184, 0.0199, 0.0219, 0.0248, 
0.0254, 0.0247, 0.0266, 0.0266, 0.0308, 0.0272), PSO.n.support.vectors = c(65.8, 
76, 86.8, 100.9, 119.8, 117.4, 94.6, 108.1, 90.6, 138.3, 99.8
), PSO.index = c(45, 785, 164, 1817, 59, 164, 1547, 324, 689, 
122, 225), PSO.n.solutions = c(116, 37, 134, 15, 167, 127, 5, 
27, 231, 64, 100), PSO.generations = c(100, 100, 100, 100, 100, 
100, 100, 100, 100, 100, 100), PSO.n.evaluations = c(2500, 2500, 
2500, 2500, 2500, 2500, 2500, 2500, 2500, 2500, 2500), PSO.cpu.time = c(8196.157, 
8295.258, 8257.677, 8399.414, 8627.43100000001, 8713.477, 8746.43399999999, 
8968.09599999999, 9019.34599999999, 8827.08599999998, 8846.609
), RS.cost = c(0.03637, 0.01669, 5.975, -0.97755, -0.43452, 0.51654, 
2.53497, -0.13537, 2.67808, -1.04321, 6.75615), RS.gamma = c(-4.59408, 
-6.72891, -13.31958, -6.22061, -7.58928, -5.78726, -8.68833, 
-6.51533, -6.94079, -6.71456, -12.32165), RS.data.balancing = c(0, 
0, 0, 0, 0, 0, 0, 0, 0, 0, 0), RS.feature.selection = c(0, 0, 
0, 0, 0, 0, 0, 0, 0, 0, 0), RS.valid.acc = c(0.85366, 0.8497, 
0.83998, 0.83705, 0.84289, 0.84333, 0.84957, 0.84486, 0.84633, 
0.85844, 0.86296), RS.test.acc = c(0.82289, 0.8372, 0.81608, 
0.83149, 0.82711, 0.83381, 0.82229, 0.83579, 0.83367, 0.83861, 
0.84444), RS.train.time = c(0.018, 0.019, 0.0206, 0.0215, 0.0238, 
0.0241, 0.0244, 0.0269, 0.0254, 0.0301, 0.0273), RS.n.support.vectors = c(67.2, 
76.2, 85.7, 99.5, 114.1, 90, 94.9, 109.4, 90.8, 137, 99.8), RS.index = c(221, 
1459, 29, 1533, 40, 503, 1762, 1439, 182, 1375, 906), RS.n.solutions = c(2, 
1, 13, 2, 18, 1, 1, 3, 2, 1, 2), RS.generations = c(100, 100, 
100, 100, 100, 100, 100, 100, 100, 100, 100), RS.n.evaluations = c(2500, 
2500, 2500, 2500, 2500, 2500, 2500, 2500, 2500, 2500, 2500), 
    RS.cpu.time = c(8246.959, 8202.742, 8408.307, 8399.496, 8722.92, 
    8897.223, 8849.73299999999, 9069.55899999999, 8958.17199999999, 
    9025.89600000001, 8888.068), DF.cost = c(1, 1, 1, 1, 1, 1, 
    1, 1, 1, 1, 1), DF.gamma = c(0.07692, 0.07692, 0.07692, 0.07692, 
    0.07692, 0.07692, 0.07692, 0.07692, 0.07692, 0.07692, 0.07692
    ), DF.data.balancing = c(0, 0, 0, 0, 0, 0, 0, 0, 0, 0, 0), 
    DF.feature.selection = c(0, 0, 0, 0, 0, 0, 0, 0, 0, 0, 0), 
    DF.valid.acc = c(0.81575, 0.81, 0.78993, 0.79097, 0.79526, 
    0.81905, 0.80823, 0.81858, 0.81767, 0.83491, 0.83704), DF.test.acc = c(0.79973, 
    0.81625, 0.80395, 0.79653, 0.80079, 0.80476, 0.82186, 0.80608, 
    0.82617, 0.83076, 0.82963), DF.train.time = c(0.0193, 0.0196, 
    0.0216, 0.0217, 0.024, 0.0257, 0.0255, 0.0276, 0.0284, 0.0298, 
    0.0301), DF.n.support.vectors = c(75.4, 78.3, 86.7, 94.2, 
    100.7, 103.9, 108.8, 114, 120.4, 123.3, 124.1), DF.index = c(1, 
    1, 1, 1, 1, 1, 1, 1, 1, 1, 1), DF.n.solutions = c(1, 1, 1, 
    1, 1, 1, 1, 1, 1, 1, 1), DF.generations = c(1, 1, 1, 1, 1, 
    1, 1, 1, 1, 1, 1), DF.n.evaluations = c(1, 1, 1, 1, 1, 1, 
    1, 1, 1, 1, 1), DF.cpu.time = c(3.411, 3.322, 3.49, 3.351, 
    3.508, 3.637, 3.446, 3.728, 3.494, 3.607, 3.516), SMBO.cost = c(-0.944937066163402, 
    -0.944937066163402, -0.944937066163402, -0.944937066163402, 
    -0.944937066163402, -0.944937066163402, -0.944937066163402, 
    -0.944937066163402, -0.944937066163402, -0.944937066163402, 
    -0.944937066163402), SMBO.gamma = c(-5.78909035352524, -5.78909035352524, 
    -5.78909035352524, -5.78909035352524, -5.78909035352524, 
    -5.78909035352524, -5.78909035352524, -5.78909035352524, 
    -5.78909035352524, -5.78909035352524, -5.78909035352524), 
    SMBO.balanced.test.accuracy = c(0.854720333785374, 0.854720333785374, 
    0.854720333785374, 0.854720333785374, 0.854720333785374, 
    0.854720333785374, 0.854720333785374, 0.854720333785374, 
    0.854720333785374, 0.854720333785374, 0.854720333785374)), .Names = c("Sampling", 
"PSO.cost", "PSO.gamma", "PSO.data.balancing", "PSO.feature.selection", 
"PSO.valid.acc", "PSO.test.acc", "PSO.train.time", "PSO.n.support.vectors", 
"PSO.index", "PSO.n.solutions", "PSO.generations", "PSO.n.evaluations", 
"PSO.cpu.time", "RS.cost", "RS.gamma", "RS.data.balancing", "RS.feature.selection", 
"RS.valid.acc", "RS.test.acc", "RS.train.time", "RS.n.support.vectors", 
"RS.index", "RS.n.solutions", "RS.generations", "RS.n.evaluations", 
"RS.cpu.time", "DF.cost", "DF.gamma", "DF.data.balancing", "DF.feature.selection", 
"DF.valid.acc", "DF.test.acc", "DF.train.time", "DF.n.support.vectors", 
"DF.index", "DF.n.solutions", "DF.generations", "DF.n.evaluations", 
"DF.cpu.time", "SMBO.cost", "SMBO.gamma", "SMBO.balanced.test.accuracy"
), row.names = c(NA, -11L), class = "data.frame")
