new.sol <-
structure(list(Sampling = c(50, 55, 60, 65, 70, 75, 80, 85, 90, 
95, 100), PSO.cost = c(0.48853, 2.3789, 5.54382, 4.63278, 7.63499, 
3.3723, -2, 0.20237, 4.85684, 1.97134, -1.10435), PSO.gamma = c(-6.2516, 
-10.71322, -10.96808, -13.28065, -13.76236, -6.78416, -2.98243, 
-6.19143, -13.75859, -9.64318, -7.36396), PSO.data.balancing = c(0, 
0, 0, 0, 0, 0, 0, 0, 0, 0, 0), PSO.feature.selection = c(0, 0, 
0, 0, 0, 0, 0, 0, 0, 0, 0), PSO.valid.acc = c(0.86813, 0.85899, 
0.86603, 0.86275, 0.84936, 0.86333, 0.84979, 0.85833, 0.85072, 
0.86623, 0.85556), PSO.test.acc = c(0.83846, 0.84565, 0.85936, 
0.83497, 0.83301, 0.82476, 0.84007, 0.84547, 0.83855, 0.84714, 
0.84815), PSO.train.time = c(0.0171, 0.0184, 0.018, 0.0203, 0.0207, 
0.0196, 0.0286, 0.0269, 0.0313, 0.0301, 0.0325), PSO.n.support.vectors = c(63.6, 
94.8, 62.8, 109.9, 79.5, 67.8, 140.9, 98.6, 148.8, 126.4, 153.1
), PSO.index = c(337, 22, 388, 831, 2, 261, 507, 1405, 185, 123, 
1559), PSO.n.solutions = c(129, 71, 58, 11, 156, 457, 123, 37, 
111, 75, 4), PSO.generations = c(100, 100, 100, 100, 100, 100, 
100, 100, 100, 100, 100), PSO.n.evaluations = c(2500, 2500, 2500, 
2500, 2500, 2500, 2500, 2500, 2500, 2500, 2500), PSO.cpu.time = c(7307.603, 
7426.478, 7384.483, 7544.623, 7519.513, 7514.435, 9779.22900000001, 
9766.117, 9789.84299999999, 9775.315, 9986.864), RS.cost = c(0.21267, 
0.39809, 9.30786, 1.56705, 6.3186, 3.04774, -0.41814, 0.6152, 
0.04631, 5.3535, -0.44921), RS.gamma = c(-5.87642, -8.52587, 
-14.77915, -9.49441, -12.4172, -6.61508, -2.01342, -6.62277, 
-8.51802, -13.07834, -8.038), RS.data.balancing = c(0, 0, 0, 
0, 0, 0, 0, 0, 0, 0, 0), RS.feature.selection = c(0, 0, 0, 0, 
0, 0, 0, 0, 0, 0, 0), RS.valid.acc = c(0.86813, 0.85899, 0.86603, 
0.86307, 0.84936, 0.86333, 0.85001, 0.85399, 0.85072, 0.86623, 
0.85185), RS.test.acc = c(0.83846, 0.83851, 0.85311, 0.85752, 
0.83301, 0.82976, 0.84938, 0.84112, 0.83855, 0.84714, 0.84444
), RS.train.time = c(0.0169, 0.0191, 0.0185, 0.0201, 0.0194, 
0.0223, 0.0285, 0.0255, 0.0294, 0.03, 0.0334), RS.n.support.vectors = c(65.1, 
92.9, 63.1, 98.6, 79.3, 68.4, 155, 97, 140.7, 126.4, 151), RS.index = c(702, 
901, 64, 232, 724, 1865, 1563, 1267, 104, 439, 110), RS.n.solutions = c(2, 
4, 6, 3, 2, 1, 1, 5, 11, 8, 8), RS.generations = c(100, 100, 
100, 100, 100, 100, 100, 100, 100, 100, 100), RS.n.evaluations = c(2500, 
2500, 2500, 2500, 2500, 2500, 2500, 2500, 2500, 2500, 2500), 
    RS.cpu.time = c(7257.011, 7426.022, 7576.02899999999, 7538.72100000001, 
    7592.24099999999, 9302.554, 9817.678, 9929.43399999999, 9781.29699999999, 
    10030.411, 10132.953), DF.cost = c(1, 1, 1, 1, 1, 1, 1, 1, 
    1, 1, 1), DF.gamma = c(0.07692, 0.07692, 0.07692, 0.07692, 
    0.07692, 0.07692, 0.07692, 0.07692, 0.07692, 0.07692, 0.07692
    ), DF.data.balancing = c(0, 0, 0, 0, 0, 0, 0, 0, 0, 0, 0), 
    DF.feature.selection = c(0, 0, 0, 0, 0, 0, 0, 0, 0, 0, 0), 
    DF.valid.acc = c(0.85275, 0.84518, 0.84176, 0.78987, 0.82439, 
    0.84881, 0.83159, 0.82808, 0.82205, 0.82391, 0.83333), DF.test.acc = c(0.84505, 
    0.81893, 0.85311, 0.79052, 0.81357, 0.82476, 0.81731, 0.84076, 
    0.83806, 0.83173, 0.83704), DF.train.time = c(0.0175, 0.0188, 
    0.0215, 0.0202, 0.0217, 0.0252, 0.0269, 0.0267, 0.0283, 0.0299, 
    0.0302), DF.n.support.vectors = c(73, 79, 85, 88.6, 96.6, 
    98.9, 103.6, 112.5, 116.2, 120.3, 124.8), DF.index = c(1, 
    1, 1, 1, 1, 1, 1, 1, 1, 1, 1), DF.n.solutions = c(1, 1, 1, 
    1, 1, 1, 1, 1, 1, 1, 1), DF.generations = c(1, 1, 1, 1, 1, 
    1, 1, 1, 1, 1, 1), DF.n.evaluations = c(1, 1, 1, 1, 1, 1, 
    1, 1, 1, 1, 1), DF.cpu.time = c(2.96, 2.975, 3.126, 3.074, 
    2.989, 3.867, 4.009, 3.949, 3.899, 4.039, 3.934), SMBO.cost = c(4.27302751280033, 
    4.27302751280033, 4.27302751280033, 4.27302751280033, 4.27302751280033, 
    4.27302751280033, 4.27302751280033, 4.27302751280033, 4.27302751280033, 
    4.27302751280033, 4.27302751280033), SMBO.gamma = c(-12.1088843906619, 
    -12.1088843906619, -12.1088843906619, -12.1088843906619, 
    -12.1088843906619, -12.1088843906619, -12.1088843906619, 
    -12.1088843906619, -12.1088843906619, -12.1088843906619, 
    -12.1088843906619), SMBO.balanced.test.accuracy = c(0.862409407850044, 
    0.862409407850044, 0.862409407850044, 0.862409407850044, 
    0.862409407850044, 0.862409407850044, 0.862409407850044, 
    0.862409407850044, 0.862409407850044, 0.862409407850044, 
    0.862409407850044)), .Names = c("Sampling", "PSO.cost", "PSO.gamma", 
"PSO.data.balancing", "PSO.feature.selection", "PSO.valid.acc", 
"PSO.test.acc", "PSO.train.time", "PSO.n.support.vectors", "PSO.index", 
"PSO.n.solutions", "PSO.generations", "PSO.n.evaluations", "PSO.cpu.time", 
"RS.cost", "RS.gamma", "RS.data.balancing", "RS.feature.selection", 
"RS.valid.acc", "RS.test.acc", "RS.train.time", "RS.n.support.vectors", 
"RS.index", "RS.n.solutions", "RS.generations", "RS.n.evaluations", 
"RS.cpu.time", "DF.cost", "DF.gamma", "DF.data.balancing", "DF.feature.selection", 
"DF.valid.acc", "DF.test.acc", "DF.train.time", "DF.n.support.vectors", 
"DF.index", "DF.n.solutions", "DF.generations", "DF.n.evaluations", 
"DF.cpu.time", "SMBO.cost", "SMBO.gamma", "SMBO.balanced.test.accuracy"
), row.names = c(NA, -11L), class = "data.frame")
