new.sol <-
structure(list(Sampling = c(50, 55, 60, 65, 70, 75, 80, 85, 90, 
95, 100), PSO.cost = c(1.65527, -0.55208, -0.19037, 9.41559, 
5.95121, 5.98262, 3.13703, -1.05318, -0.05866, 3.45963, 0.31525
), PSO.gamma = c(-3.4206, -6.60108, -7.14768, -15, -13.53136, 
-12.06437, -8.42429, -6.65618, -8.64902, -8.77139, -8.00781), 
    PSO.data.balancing = c(0, 0, 0, 0, 0, 0, 0, 0, 0, 0, 0), 
    PSO.feature.selection = c(0, 0, 0, 0, 0, 0, 0, 0, 0, 0, 0
    ), PSO.valid.acc = c(0.87527, 0.86577, 0.8636, 0.8585, 0.84257, 
    0.85969, 0.85919, 0.87609, 0.86617, 0.85861, 0.85185), PSO.test.acc = c(0.83022, 
    0.83857, 0.83309, 0.84706, 0.84784, 0.83416, 0.84514, 0.86757, 
    0.85417, 0.85076, 0.84444), PSO.train.time = c(0.0205, 0.0191, 
    0.0214, 0.0202, 0.0229, 0.0222, 0.0229, 0.0248, 0.0282, 0.026, 
    0.0287), PSO.n.support.vectors = c(70.9, 81, 88, 70, 98.4, 
    84.6, 81.5, 120.9, 143.7, 93.6, 133.5), PSO.index = c(851, 
    6, 1550, 62, 134, 385, 31, 1211, 145, 571, 28), PSO.n.solutions = c(139, 
    99, 14, 294, 86, 30, 192, 53, 112, 307, 500), PSO.generations = c(100, 
    100, 100, 100, 100, 100, 100, 100, 100, 100, 100), PSO.n.evaluations = c(2500, 
    2500, 2500, 2500, 2500, 2500, 2500, 2500, 2500, 2500, 2500
    ), PSO.cpu.time = c(8375.153, 9007.351, 8847.608, 8917.395, 
    7543.87300000001, 7128.984, 6930.663, 6928.003, 6913.46200000001, 
    6878.875, 6951.96299999999), RS.cost = c(1.69056, 6.52604, 
    -0.25234, 12.99466, 7.02368, 7.22563, 12.39132, 1.41795, 
    0.9015, 3.49655, 3.62917), RS.gamma = c(-3.2243, -13.79362, 
    -6.90731, -11.71443, -14.628, -13.30194, -14.67397, -9.32521, 
    -9.70486, -9.21819, -12.25205), RS.data.balancing = c(0, 
    0, 0, 0, 0, 0, 0, 0, 0, 0, 0), RS.feature.selection = c(0, 
    0, 0, 0, 0, 0, 0, 0, 0, 0, 0), RS.valid.acc = c(0.87527, 
    0.86577, 0.8636, 0.86405, 0.84257, 0.85969, 0.85921, 0.87174, 
    0.86617, 0.85847, 0.85556), RS.test.acc = c(0.83022, 0.85238, 
    0.83309, 0.8183, 0.84784, 0.83416, 0.81746, 0.87174, 0.85417, 
    0.85092, 0.83704), RS.train.time = c(0.0195, 0.0196, 0.0202, 
    0.0268, 0.0233, 0.0221, 0.0223, 0.0253, 0.0284, 0.0246, 0.0307
    ), RS.n.support.vectors = c(75, 77.8, 86.3, 52.9, 99, 84.1, 
    64.2, 118.5, 144.5, 96.9, 151.1), RS.index = c(2341, 4, 86, 
    1923, 385, 1990, 2111, 528, 144, 1690, 909), RS.n.solutions = c(2, 
    9, 2, 1, 4, 1, 1, 2, 14, 5, 1), RS.generations = c(100, 100, 
    100, 100, 100, 100, 100, 100, 100, 100, 100), RS.n.evaluations = c(2500, 
    2500, 2500, 2500, 2500, 2500, 2500, 2500, 2500, 2500, 2500
    ), RS.cpu.time = c(9072.516, 8876.078, 8908.715, 9100.53, 
    7095.141, 7023.315, 6994.20300000001, 7053.046, 6992.59599999999, 
    7123.09, 7104.204), DF.cost = c(1, 1, 1, 1, 1, 1, 1, 1, 1, 
    1, 1), DF.gamma = c(0.07692, 0.07692, 0.07692, 0.07692, 0.07692, 
    0.07692, 0.07692, 0.07692, 0.07692, 0.07692, 0.07692), DF.data.balancing = c(0, 
    0, 0, 0, 0, 0, 0, 0, 0, 0, 0), DF.feature.selection = c(0, 
    0, 0, 0, 0, 0, 0, 0, 0, 0, 0), DF.valid.acc = c(0.85275, 
    0.83232, 0.81507, 0.8366, 0.80129, 0.81109, 0.84123, 0.83333, 
    0.84183, 0.82396, 0.82963), DF.test.acc = c(0.84505, 0.81185, 
    0.82757, 0.81307, 0.81126, 0.81085, 0.83192, 0.83333, 0.846, 
    0.83965, 0.82963), DF.train.time = c(0.0194, 0.0195, 0.021, 
    0.0218, 0.0224, 0.0236, 0.0239, 0.0251, 0.0266, 0.0266, 0.0287
    ), DF.n.support.vectors = c(69.1, 77.5, 85.2, 87.3, 94.9, 
    99.6, 104.7, 107.7, 113.8, 118.7, 124.4), DF.index = c(1, 
    1, 1, 1, 1, 1, 1, 1, 1, 1, 1), DF.n.solutions = c(1, 1, 1, 
    1, 1, 1, 1, 1, 1, 1, 1), DF.generations = c(1, 1, 1, 1, 1, 
    1, 1, 1, 1, 1, 1), DF.n.evaluations = c(1, 1, 1, 1, 1, 1, 
    1, 1, 1, 1, 1), DF.cpu.time = c(3.593, 3.509, 3.533, 3.689, 
    2.684, 2.819, 2.744, 2.824, 2.769, 2.668, 2.79), SMBO.cost = c(0.608206717213033, 
    0.608206717213033, 0.608206717213033, 0.608206717213033, 
    0.608206717213033, 0.608206717213033, 0.608206717213033, 
    0.608206717213033, 0.608206717213033, 0.608206717213033, 
    0.608206717213033), SMBO.gamma = c(-6.7843748406673, -6.7843748406673, 
    -6.7843748406673, -6.7843748406673, -6.7843748406673, -6.7843748406673, 
    -6.7843748406673, -6.7843748406673, -6.7843748406673, -6.7843748406673, 
    -6.7843748406673), SMBO.balanced.test.accuracy = c(0.866811122245905, 
    0.866811122245905, 0.866811122245905, 0.866811122245905, 
    0.866811122245905, 0.866811122245905, 0.866811122245905, 
    0.866811122245905, 0.866811122245905, 0.866811122245905, 
    0.866811122245905)), .Names = c("Sampling", "PSO.cost", "PSO.gamma", 
"PSO.data.balancing", "PSO.feature.selection", "PSO.valid.acc", 
"PSO.test.acc", "PSO.train.time", "PSO.n.support.vectors", "PSO.index", 
"PSO.n.solutions", "PSO.generations", "PSO.n.evaluations", "PSO.cpu.time", 
"RS.cost", "RS.gamma", "RS.data.balancing", "RS.feature.selection", 
"RS.valid.acc", "RS.test.acc", "RS.train.time", "RS.n.support.vectors", 
"RS.index", "RS.n.solutions", "RS.generations", "RS.n.evaluations", 
"RS.cpu.time", "DF.cost", "DF.gamma", "DF.data.balancing", "DF.feature.selection", 
"DF.valid.acc", "DF.test.acc", "DF.train.time", "DF.n.support.vectors", 
"DF.index", "DF.n.solutions", "DF.generations", "DF.n.evaluations", 
"DF.cpu.time", "SMBO.cost", "SMBO.gamma", "SMBO.balanced.test.accuracy"
), row.names = c(NA, -11L), class = "data.frame")
