new.sol <-
structure(list(Sampling = c(50, 55, 60, 65, 70, 75, 80, 85, 90, 
95, 100), PSO.cost = c(2.63124, 5.17767, 2.19702, 1.49701, -0.24364, 
-0.04013, -1.43181, 7.61868, 6.36021, 2.06637, -0.17493), PSO.gamma = c(-3.93534, 
-9.283, -10.19434, -10.09361, -7.90286, -4.82973, -6.32942, -13.29496, 
-14.53121, -11.27571, -6.79239), PSO.data.balancing = c(0, 0, 
0, 0, 0, 0, 0, 0, 0, 0, 0), PSO.feature.selection = c(0, 0, 0, 
0, 0, 0, 0, 0, 0, 0, 0), PSO.valid.acc = c(0.86538, 0.85137, 
0.85118, 0.84787, 0.85936, 0.86786, 0.85829, 0.85812, 0.86633, 
0.84989, 0.85556), PSO.test.acc = c(0.83571, 0.85048, 0.83941, 
0.84787, 0.84854, 0.8531, 0.85829, 0.84978, 0.84233, 0.83449, 
0.83704), PSO.train.time = c(0.0188, 0.0183, 0.0205, 0.0214, 
0.0224, 0.0231, 0.0239, 0.0242, 0.0276, 0.0305, 0.0277), PSO.n.support.vectors = c(60.9, 
50.5, 91.2, 107.8, 108.5, 87.1, 121.1, 86.3, 129.6, 161.1, 123.3
), PSO.index = c(1450, 34, 479, 2082, 121, 1492, 617, 12, 125, 
116, 79), PSO.n.solutions = c(38, 239, 126, 2, 163, 28, 158, 
152, 157, 116, 109), PSO.generations = c(100, 100, 100, 100, 
100, 100, 100, 100, 100, 100, 100), PSO.n.evaluations = c(2500, 
2500, 2500, 2500, 2500, 2500, 2500, 2500, 2500, 2500, 2500), 
    PSO.cpu.time = c(8137.539, 8111.137, 8142.468, 8273.09499999999, 
    8126.107, 8350.982, 8284.04699999999, 8550.92, 8796.50900000002, 
    8831.34900000002, 8975.63399999999), RS.cost = c(2.15842, 
    3.36705, 0.52273, 1.95663, -0.81099, 0.36904, -1.74858, 4.20374, 
    -0.94291, 5.42826, 5.21248), RS.gamma = c(-3.86324, -9.14658, 
    -8.39618, -8.05917, -7.65791, -5.29125, -5.79582, -9.84421, 
    -6.95572, -14.53636, -10.57951), RS.data.balancing = c(0, 
    0, 0, 0, 0, 0, 0, 0, 0, 0, 0), RS.feature.selection = c(0, 
    0, 0, 0, 0, 0, 0, 0, 0, 0, 0), RS.valid.acc = c(0.85824, 
    0.85137, 0.85118, 0.84198, 0.85936, 0.86786, 0.85788, 0.85812, 
    0.87033, 0.84989, 0.85556), RS.test.acc = c(0.82857, 0.8447, 
    0.83353, 0.83087, 0.84854, 0.86786, 0.85375, 0.84978, 0.85017, 
    0.83819, 0.84444), RS.train.time = c(0.019, 0.0174, 0.0196, 
    0.0204, 0.0227, 0.0231, 0.0246, 0.0241, 0.0286, 0.0298, 0.027
    ), RS.n.support.vectors = c(62.1, 61, 90.8, 74.6, 115.6, 
    81.9, 120.2, 86.3, 131.4, 159, 97.4), RS.index = c(56, 224, 
    71, 333, 12, 796, 1183, 687, 1196, 279, 219), RS.n.solutions = c(24, 
    3, 4, 32, 28, 2, 1, 12, 2, 10, 14), RS.generations = c(100, 
    100, 100, 100, 100, 100, 100, 100, 100, 100, 100), RS.n.evaluations = c(2500, 
    2500, 2500, 2500, 2500, 2500, 2500, 2500, 2500, 2500, 2500
    ), RS.cpu.time = c(8165.164, 8139.904, 8271.932, 8458.698, 
    8236.65299999999, 8379.682, 8596.928, 8719.85200000001, 8932.47, 
    9126.185, 9255.30000000002), DF.cost = c(1, 1, 1, 1, 1, 1, 
    1, 1, 1, 1, 1), DF.gamma = c(0.07692, 0.07692, 0.07692, 0.07692, 
    0.07692, 0.07692, 0.07692, 0.07692, 0.07692, 0.07692, 0.07692
    ), DF.data.balancing = c(0, 0, 0, 0, 0, 0, 0, 0, 0, 0, 0), 
    DF.feature.selection = c(0, 0, 0, 0, 0, 0, 0, 0, 0, 0, 0), 
    DF.valid.acc = c(0.8511, 0.80506, 0.80265, 0.80244, 0.82804, 
    0.84333, 0.83637, 0.83708, 0.846, 0.8148, 0.84074), DF.test.acc = c(0.84341, 
    0.81798, 0.80931, 0.80117, 0.82804, 0.83857, 0.83594, 0.83273, 
    0.818, 0.8265, 0.82222), DF.train.time = c(0.0189, 0.0192, 
    0.0194, 0.0213, 0.0213, 0.0239, 0.0253, 0.0244, 0.0269, 0.0293, 
    0.0297), DF.n.support.vectors = c(67, 72.7, 79.8, 85.8, 89, 
    96.8, 101.8, 105.9, 114.5, 120.5, 123.9), DF.index = c(1, 
    1, 1, 1, 1, 1, 1, 1, 1, 1, 1), DF.n.solutions = c(1, 1, 1, 
    1, 1, 1, 1, 1, 1, 1, 1), DF.generations = c(1, 1, 1, 1, 1, 
    1, 1, 1, 1, 1, 1), DF.n.evaluations = c(1, 1, 1, 1, 1, 1, 
    1, 1, 1, 1, 1), DF.cpu.time = c(3.329, 3.254, 3.299, 3.429, 
    3.23, 3.298, 3.34, 3.401, 3.391, 3.881, 3.596), SMBO.cost = c(5.57891465142486, 
    5.57891465142486, 5.57891465142486, 5.57891465142486, 5.57891465142486, 
    5.57891465142486, 5.57891465142486, 5.57891465142486, 5.57891465142486, 
    5.57891465142486, 5.57891465142486), SMBO.gamma = c(-13.309724885695, 
    -13.309724885695, -13.309724885695, -13.309724885695, -13.309724885695, 
    -13.309724885695, -13.309724885695, -13.309724885695, -13.309724885695, 
    -13.309724885695, -13.309724885695), SMBO.balanced.test.accuracy = c(0.873449661842659, 
    0.873449661842659, 0.873449661842659, 0.873449661842659, 
    0.873449661842659, 0.873449661842659, 0.873449661842659, 
    0.873449661842659, 0.873449661842659, 0.873449661842659, 
    0.873449661842659)), .Names = c("Sampling", "PSO.cost", "PSO.gamma", 
"PSO.data.balancing", "PSO.feature.selection", "PSO.valid.acc", 
"PSO.test.acc", "PSO.train.time", "PSO.n.support.vectors", "PSO.index", 
"PSO.n.solutions", "PSO.generations", "PSO.n.evaluations", "PSO.cpu.time", 
"RS.cost", "RS.gamma", "RS.data.balancing", "RS.feature.selection", 
"RS.valid.acc", "RS.test.acc", "RS.train.time", "RS.n.support.vectors", 
"RS.index", "RS.n.solutions", "RS.generations", "RS.n.evaluations", 
"RS.cpu.time", "DF.cost", "DF.gamma", "DF.data.balancing", "DF.feature.selection", 
"DF.valid.acc", "DF.test.acc", "DF.train.time", "DF.n.support.vectors", 
"DF.index", "DF.n.solutions", "DF.generations", "DF.n.evaluations", 
"DF.cpu.time", "SMBO.cost", "SMBO.gamma", "SMBO.balanced.test.accuracy"
), row.names = c(NA, -11L), class = "data.frame")
