new.sol <-
structure(list(Sampling = c(50, 55, 60, 65, 70, 75, 80, 85, 90, 
95, 100), PSO.cost = c(1.01855, -1.73857, 1.27871, 1.00267, 3.2052, 
0.73025, 7.72013, 1.5556, 11.40358, 9.64518, 0.76053), PSO.gamma = c(-3.16267, 
-3.89515, -6.46937, -6.53546, -7.80877, -5.66799, -14.72529, 
-9.58251, -13.93364, -14.84492, -7.41368), PSO.data.balancing = c(0, 
0, 0, 0, 0, 0, 0, 0, 0, 0, 0), PSO.feature.selection = c(0, 0, 
0, 0, 0, 0, 0, 0, 0, 0, 0), PSO.valid.acc = c(0.83626, 0.85315, 
0.85757, 0.8711, 0.86921, 0.88802, 0.88499, 0.88401, 0.85869, 
0.85826, 0.85926), PSO.test.acc = c(0.78352, 0.8322, 0.87007, 
0.84852, 0.87421, 0.87326, 0.85685, 0.87568, 0.84604, 0.83903, 
0.85185), PSO.train.time = c(0.0184, 0.0194, 0.0191, 0.0202, 
0.0126, 0.0205, 0.0223, 0.0249, 0.023, 0.0232, 0.0276), PSO.n.support.vectors = c(82.3, 
88.9, 67, 76.5, 67.3, 78.9, 95.8, 119.8, 74.3, 92, 116.2), PSO.index = c(1420, 
659, 45, 353, 593, 877, 64, 119, 151, 68, 346), PSO.n.solutions = c(17, 
52, 100, 266, 53, 28, 37, 129, 406, 213, 185), PSO.generations = c(100, 
100, 100, 100, 100, 100, 100, 100, 100, 100, 100), PSO.n.evaluations = c(2500, 
2500, 2500, 2500, 2500, 2500, 2500, 2500, 2500, 2500, 2500), 
    PSO.cpu.time = c(10564.823, 10374.43, 8750.672, 8974.856, 
    8112.70600000001, 9598.04000000001, 9683.52099999999, 9324.97400000002, 
    8419.71099999998, 8409.51300000001, 8585.38700000002), RS.cost = c(1.19877, 
    -1.70265, 2.1713, 1.40579, 4.24332, 9.52594, 6.90698, 2.68563, 
    12.3513, -0.23662, 1.65709), RS.gamma = c(-3.12901, -4.75824, 
    -7.99435, -6.27048, -8.71616, -13.88334, -12.88919, -10.728, 
    -14.8985, -8.22888, -8.26423), RS.data.balancing = c(0, 0, 
    0, 0, 0, 0, 0, 0, 0, 0, 0), RS.feature.selection = c(0, 0, 
    0, 0, 0, 0, 0, 0, 0, 0, 0), RS.valid.acc = c(0.82912, 0.84601, 
    0.85757, 0.86555, 0.86921, 0.88778, 0.88106, 0.88401, 0.85869, 
    0.85826, 0.85926), RS.test.acc = c(0.78352, 0.83887, 0.87007, 
    0.84823, 0.87421, 0.87326, 0.85727, 0.87568, 0.84604, 0.85442, 
    0.84815), RS.train.time = c(0.0185, 0.02, 0.0193, 0.0203, 
    0.013, 0.0209, 0.022, 0.0238, 0.0238, 0.0293, 0.0264), RS.n.support.vectors = c(81.5, 
    85.7, 68.9, 73.9, 66.2, 65.7, 82.1, 119.6, 74.1, 147.2, 113.5
    ), RS.index = c(1110, 505, 102, 1087, 326, 657, 112, 126, 
    97, 17, 1036), RS.n.solutions = c(1, 3, 31, 7, 2, 9, 10, 
    5, 3, 20, 1), RS.generations = c(100, 100, 100, 100, 100, 
    100, 100, 100, 100, 100, 100), RS.n.evaluations = c(2500, 
    2500, 2500, 2500, 2500, 2500, 2500, 2500, 2500, 2500, 2500
    ), RS.cpu.time = c(10839.624, 8796.832, 8741.194, 10017.318, 
    8812.607, 9979.25300000001, 9707.02999999998, 8974.139, 8341.288, 
    8523.557, 8682.67299999998), DF.cost = c(1, 1, 1, 1, 1, 1, 
    1, 1, 1, 1, 1), DF.gamma = c(0.07692, 0.07692, 0.07692, 0.07692, 
    0.07692, 0.07692, 0.07692, 0.07692, 0.07692, 0.07692, 0.07692
    ), DF.data.balancing = c(0, 0, 0, 0, 0, 0, 0, 0, 0, 0, 0), 
    DF.feature.selection = c(0, 0, 0, 0, 0, 0, 0, 0, 0, 0, 0), 
    DF.valid.acc = c(0.80604, 0.80458, 0.82118, 0.82568, 0.85316, 
    0.86799, 0.86181, 0.85809, 0.84267, 0.83533, 0.82222), DF.test.acc = c(0.81209, 
    0.81935, 0.84029, 0.83153, 0.84316, 0.87802, 0.8527, 0.85412, 
    0.85036, 0.82393, 0.82963), DF.train.time = c(0.0177, 0.0193, 
    0.02, 0.0205, 0.0224, 0.0225, 0.0235, 0.0238, 0.0166, 0.0283, 
    0.0284), DF.n.support.vectors = c(73.2, 77.7, 82.7, 89.4, 
    93.7, 95.8, 101.1, 106, 115.1, 119.4, 123.6), DF.index = c(1, 
    1, 1, 1, 1, 1, 1, 1, 1, 1, 1), DF.n.solutions = c(1, 1, 1, 
    1, 1, 1, 1, 1, 1, 1, 1), DF.generations = c(1, 1, 1, 1, 1, 
    1, 1, 1, 1, 1, 1), DF.n.evaluations = c(1, 1, 1, 1, 1, 1, 
    1, 1, 1, 1, 1), DF.cpu.time = c(4.314, 3.561, 3.432, 3.84, 
    3.991, 3.928, 3.932, 3.534, 2.59, 3.484, 3.332), SMBO.cost = c(10.0369024939996, 
    10.0369024939996, 10.0369024939996, 10.0369024939996, 10.0369024939996, 
    10.0369024939996, 10.0369024939996, 10.0369024939996, 10.0369024939996, 
    10.0369024939996, 10.0369024939996), SMBO.gamma = c(-14.7343572390027, 
    -14.7343572390027, -14.7343572390027, -14.7343572390027, 
    -14.7343572390027, -14.7343572390027, -14.7343572390027, 
    -14.7343572390027, -14.7343572390027, -14.7343572390027, 
    -14.7343572390027), SMBO.balanced.test.accuracy = c(0.873158833320124, 
    0.873158833320124, 0.873158833320124, 0.873158833320124, 
    0.873158833320124, 0.873158833320124, 0.873158833320124, 
    0.873158833320124, 0.873158833320124, 0.873158833320124, 
    0.873158833320124)), .Names = c("Sampling", "PSO.cost", "PSO.gamma", 
"PSO.data.balancing", "PSO.feature.selection", "PSO.valid.acc", 
"PSO.test.acc", "PSO.train.time", "PSO.n.support.vectors", "PSO.index", 
"PSO.n.solutions", "PSO.generations", "PSO.n.evaluations", "PSO.cpu.time", 
"RS.cost", "RS.gamma", "RS.data.balancing", "RS.feature.selection", 
"RS.valid.acc", "RS.test.acc", "RS.train.time", "RS.n.support.vectors", 
"RS.index", "RS.n.solutions", "RS.generations", "RS.n.evaluations", 
"RS.cpu.time", "DF.cost", "DF.gamma", "DF.data.balancing", "DF.feature.selection", 
"DF.valid.acc", "DF.test.acc", "DF.train.time", "DF.n.support.vectors", 
"DF.index", "DF.n.solutions", "DF.generations", "DF.n.evaluations", 
"DF.cpu.time", "SMBO.cost", "SMBO.gamma", "SMBO.balanced.test.accuracy"
), row.names = c(NA, -11L), class = "data.frame")
