new.sol <-
structure(list(Sampling = c(50, 55, 60, 65, 70, 75, 80, 85, 90, 
95, 100), PSO.cost = c(9.23112, 2.00792, 6.22692, 5.65796, 3.85065, 
0.27415, 4.94521, 0.73345, 0.98696, 3.24833, 5.51221), PSO.gamma = c(-13.24152, 
-6.57277, -11.07179, -12.37386, -12.51972, -7.74212, -12.88295, 
-5.74862, -5.75708, -10.12698, -14.60924), PSO.data.balancing = c(0, 
0, 0, 0, 0, 0, 0, 0, 0, 0, 0), PSO.feature.selection = c(0, 0, 
0, 0, 0, 0, 0, 0, 0, 0, 0), PSO.valid.acc = c(0.84451, 0.86512, 
0.84743, 0.85392, 0.84456, 0.84504, 0.84961, 0.83748, 0.84287, 
0.84687, 0.85556), PSO.test.acc = c(0.84505, 0.83839, 0.83493, 
0.84248, 0.83456, 0.83028, 0.84052, 0.8373, 0.82717, 0.83946, 
0.84815), PSO.train.time = c(0.0175, 0.0169, 0.0194, 0.0206, 
0.0224, 0.0222, 0.0248, 0.0226, 0.0251, 0.0258, 0.0305), PSO.n.support.vectors = c(49.3, 
61.6, 63.5, 85.8, 121.1, 109.3, 119, 96.6, 99.2, 116.4, 163.8
), PSO.index = c(107, 227, 63, 272, 514, 97, 125, 495, 1260, 
226, 62), PSO.n.solutions = c(323, 342, 411, 110, 51, 332, 242, 
185, 18, 157, 507), PSO.generations = c(100, 100, 100, 100, 100, 
100, 100, 100, 100, 100, 100), PSO.n.evaluations = c(2500, 2500, 
2500, 2500, 2500, 2500, 2500, 2500, 2500, 2500, 2500), PSO.cpu.time = c(7349.784, 
7530.427, 7565.654, 7493.987, 7488.02099999999, 7799.068, 7720.514, 
7807.52899999999, 7885.788, 7736.32800000001, 7764.61499999999
), RS.cost = c(3.94505, 2.12383, 7.15706, 6.31529, 1.0926, -0.83587, 
4.28385, -0.04925, 1.18798, 1.72044, 0.30916), RS.gamma = c(-10.52861, 
-7.09518, -12.78317, -13.06421, -8.56747, -6.14624, -12.26796, 
-5.17542, -5.83044, -8.6236, -9.29877), RS.data.balancing = c(0, 
0, 0, 0, 0, 0, 0, 0, 0, 0, 0), RS.feature.selection = c(0, 0, 
0, 0, 0, 0, 0, 0, 0, 0, 0), RS.valid.acc = c(0.84451, 0.86512, 
0.84743, 0.85392, 0.84456, 0.84504, 0.84961, 0.83748, 0.84287, 
0.84687, 0.85556), RS.test.acc = c(0.82143, 0.8522, 0.84081, 
0.84248, 0.84456, 0.83028, 0.84052, 0.8373, 0.82717, 0.84717, 
0.84815), RS.train.time = c(0.0166, 0.0176, 0.0185, 0.0195, 0.0221, 
0.0224, 0.0237, 0.0243, 0.0238, 0.0258, 0.0294), RS.n.support.vectors = c(66.9, 
62.4, 68.9, 85.9, 104.1, 108.8, 119.9, 102.5, 98.5, 117.5, 162.5
), RS.index = c(136, 1079, 38, 502, 518, 110, 62, 220, 1999, 
120, 105), RS.n.solutions = c(35, 6, 27, 4, 3, 8, 10, 2, 1, 3, 
22), RS.generations = c(100, 100, 100, 100, 100, 100, 100, 100, 
100, 100, 100), RS.n.evaluations = c(2500, 2500, 2500, 2500, 
2500, 2500, 2500, 2500, 2500, 2500, 2500), RS.cpu.time = c(7421.02, 
8125.476, 7477.982, 7519.806, 7784.17199999999, 8001.03200000001, 
7967.38399999999, 7955.916, 8032.674, 7794.12100000001, 7845.25300000003
), DF.cost = c(1, 1, 1, 1, 1, 1, 1, 1, 1, 1, 1), DF.gamma = c(0.07692, 
0.07692, 0.07692, 0.07692, 0.07692, 0.07692, 0.07692, 0.07692, 
0.07692, 0.07692, 0.07692), DF.data.balancing = c(0, 0, 0, 0, 
0, 0, 0, 0, 0, 0, 0), DF.feature.selection = c(0, 0, 0, 0, 0, 
0, 0, 0, 0, 0, 0), DF.valid.acc = c(0.80714, 0.82369, 0.79154, 
0.83627, 0.81851, 0.79095, 0.813, 0.81627, 0.82286, 0.81563, 
0.82963), DF.test.acc = c(0.82253, 0.81125, 0.79191, 0.83595, 
0.81266, 0.80026, 0.82189, 0.81593, 0.80764, 0.83131, 0.82963
), DF.train.time = c(0.0175, 0.0192, 0.0188, 0.0205, 0.0219, 
0.0238, 0.0245, 0.0253, 0.0246, 0.0263, 0.027), DF.n.support.vectors = c(72.7, 
77.1, 83.8, 89.4, 99.9, 104.8, 108.4, 113.6, 118.7, 122.9, 124.5
), DF.index = c(1, 1, 1, 1, 1, 1, 1, 1, 1, 1, 1), DF.n.solutions = c(1, 
1, 1, 1, 1, 1, 1, 1, 1, 1, 1), DF.generations = c(1, 1, 1, 1, 
1, 1, 1, 1, 1, 1, 1), DF.n.evaluations = c(1, 1, 1, 1, 1, 1, 
1, 1, 1, 1, 1), DF.cpu.time = c(3.193, 3.114, 2.928, 2.836, 3.06, 
3.317, 3.216, 3.042, 3.157, 3.137, 2.998), SMBO.cost = c(-1.16877156240691, 
-1.16877156240691, -1.16877156240691, -1.16877156240691, -1.16877156240691, 
-1.16877156240691, -1.16877156240691, -1.16877156240691, -1.16877156240691, 
-1.16877156240691, -1.16877156240691), SMBO.gamma = c(-3.60705908814882, 
-3.60705908814882, -3.60705908814882, -3.60705908814882, -3.60705908814882, 
-3.60705908814882, -3.60705908814882, -3.60705908814882, -3.60705908814882, 
-3.60705908814882, -3.60705908814882), SMBO.balanced.test.accuracy = c(0.873902615248081, 
0.873902615248081, 0.873902615248081, 0.873902615248081, 0.873902615248081, 
0.873902615248081, 0.873902615248081, 0.873902615248081, 0.873902615248081, 
0.873902615248081, 0.873902615248081)), .Names = c("Sampling", 
"PSO.cost", "PSO.gamma", "PSO.data.balancing", "PSO.feature.selection", 
"PSO.valid.acc", "PSO.test.acc", "PSO.train.time", "PSO.n.support.vectors", 
"PSO.index", "PSO.n.solutions", "PSO.generations", "PSO.n.evaluations", 
"PSO.cpu.time", "RS.cost", "RS.gamma", "RS.data.balancing", "RS.feature.selection", 
"RS.valid.acc", "RS.test.acc", "RS.train.time", "RS.n.support.vectors", 
"RS.index", "RS.n.solutions", "RS.generations", "RS.n.evaluations", 
"RS.cpu.time", "DF.cost", "DF.gamma", "DF.data.balancing", "DF.feature.selection", 
"DF.valid.acc", "DF.test.acc", "DF.train.time", "DF.n.support.vectors", 
"DF.index", "DF.n.solutions", "DF.generations", "DF.n.evaluations", 
"DF.cpu.time", "SMBO.cost", "SMBO.gamma", "SMBO.balanced.test.accuracy"
), row.names = c(NA, -11L), class = "data.frame")
