new.sol <-
structure(list(Sampling = c(50, 55, 60, 65, 70, 75, 80, 85, 90, 
95, 100), PSO.cost = c(-0.30174, 1.82287, 4.16628, 2.98816, 5.40954, 
3.1834, -2, -0.97541, 4.49646, 1.83068, 1.22269), PSO.gamma = c(-7.30168, 
-11.97172, -13.24344, -12.47348, -14.22668, -12.16578, -5.03061, 
-9.40866, -5.28665, -4.92784, -12.15733), PSO.data.balancing = c(0, 
0, 0, 0, 0, 0, 0, 0, 0, 0, 0), PSO.feature.selection = c(0, 0, 
0, 0, 0, 0, 0, 0, 0, 0, 0), PSO.valid.acc = c(0.92667, 0.90833, 
0.91667, 0.90714, 0.92619, 0.91964, 0.925, 0.89444, 0.90111, 
0.90556, 0.90051), PSO.test.acc = c(0.90667, 0.90833, 0.9, 0.90714, 
0.89524, 0.90714, 0.9125, 0.89444, 0.86639, 0.88444, 0.90051), 
    PSO.train.time = c(0.0296, 0.0293, 0.0286, 0.0293, 0.0295, 
    0.0305, 0.0326, 0.0333, 0.0352, 0.0337, 0.0349), PSO.n.support.vectors = c(29.8, 
    41.3, 34.1, 40.2, 37.6, 40.7, 63, 62.4, 65.8, 72, 75.8), 
    PSO.index = c(2, 15, 12, 5, 188, 266, 164, 102, 30, 4, 51
    ), PSO.n.solutions = c(1031, 332, 1271, 749, 171, 430, 537, 
    383, 641, 642, 364), PSO.generations = c(100, 100, 100, 100, 
    100, 100, 100, 100, 100, 100, 100), PSO.n.evaluations = c(2500, 
    2500, 2500, 2500, 2500, 2500, 2500, 2500, 2500, 2500, 2500
    ), PSO.cpu.time = c(8077.281, 7642.685, 7505.459, 7421.075, 
    7738.447, 7832.02799999999, 8034.413, 8049.905, 7839.91800000002, 
    7755.546, 7792.95199999999), RS.cost = c(0.09084, 0.45616, 
    0.32752, 0.09381, 3.63556, 0.12519, -1.638, 0.21103, 11.15102, 
    11.45769, -0.70041), RS.gamma = c(-8.79316, -10.42512, -9.37204, 
    -9.00285, -12.38648, -8.93626, -6.18749, -10.38936, -5.03943, 
    -4.854, -10.20913), RS.data.balancing = c(0, 0, 0, 0, 0, 
    0, 0, 0, 0, 0, 0), RS.feature.selection = c(0, 0, 0, 0, 0, 
    0, 0, 0, 0, 0, 0), RS.valid.acc = c(0.92667, 0.90833, 0.91667, 
    0.90714, 0.92619, 0.91964, 0.9125, 0.89444, 0.90111, 0.90556, 
    0.90051), RS.test.acc = c(0.92667, 0.88333, 0.91667, 0.90714, 
    0.89524, 0.90714, 0.89821, 0.89444, 0.86639, 0.88444, 0.90051
    ), RS.train.time = c(0.029, 0.0286, 0.0285, 0.0286, 0.0294, 
    0.0301, 0.0318, 0.0327, 0.0326, 0.0344, 0.0345), RS.n.support.vectors = c(31.7, 
    41, 36.1, 38.1, 37.3, 41.4, 54.5, 59.7, 67.6, 72.8, 77.1), 
    RS.index = c(45, 116, 23, 96, 80, 19, 213, 5, 36, 12, 69), 
    RS.n.solutions = c(165, 28, 253, 102, 23, 61, 7, 47, 141, 
    120, 32), RS.generations = c(100, 100, 100, 100, 100, 100, 
    100, 100, 100, 100, 100), RS.n.evaluations = c(2500, 2500, 
    2500, 2500, 2500, 2500, 2500, 2500, 2500, 2500, 2500), RS.cpu.time = c(7983.714, 
    7482.901, 7535.42000000001, 7584.771, 7762.98800000001, 7991.273, 
    8073.14599999999, 7967.88800000001, 7829.28700000001, 7700.77600000001, 
    7991.283), DF.cost = c(1, 1, 1, 1, 1, 1, 1, 1, 1, 1, 1), 
    DF.gamma = c(0.02, 0.02, 0.02, 0.02, 0.02, 0.02, 0.02, 0.02, 
    0.02, 0.02, 0.02), DF.data.balancing = c(0, 0, 0, 0, 0, 0, 
    0, 0, 0, 0, 0), DF.feature.selection = c(0, 0, 0, 0, 0, 0, 
    0, 0, 0, 0, 0), DF.valid.acc = c(0.87, 0.88333, 0.88333, 
    0.87619, 0.88095, 0.88214, 0.9, 0.88194, 0.8775, 0.88444, 
    0.8896), DF.test.acc = c(0.88667, 0.86667, 0.88333, 0.89286, 
    0.88095, 0.90714, 0.89821, 0.88194, 0.88861, 0.89444, 0.8896
    ), DF.train.time = c(0.0284, 0.029, 0.0297, 0.0287, 0.0301, 
    0.0312, 0.032, 0.0328, 0.0329, 0.0333, 0.0345), DF.n.support.vectors = c(36.8, 
    40.7, 43.1, 44.6, 47.7, 50, 52.5, 56.8, 58.5, 60.6, 64.1), 
    DF.index = c(1, 1, 1, 1, 1, 1, 1, 1, 1, 1, 1), DF.n.solutions = c(1, 
    1, 1, 1, 1, 1, 1, 1, 1, 1, 1), DF.generations = c(1, 1, 1, 
    1, 1, 1, 1, 1, 1, 1, 1), DF.n.evaluations = c(1, 1, 1, 1, 
    1, 1, 1, 1, 1, 1, 1), DF.cpu.time = c(3.193, 3.044, 2.971, 
    3.046, 3.057, 3.189, 3.246, 3.213, 3.145, 3.05, 3.211), SMBO.cost = c(3.74402564490738, 
    3.74402564490738, 3.74402564490738, 3.74402564490738, 3.74402564490738, 
    3.74402564490738, 3.74402564490738, 3.74402564490738, 3.74402564490738, 
    3.74402564490738, 3.74402564490738), SMBO.gamma = c(-5.90521317014209, 
    -5.90521317014209, -5.90521317014209, -5.90521317014209, 
    -5.90521317014209, -5.90521317014209, -5.90521317014209, 
    -5.90521317014209, -5.90521317014209, -5.90521317014209, 
    -5.90521317014209), SMBO.balanced.test.accuracy = c(0.922984749455338, 
    0.922984749455338, 0.922984749455338, 0.922984749455338, 
    0.922984749455338, 0.922984749455338, 0.922984749455338, 
    0.922984749455338, 0.922984749455338, 0.922984749455338, 
    0.922984749455338)), .Names = c("Sampling", "PSO.cost", "PSO.gamma", 
"PSO.data.balancing", "PSO.feature.selection", "PSO.valid.acc", 
"PSO.test.acc", "PSO.train.time", "PSO.n.support.vectors", "PSO.index", 
"PSO.n.solutions", "PSO.generations", "PSO.n.evaluations", "PSO.cpu.time", 
"RS.cost", "RS.gamma", "RS.data.balancing", "RS.feature.selection", 
"RS.valid.acc", "RS.test.acc", "RS.train.time", "RS.n.support.vectors", 
"RS.index", "RS.n.solutions", "RS.generations", "RS.n.evaluations", 
"RS.cpu.time", "DF.cost", "DF.gamma", "DF.data.balancing", "DF.feature.selection", 
"DF.valid.acc", "DF.test.acc", "DF.train.time", "DF.n.support.vectors", 
"DF.index", "DF.n.solutions", "DF.generations", "DF.n.evaluations", 
"DF.cpu.time", "SMBO.cost", "SMBO.gamma", "SMBO.balanced.test.accuracy"
), row.names = c(NA, -11L), class = "data.frame")
