new.sol <-
structure(list(Sampling = c(50, 55, 60, 65, 70, 75, 80, 85, 90, 
95, 100), PSO.cost = c(1, 2.02062, 1.51672, 7.87896, 14.04416, 
2.8392, -1.7464, 5.64284, -2, -0.47018, -1.23291), PSO.gamma = c(0.02, 
-4.94528, -5.64175, -4.18193, -4.37972, -4.44963, -8.14994, -13.18614, 
-8.35846, -4.14491, -9.65464), PSO.data.balancing = c(0, 0, 0, 
0, 0, 0, 0, 0, 0, 0, 0), PSO.feature.selection = c(0, 0, 0, 0, 
0, 0, 0, 0, 0, 0, 0), PSO.valid.acc = c(0.835, 0.85, 0.86667, 
0.86131, 0.86905, 0.86786, 0.88353, 0.88472, 0.88806, 0.91556, 
0.89869), PSO.test.acc = c(0.81167, 0.81333, 0.83333, 0.84464, 
0.85476, 0.86786, 0.88353, 0.86111, 0.87556, 0.88333, 0.88869
), PSO.train.time = c(0.0297, 0.0297, 0.0294, 0.0309, 0.0299, 
0.0339, 0.0316, 0.0311, 0.0352, 0.0356, 0.0347), PSO.n.support.vectors = c(38.2, 
43.9, 45.6, 52, 56, 60, 60.3, 40, 69.4, 75.3, 77.5), PSO.index = c(1, 
6, 214, 22, 13, 37, 135, 149, 178, 1325, 7), PSO.n.solutions = c(39, 
1076, 316, 620, 1027, 1055, 90, 325, 109, 19, 436), PSO.generations = c(100, 
100, 100, 100, 100, 100, 100, 100, 100, 100, 100), PSO.n.evaluations = c(2500, 
2500, 2500, 2500, 2500, 2500, 2500, 2500, 2500, 2500, 2500), 
    PSO.cpu.time = c(8050.332, 7817.525, 8142.236, 8161.742, 
    8109.09899999999, 8301.177, 8135.78999999999, 7826.08900000001, 
    8064.21000000002, 8067.633, 8036.049), RS.cost = c(-0.39497, 
    7.10599, 0.78551, 1.36471, 1.59347, 2.24442, -1.88911, 7.03841, 
    0.08879, 10.41178, 3.51871), RS.gamma = c(-5.51165, -4.93996, 
    -5.34853, -4.24093, -7.49009, -3.62055, -5.81719, -14.66155, 
    -10.67472, -3.65449, -14.24645), RS.data.balancing = c(0, 
    0, 0, 0, 0, 0, 0, 0, 0, 0, 0), RS.feature.selection = c(0, 
    0, 0, 0, 0, 0, 0, 0, 0, 0, 0), RS.valid.acc = c(0.835, 0.85, 
    0.86667, 0.86131, 0.86905, 0.86786, 0.88175, 0.88472, 0.88806, 
    0.90556, 0.89869), RS.test.acc = c(0.81167, 0.83333, 0.83333, 
    0.84464, 0.84048, 0.86786, 0.85952, 0.86111, 0.87556, 0.89444, 
    0.89869), RS.train.time = c(0.0299, 0.0284, 0.0318, 0.0328, 
    0.0337, 0.0363, 0.0343, 0.0326, 0.0323, 0.0349, 0.0338), 
    RS.n.support.vectors = c(38.9, 43.9, 47, 52, 36.3, 60, 61, 
    40.4, 67.8, 76, 73.2), RS.index = c(631, 22, 487, 4, 185, 
    23, 127, 22, 459, 191, 94), RS.n.solutions = c(1, 34, 4, 
    15, 31, 130, 6, 41, 3, 5, 18), RS.generations = c(100, 100, 
    100, 100, 100, 100, 100, 100, 100, 100, 100), RS.n.evaluations = c(2500, 
    2500, 2500, 2500, 2500, 2500, 2500, 2500, 2500, 2500, 2500
    ), RS.cpu.time = c(8031.237, 7896.234, 8197.00999999999, 
    8104.551, 8245.38900000001, 8239.68800000001, 7985.97499999999, 
    7740.96799999999, 8075.75200000001, 7979.00200000001, 7918.16999999998
    ), DF.cost = c(1, 1, 1, 1, 1, 1, 1, 1, 1, 1, 1), DF.gamma = c(0.02, 
    0.02, 0.02, 0.02, 0.02, 0.02, 0.02, 0.02, 0.02, 0.02, 0.02
    ), DF.data.balancing = c(0, 0, 0, 0, 0, 0, 0, 0, 0, 0, 0), 
    DF.feature.selection = c(0, 0, 0, 0, 0, 0, 0, 0, 0, 0, 0), 
    DF.valid.acc = c(0.835, 0.79333, 0.85, 0.84881, 0.84048, 
    0.86369, 0.84702, 0.85, 0.86556, 0.89444, 0.88758), DF.test.acc = c(0.81167, 
    0.81333, 0.83333, 0.84881, 0.82619, 0.85119, 0.83591, 0.85, 
    0.85306, 0.88333, 0.87758), DF.train.time = c(0.0296, 0.03, 
    0.0312, 0.0296, 0.032, 0.0322, 0.0319, 0.031, 0.0353, 0.0328, 
    0.0381), DF.n.support.vectors = c(38.2, 41.7, 45.2, 48.2, 
    50.2, 52.4, 53.7, 58.6, 60.1, 62.4, 64.3), DF.index = c(1, 
    1, 1, 1, 1, 1, 1, 1, 1, 1, 1), DF.n.solutions = c(1, 1, 1, 
    1, 1, 1, 1, 1, 1, 1, 1), DF.generations = c(1, 1, 1, 1, 1, 
    1, 1, 1, 1, 1, 1), DF.n.evaluations = c(1, 1, 1, 1, 1, 1, 
    1, 1, 1, 1, 1), DF.cpu.time = c(3.176, 3.288, 3.327, 3.019, 
    3.326, 3.247, 3.218, 3, 3.339, 3.164, 3.207), SMBO.cost = c(0.445243748836219, 
    0.445243748836219, 0.445243748836219, 0.445243748836219, 
    0.445243748836219, 0.445243748836219, 0.445243748836219, 
    0.445243748836219, 0.445243748836219, 0.445243748836219, 
    0.445243748836219), SMBO.gamma = c(-10.930901071988, -10.930901071988, 
    -10.930901071988, -10.930901071988, -10.930901071988, -10.930901071988, 
    -10.930901071988, -10.930901071988, -10.930901071988, -10.930901071988, 
    -10.930901071988), SMBO.balanced.test.accuracy = c(0.913690476190476, 
    0.913690476190476, 0.913690476190476, 0.913690476190476, 
    0.913690476190476, 0.913690476190476, 0.913690476190476, 
    0.913690476190476, 0.913690476190476, 0.913690476190476, 
    0.913690476190476)), .Names = c("Sampling", "PSO.cost", "PSO.gamma", 
"PSO.data.balancing", "PSO.feature.selection", "PSO.valid.acc", 
"PSO.test.acc", "PSO.train.time", "PSO.n.support.vectors", "PSO.index", 
"PSO.n.solutions", "PSO.generations", "PSO.n.evaluations", "PSO.cpu.time", 
"RS.cost", "RS.gamma", "RS.data.balancing", "RS.feature.selection", 
"RS.valid.acc", "RS.test.acc", "RS.train.time", "RS.n.support.vectors", 
"RS.index", "RS.n.solutions", "RS.generations", "RS.n.evaluations", 
"RS.cpu.time", "DF.cost", "DF.gamma", "DF.data.balancing", "DF.feature.selection", 
"DF.valid.acc", "DF.test.acc", "DF.train.time", "DF.n.support.vectors", 
"DF.index", "DF.n.solutions", "DF.generations", "DF.n.evaluations", 
"DF.cpu.time", "SMBO.cost", "SMBO.gamma", "SMBO.balanced.test.accuracy"
), row.names = c(NA, -11L), class = "data.frame")
