new.sol <-
structure(list(Sampling = c(50, 55, 60, 65, 70, 75, 80, 85, 90, 
95, 100), PSO.cost = c(1.52119, -1.02967, 1.4954, -1.23075, -2, 
2.86026, 4.94219, 14.3594, 10.21738, -0.79883, -2), PSO.gamma = c(-10.18111, 
-5.10865, -11.01592, -8.43462, -6.10149, -13.17655, -12.66705, 
-5.12928, -4.4392, -10.02847, -9.066), PSO.data.balancing = c(0, 
0, 0, 0, 0, 0, 0, 0, 0, 0, 0), PSO.feature.selection = c(0, 0, 
0, 0, 0, 0, 0, 0, 0, 0, 0), PSO.valid.acc = c(0.88333, 0.90333, 
0.9, 0.90893, 0.88988, 0.90893, 0.8875, 0.88806, 0.90306, 0.89556, 
0.91), PSO.test.acc = c(0.88333, 0.88667, 0.88333, 0.89226, 0.88988, 
0.87143, 0.85, 0.87556, 0.88194, 0.88556, 0.84889), PSO.train.time = c(0.0298, 
0.0291, 0.0299, 0.0309, 0.0301, 0.0311, 0.0311, 0.0333, 0.0335, 
0.0335, 0.0366), PSO.n.support.vectors = c(31.1, 43.8, 40.8, 
47.6, 52.9, 54.7, 39.5, 64.6, 71.2, 73, 78.5), PSO.index = c(46, 
32, 115, 54, 26, 440, 34, 13, 19, 60, 698), PSO.n.solutions = c(552, 
339, 144, 393, 1201, 26, 267, 715, 1396, 499, 124), PSO.generations = c(100, 
100, 100, 100, 100, 100, 100, 100, 100, 100, 100), PSO.n.evaluations = c(2500, 
2500, 2500, 2500, 2500, 2500, 2500, 2500, 2500, 2500, 2500), 
    PSO.cpu.time = c(7866.121, 8339.287, 8302.438, 8203.586, 
    7734.13, 7976.073, 8065.27500000001, 8010.05099999999, 7800.46699999999, 
    7713.97300000003, 8025.17500000002), RS.cost = c(2.4634, 
    6.05396, 3.01086, -0.13787, -1.90106, 4.35105, 7.09936, 5.13817, 
    10.69525, 1.80339, -1.94755), RS.gamma = c(-11.33833, -13.78312, 
    -13.0069, -9.42559, -5.5538, -14.69325, -14.70242, -3.934, 
    -4.19851, -12.34895, -9.14714), RS.data.balancing = c(0, 
    0, 0, 0, 0, 0, 0, 0, 0, 0, 0), RS.feature.selection = c(0, 
    0, 0, 0, 0, 0, 0, 0, 0, 0, 0), RS.valid.acc = c(0.88333, 
    0.90333, 0.9, 0.90893, 0.88988, 0.90893, 0.8875, 0.88806, 
    0.90306, 0.89556, 0.90091), RS.test.acc = c(0.88333, 0.90333, 
    0.88333, 0.89226, 0.88988, 0.87143, 0.85, 0.87556, 0.88194, 
    0.89556, 0.84889), RS.train.time = c(0.0282, 0.0301, 0.0296, 
    0.0283, 0.0291, 0.0316, 0.0317, 0.0325, 0.034, 0.0332, 0.0353
    ), RS.n.support.vectors = c(31.6, 28.3, 43, 44, 54.9, 55, 
    39, 68, 71.8, 68.7, 78.5), RS.index = c(4, 70, 534, 15, 573, 
    791, 57, 10, 9, 33, 843), RS.n.solutions = c(67, 36, 6, 33, 
    7, 2, 19, 74, 63, 24, 1), RS.generations = c(100, 100, 100, 
    100, 100, 100, 100, 100, 100, 100, 100), RS.n.evaluations = c(2500, 
    2500, 2500, 2500, 2500, 2500, 2500, 2500, 2500, 2500, 2500
    ), RS.cpu.time = c(7987.37, 8330.586, 8366.675, 7858.447, 
    7767.996, 8006.20599999999, 8061.617, 7784.45299999999, 7784.90599999999, 
    7920.19200000001, 7980.59900000002), DF.cost = c(1, 1, 1, 
    1, 1, 1, 1, 1, 1, 1, 1), DF.gamma = c(0.02, 0.02, 0.02, 0.02, 
    0.02, 0.02, 0.02, 0.02, 0.02, 0.02, 0.02), DF.data.balancing = c(0, 
    0, 0, 0, 0, 0, 0, 0, 0, 0, 0), DF.feature.selection = c(0, 
    0, 0, 0, 0, 0, 0, 0, 0, 0, 0), DF.valid.acc = c(0.86333, 
    0.88333, 0.88333, 0.87798, 0.8756, 0.88393, 0.875, 0.87556, 
    0.89194, 0.87444, 0.88889), DF.test.acc = c(0.88333, 0.88333, 
    0.86667, 0.83214, 0.8756, 0.85893, 0.85, 0.87556, 0.87944, 
    0.88444, 0.88889), DF.train.time = c(0.0293, 0.0298, 0.0299, 
    0.0301, 0.0309, 0.0306, 0.0319, 0.0323, 0.0313, 0.0335, 0.0337
    ), DF.n.support.vectors = c(38.6, 40.7, 43.5, 45.1, 49.2, 
    53.9, 56.8, 59, 60.3, 62.6, 64.2), DF.index = c(1, 1, 1, 
    1, 1, 1, 1, 1, 1, 1, 1), DF.n.solutions = c(1, 1, 1, 1, 1, 
    1, 1, 1, 1, 1, 1), DF.generations = c(1, 1, 1, 1, 1, 1, 1, 
    1, 1, 1, 1), DF.n.evaluations = c(1, 1, 1, 1, 1, 1, 1, 1, 
    1, 1, 1), DF.cpu.time = c(3.372, 3.299, 3.31, 3.132, 3.084, 
    3.214, 3.235, 3.1, 3.16, 3.22, 3.201), SMBO.cost = c(2.44631929931114, 
    2.44631929931114, 2.44631929931114, 2.44631929931114, 2.44631929931114, 
    2.44631929931114, 2.44631929931114, 2.44631929931114, 2.44631929931114, 
    2.44631929931114, 2.44631929931114), SMBO.gamma = c(-9.2863126352913, 
    -9.2863126352913, -9.2863126352913, -9.2863126352913, -9.2863126352913, 
    -9.2863126352913, -9.2863126352913, -9.2863126352913, -9.2863126352913, 
    -9.2863126352913, -9.2863126352913), SMBO.balanced.test.accuracy = c(0.913758558979147, 
    0.913758558979147, 0.913758558979147, 0.913758558979147, 
    0.913758558979147, 0.913758558979147, 0.913758558979147, 
    0.913758558979147, 0.913758558979147, 0.913758558979147, 
    0.913758558979147)), .Names = c("Sampling", "PSO.cost", "PSO.gamma", 
"PSO.data.balancing", "PSO.feature.selection", "PSO.valid.acc", 
"PSO.test.acc", "PSO.train.time", "PSO.n.support.vectors", "PSO.index", 
"PSO.n.solutions", "PSO.generations", "PSO.n.evaluations", "PSO.cpu.time", 
"RS.cost", "RS.gamma", "RS.data.balancing", "RS.feature.selection", 
"RS.valid.acc", "RS.test.acc", "RS.train.time", "RS.n.support.vectors", 
"RS.index", "RS.n.solutions", "RS.generations", "RS.n.evaluations", 
"RS.cpu.time", "DF.cost", "DF.gamma", "DF.data.balancing", "DF.feature.selection", 
"DF.valid.acc", "DF.test.acc", "DF.train.time", "DF.n.support.vectors", 
"DF.index", "DF.n.solutions", "DF.generations", "DF.n.evaluations", 
"DF.cpu.time", "SMBO.cost", "SMBO.gamma", "SMBO.balanced.test.accuracy"
), row.names = c(NA, -11L), class = "data.frame")
