new.sol <-
structure(list(Sampling = c(50, 55, 60, 65, 70, 75, 80, 85, 90, 
95, 100), PSO.cost = c(1, 2.61382, 3.63301, 7.36944, 13.97157, 
-0.28013, 1.90186, 11.73052, 8.32652, 5.8155, -2), PSO.gamma = c(0.02, 
-4.35129, -10.44668, -15, -4.30194, -4.86363, -4.1686, -4.64213, 
-4.56151, -4.14056, -6.61363), PSO.data.balancing = c(0, 0, 0, 
0, 0, 0, 0, 0, 0, 0, 0), PSO.feature.selection = c(0, 0, 0, 0, 
0, 0, 0, 0, 0, 0, 0), PSO.valid.acc = c(0.875, 0.93, 0.91905, 
0.90476, 0.92738, 0.91964, 0.925, 0.89583, 0.91333, 0.90306, 
0.90091), PSO.test.acc = c(0.895, 0.93, 0.90238, 0.91905, 0.9131, 
0.91964, 0.9125, 0.89583, 0.90222, 0.89306, 0.8798), PSO.train.time = c(0.0308, 
0.0303, 0.0321, 0.0301, 0.0318, 0.0314, 0.0312, 0.0315, 0.0333, 
0.0353, 0.0335), PSO.n.support.vectors = c(38, 44, 27.5, 30.5, 
55.4, 57.7, 63.2, 66.8, 70.7, 75.5, 67.5), PSO.index = c(1, 3, 
46, 88, 20, 37, 3, 7, 45, 27, 231), PSO.n.solutions = c(992, 
1204, 541, 412, 1134, 841, 1111, 285, 443, 1120, 588), PSO.generations = c(100, 
100, 100, 100, 100, 100, 100, 100, 100, 100, 100), PSO.n.evaluations = c(2500, 
2500, 2500, 2500, 2500, 2500, 2500, 2500, 2500, 2500, 2500), 
    PSO.cpu.time = c(8136.615, 8309.27, 8314.29399999999, 8132.737, 
    7727.961, 7921.951, 8007.17200000001, 8004.61, 7880.57100000001, 
    7672.489, 7948.95999999999), RS.cost = c(-0.81254, 14.9826, 
    4.55468, 4.65412, 0.2196, 0.32127, 3.77486, -0.12117, 11.21273, 
    1.48119, -1.99663), RS.gamma = c(-4.93849, -4.11799, -6.45252, 
    -12.02808, -4.4018, -5.48666, -4.23646, -5.90991, -3.79836, 
    -4.178, -6.58639), RS.data.balancing = c(0, 0, 0, 0, 0, 0, 
    0, 0, 0, 0, 0), RS.feature.selection = c(0, 0, 0, 0, 0, 0, 
    0, 0, 0, 0, 0), RS.valid.acc = c(0.875, 0.93, 0.91905, 0.90476, 
    0.92738, 0.91964, 0.925, 0.90694, 0.91333, 0.90306, 0.90091
    ), RS.test.acc = c(0.9, 0.93, 0.90238, 0.90476, 0.9131, 0.89464, 
    0.9125, 0.87361, 0.91333, 0.89306, 0.8798), RS.train.time = c(0.0289, 
    0.0293, 0.0303, 0.0295, 0.0303, 0.0321, 0.0324, 0.0323, 0.0336, 
    0.0345, 0.0339), RS.n.support.vectors = c(39.2, 44, 37.3, 
    29.4, 55.4, 52.3, 63.2, 54.8, 72, 75.5, 67.5), RS.index = c(4, 
    10, 7, 6, 20, 191, 126, 2459, 17, 26, 1173), RS.n.solutions = c(584, 
    68, 121, 45, 36, 11, 60, 1, 86, 58, 1), RS.generations = c(100, 
    100, 100, 100, 100, 100, 100, 100, 100, 100, 100), RS.n.evaluations = c(2500, 
    2500, 2500, 2500, 2500, 2500, 2500, 2500, 2500, 2500, 2500
    ), RS.cpu.time = c(7993.906, 8312.799, 8321.732, 7904.941, 
    7727.524, 7906.87, 7990.084, 7894.773, 7908.96699999998, 
    7930.894, 7793.02799999999), DF.cost = c(1, 1, 1, 1, 1, 1, 
    1, 1, 1, 1, 1), DF.gamma = c(0.02, 0.02, 0.02, 0.02, 0.02, 
    0.02, 0.02, 0.02, 0.02, 0.02, 0.02), DF.data.balancing = c(0, 
    0, 0, 0, 0, 0, 0, 0, 0, 0, 0), DF.feature.selection = c(0, 
    0, 0, 0, 0, 0, 0, 0, 0, 0, 0), DF.valid.acc = c(0.875, 0.91333, 
    0.90238, 0.89048, 0.89643, 0.90714, 0.9125, 0.88472, 0.90222, 
    0.88306, 0.89091), DF.test.acc = c(0.895, 0.91333, 0.90238, 
    0.89048, 0.91071, 0.89464, 0.9125, 0.89583, 0.90222, 0.88306, 
    0.88091), DF.train.time = c(0.0292, 0.029, 0.03, 0.0299, 
    0.0307, 0.0302, 0.032, 0.0333, 0.0329, 0.0336, 0.0344), DF.n.support.vectors = c(38, 
    40.4, 44, 47.2, 48.9, 49.8, 52.2, 57.8, 58.9, 61.5, 64.6), 
    DF.index = c(1, 1, 1, 1, 1, 1, 1, 1, 1, 1, 1), DF.n.solutions = c(1, 
    1, 1, 1, 1, 1, 1, 1, 1, 1, 1), DF.generations = c(1, 1, 1, 
    1, 1, 1, 1, 1, 1, 1, 1), DF.n.evaluations = c(1, 1, 1, 1, 
    1, 1, 1, 1, 1, 1, 1), DF.cpu.time = c(3.377, 3.21, 3.305, 
    3.086, 3.133, 3.226, 3.213, 3.15, 3.076, 3.212, 3.229), SMBO.cost = c(-1.53847687854606, 
    -1.53847687854606, -1.53847687854606, -1.53847687854606, 
    -1.53847687854606, -1.53847687854606, -1.53847687854606, 
    -1.53847687854606, -1.53847687854606, -1.53847687854606, 
    -1.53847687854606), SMBO.gamma = c(-6.12326048400253, -6.12326048400253, 
    -6.12326048400253, -6.12326048400253, -6.12326048400253, 
    -6.12326048400253, -6.12326048400253, -6.12326048400253, 
    -6.12326048400253, -6.12326048400253, -6.12326048400253), 
    SMBO.balanced.test.accuracy = c(0.919042232277526, 0.919042232277526, 
    0.919042232277526, 0.919042232277526, 0.919042232277526, 
    0.919042232277526, 0.919042232277526, 0.919042232277526, 
    0.919042232277526, 0.919042232277526, 0.919042232277526)), .Names = c("Sampling", 
"PSO.cost", "PSO.gamma", "PSO.data.balancing", "PSO.feature.selection", 
"PSO.valid.acc", "PSO.test.acc", "PSO.train.time", "PSO.n.support.vectors", 
"PSO.index", "PSO.n.solutions", "PSO.generations", "PSO.n.evaluations", 
"PSO.cpu.time", "RS.cost", "RS.gamma", "RS.data.balancing", "RS.feature.selection", 
"RS.valid.acc", "RS.test.acc", "RS.train.time", "RS.n.support.vectors", 
"RS.index", "RS.n.solutions", "RS.generations", "RS.n.evaluations", 
"RS.cpu.time", "DF.cost", "DF.gamma", "DF.data.balancing", "DF.feature.selection", 
"DF.valid.acc", "DF.test.acc", "DF.train.time", "DF.n.support.vectors", 
"DF.index", "DF.n.solutions", "DF.generations", "DF.n.evaluations", 
"DF.cpu.time", "SMBO.cost", "SMBO.gamma", "SMBO.balanced.test.accuracy"
), row.names = c(NA, -11L), class = "data.frame")
