new.sol <-
structure(list(Sampling = c(50, 55, 60, 65, 70, 75, 80, 85, 90, 
95, 100), PSO.cost = c(-1.27618, -0.59042, 6.52985, -1.21599, 
-0.93269, 4.87398, 0.62092, 8.34355, 2.59109, 6.08872, 3.34533
), PSO.gamma = c(-5.32696, -5.0483, -12.32757, -5.93994, -8.9692, 
-5.33865, -10.6635, -4.22837, -3.69404, -4.69567, -13.94603), 
    PSO.data.balancing = c(0, 0, 0, 0, 0, 0, 0, 0, 0, 0, 0), 
    PSO.feature.selection = c(0, 0, 0, 0, 0, 0, 0, 0, 0, 0, 0
    ), PSO.valid.acc = c(0.91, 0.90667, 0.88476, 0.89286, 0.88333, 
    0.88214, 0.88631, 0.89583, 0.90111, 0.89444, 0.90182), PSO.test.acc = c(0.87, 
    0.89, 0.8681, 0.8619, 0.88333, 0.88036, 0.85952, 0.90833, 
    0.88861, 0.88444, 0.89182), PSO.train.time = c(0.0273, 0.0267, 
    0.027, 0.0274, 0.029, 0.0321, 0.0323, 0.0334, 0.0311, 0.0347, 
    0.0345), PSO.n.support.vectors = c(39.4, 42.7, 27.6, 48, 
    53.1, 56.8, 57.3, 67.5, 72, 74.4, 71.5), PSO.index = c(1500, 
    193, 5, 1406, 66, 233, 5, 9, 10, 15, 3), PSO.n.solutions = c(25, 
    137, 212, 76, 127, 616, 486, 293, 681, 1370, 263), PSO.generations = c(100, 
    100, 100, 100, 100, 100, 100, 100, 100, 100, 100), PSO.n.evaluations = c(2500, 
    2500, 2500, 2500, 2500, 2500, 2500, 2500, 2500, 2500, 2500
    ), PSO.cpu.time = c(7123.165, 7024.824, 6837.238, 6832.378, 
    6877.04, 7102.93699999999, 7143.015, 7141.04299999999, 7088.174, 
    7073.80200000001, 7106.49800000002), RS.cost = c(-1.48609, 
    -0.53886, 5.49662, -0.75847, -0.05292, -1.39835, -0.63322, 
    13.31286, 10.64176, 0.06352, 3.29764), RS.gamma = c(-5.67895, 
    -5.10561, -11.44719, -5.60708, -9.93768, -6.11999, -9.31544, 
    -4.52242, -4.83089, -10.83401, -14.17271), RS.data.balancing = c(0, 
    0, 0, 0, 0, 0, 0, 0, 0, 0, 0), RS.feature.selection = c(0, 
    0, 0, 0, 0, 0, 0, 0, 0, 0, 0), RS.valid.acc = c(0.91, 0.90667, 
    0.88476, 0.89286, 0.88333, 0.89286, 0.88631, 0.89583, 0.90111, 
    0.89556, 0.90182), RS.test.acc = c(0.89, 0.89, 0.8681, 0.8619, 
    0.88333, 0.89286, 0.85952, 0.89583, 0.89, 0.88444, 0.90182
    ), RS.train.time = c(0.0279, 0.0275, 0.0259, 0.0271, 0.028, 
    0.0278, 0.0318, 0.0324, 0.0335, 0.0309, 0.0329), RS.n.support.vectors = c(39.5, 
    42.6, 28.2, 48.1, 52.5, 53.7, 57.8, 67, 69.9, 72.7, 75.2), 
    RS.index = c(770, 119, 301, 148, 13, 367, 140, 35, 22, 147, 
    80), RS.n.solutions = c(3, 3, 12, 5, 9, 8, 24, 126, 171, 
    36, 28), RS.generations = c(100, 100, 100, 100, 100, 100, 
    100, 100, 100, 100, 100), RS.n.evaluations = c(2500, 2500, 
    2500, 2500, 2500, 2500, 2500, 2500, 2500, 2500, 2500), RS.cpu.time = c(7065.706, 
    6971.229, 6856.462, 6849.677, 7056.885, 7034.008, 7068.005, 
    7053.508, 7117.045, 7108.818, 7137.122), DF.cost = c(1, 1, 
    1, 1, 1, 1, 1, 1, 1, 1, 1), DF.gamma = c(0.02, 0.02, 0.02, 
    0.02, 0.02, 0.02, 0.02, 0.02, 0.02, 0.02, 0.02), DF.data.balancing = c(0, 
    0, 0, 0, 0, 0, 0, 0, 0, 0, 0), DF.feature.selection = c(0, 
    0, 0, 0, 0, 0, 0, 0, 0, 0, 0), DF.valid.acc = c(0.89, 0.87333, 
    0.82048, 0.86429, 0.8381, 0.86607, 0.85952, 0.88333, 0.89, 
    0.87444, 0.8898), DF.test.acc = c(0.87, 0.87333, 0.86571, 
    0.84762, 0.8381, 0.88036, 0.84841, 0.87222, 0.89, 0.88444, 
    0.8898), DF.train.time = c(0.0287, 0.0276, 0.027, 0.0267, 
    0.031, 0.0319, 0.032, 0.0297, 0.0339, 0.0337, 0.0333), DF.n.support.vectors = c(36.9, 
    39.6, 43.5, 47.1, 49.4, 53.1, 55.1, 57.7, 60.5, 63.5, 63.7
    ), DF.index = c(1, 1, 1, 1, 1, 1, 1, 1, 1, 1, 1), DF.n.solutions = c(1, 
    1, 1, 1, 1, 1, 1, 1, 1, 1, 1), DF.generations = c(1, 1, 1, 
    1, 1, 1, 1, 1, 1, 1, 1), DF.n.evaluations = c(1, 1, 1, 1, 
    1, 1, 1, 1, 1, 1, 1), DF.cpu.time = c(2.999, 2.763, 2.762, 
    2.662, 2.915, 2.958, 2.927, 2.691, 2.966, 2.938, 2.813), 
    SMBO.cost = c(-0.458198152640251, -0.458198152640251, -0.458198152640251, 
    -0.458198152640251, -0.458198152640251, -0.458198152640251, 
    -0.458198152640251, -0.458198152640251, -0.458198152640251, 
    -0.458198152640251, -0.458198152640251), SMBO.gamma = c(-9.50679970376742, 
    -9.50679970376742, -9.50679970376742, -9.50679970376742, 
    -9.50679970376742, -9.50679970376742, -9.50679970376742, 
    -9.50679970376742, -9.50679970376742, -9.50679970376742, 
    -9.50679970376742), SMBO.balanced.test.accuracy = c(0.924669312169312, 
    0.924669312169312, 0.924669312169312, 0.924669312169312, 
    0.924669312169312, 0.924669312169312, 0.924669312169312, 
    0.924669312169312, 0.924669312169312, 0.924669312169312, 
    0.924669312169312)), .Names = c("Sampling", "PSO.cost", "PSO.gamma", 
"PSO.data.balancing", "PSO.feature.selection", "PSO.valid.acc", 
"PSO.test.acc", "PSO.train.time", "PSO.n.support.vectors", "PSO.index", 
"PSO.n.solutions", "PSO.generations", "PSO.n.evaluations", "PSO.cpu.time", 
"RS.cost", "RS.gamma", "RS.data.balancing", "RS.feature.selection", 
"RS.valid.acc", "RS.test.acc", "RS.train.time", "RS.n.support.vectors", 
"RS.index", "RS.n.solutions", "RS.generations", "RS.n.evaluations", 
"RS.cpu.time", "DF.cost", "DF.gamma", "DF.data.balancing", "DF.feature.selection", 
"DF.valid.acc", "DF.test.acc", "DF.train.time", "DF.n.support.vectors", 
"DF.index", "DF.n.solutions", "DF.generations", "DF.n.evaluations", 
"DF.cpu.time", "SMBO.cost", "SMBO.gamma", "SMBO.balanced.test.accuracy"
), row.names = c(NA, -11L), class = "data.frame")
