new.sol <-
structure(list(Sampling = c(50, 55, 60, 65, 70, 75, 80, 85, 90, 
95, 100), PSO.cost = c(4.10882, 2.20871, 2.38151, -2, -1.34605, 
8.88033, 6.83142, 8.98252, 2.39771, -1.43141, 8.02256), PSO.gamma = c(-11.82356, 
-11.3253, -12.49414, -6.69447, -5.2145, -4.463, -15, -4.99619, 
-10.42842, -8.75592, -3.70205), PSO.data.balancing = c(0, 0, 
0, 0, 0, 0, 0, 0, 0, 0, 0), PSO.feature.selection = c(0, 0, 0, 
0, 0, 0, 0, 0, 0, 0, 0), PSO.valid.acc = c(0.87667, 0.865, 0.89905, 
0.9119, 0.91429, 0.89425, 0.90099, 0.90694, 0.88861, 0.89667, 
0.8898), PSO.test.acc = c(0.87667, 0.865, 0.88238, 0.9119, 0.87143, 
0.87996, 0.90099, 0.89583, 0.85389, 0.88556, 0.8698), PSO.train.time = c(0.0311, 
0.0276, 0.0305, 0.0296, 0.0326, 0.0333, 0.0322, 0.0342, 0.0327, 
0.0348, 0.0355), PSO.n.support.vectors = c(27.5, 38.5, 46.7, 
48.1, 52.5, 58.6, 41, 62.7, 44.7, 70.3, 80), PSO.index = c(2, 
138, 34, 351, 1395, 57, 41, 62, 2, 24, 14), PSO.n.solutions = c(862, 
158, 234, 475, 11, 861, 471, 259, 356, 308, 1433), PSO.generations = c(100, 
100, 100, 100, 100, 100, 100, 100, 100, 100, 100), PSO.n.evaluations = c(2500, 
2500, 2500, 2500, 2500, 2500, 2500, 2500, 2500, 2500, 2500), 
    PSO.cpu.time = c(8096.385, 7864.122, 7796.65399999999, 7681.175, 
    7898.831, 7877.34299999999, 7848.45699999999, 7799.629, 7740.425, 
    7833.851, 7876.19799999997), RS.cost = c(-0.37563, 1.73494, 
    -0.99442, -1.96726, -1.90298, 14.18018, 5.58658, -1.67662, 
    7.29149, 1.82126, 3.28045), RS.gamma = c(-8.44317, -10.94229, 
    -8.78648, -6.20925, -6.12112, -4.67091, -13.9761, -5.45758, 
    -4.40085, -12.49434, -14.25374), RS.data.balancing = c(0, 
    0, 0, 0, 0, 0, 0, 0, 0, 0, 0), RS.feature.selection = c(0, 
    0, 0, 0, 0, 0, 0, 0, 0, 0, 0), RS.valid.acc = c(0.87667, 
    0.865, 0.89905, 0.9119, 0.9, 0.89425, 0.90099, 0.90694, 0.88861, 
    0.89667, 0.89778), RS.test.acc = c(0.87667, 0.865, 0.88238, 
    0.9119, 0.87143, 0.86567, 0.90099, 0.89583, 0.87611, 0.88556, 
    0.88778), RS.train.time = c(0.0294, 0.0296, 0.031, 0.0303, 
    0.0323, 0.0339, 0.0328, 0.0326, 0.0338, 0.0344, 0.0337), 
    RS.n.support.vectors = c(35.9, 39, 46.8, 48.5, 49.9, 57.7, 
    42.5, 62.4, 71.1, 71.4, 76.2), RS.index = c(3, 163, 120, 
    847, 441, 21, 190, 169, 31, 35, 2229), RS.n.solutions = c(162, 
    17, 34, 3, 4, 110, 62, 27, 135, 124, 1), RS.generations = c(100, 
    100, 100, 100, 100, 100, 100, 100, 100, 100, 100), RS.n.evaluations = c(2500, 
    2500, 2500, 2500, 2500, 2500, 2500, 2500, 2500, 2500, 2500
    ), RS.cpu.time = c(8015.998, 7847.238, 7805.451, 7811.735, 
    7864.501, 7903.398, 7896.39599999999, 7713.84, 7798.66399999999, 
    7916.37599999999, 7542.655), DF.cost = c(1, 1, 1, 1, 1, 1, 
    1, 1, 1, 1, 1), DF.gamma = c(0.02, 0.02, 0.02, 0.02, 0.02, 
    0.02, 0.02, 0.02, 0.02, 0.02, 0.02), DF.data.balancing = c(0, 
    0, 0, 0, 0, 0, 0, 0, 0, 0, 0), DF.feature.selection = c(0, 
    0, 0, 0, 0, 0, 0, 0, 0, 0, 0), DF.valid.acc = c(0.85667, 
    0.82333, 0.88238, 0.88095, 0.88571, 0.86746, 0.8996, 0.89583, 
    0.8775, 0.88556, 0.8798), DF.test.acc = c(0.87667, 0.84, 
    0.86571, 0.86095, 0.87143, 0.86567, 0.88849, 0.87361, 0.87611, 
    0.86444, 0.8798), DF.train.time = c(0.0309, 0.0302, 0.0286, 
    0.033, 0.0328, 0.0324, 0.0339, 0.0326, 0.0333, 0.0348, 0.0341
    ), DF.n.support.vectors = c(37, 41, 43.5, 45.7, 48, 51.2, 
    53.5, 55.8, 60.6, 63.6, 64.3), DF.index = c(1, 1, 1, 1, 1, 
    1, 1, 1, 1, 1, 1), DF.n.solutions = c(1, 1, 1, 1, 1, 1, 1, 
    1, 1, 1, 1), DF.generations = c(1, 1, 1, 1, 1, 1, 1, 1, 1, 
    1, 1), DF.n.evaluations = c(1, 1, 1, 1, 1, 1, 1, 1, 1, 1, 
    1), DF.cpu.time = c(3.211, 3.195, 3.008, 3.139, 3.158, 3.144, 
    3.242, 3.005, 3.147, 3.246, 3.05), SMBO.cost = c(7.67835635490012, 
    7.67835635490012, 7.67835635490012, 7.67835635490012, 7.67835635490012, 
    7.67835635490012, 7.67835635490012, 7.67835635490012, 7.67835635490012, 
    7.67835635490012, 7.67835635490012), SMBO.gamma = c(-5.00147392576155, 
    -5.00147392576155, -5.00147392576155, -5.00147392576155, 
    -5.00147392576155, -5.00147392576155, -5.00147392576155, 
    -5.00147392576155, -5.00147392576155, -5.00147392576155, 
    -5.00147392576155), SMBO.balanced.test.accuracy = c(0.921137685843568, 
    0.921137685843568, 0.921137685843568, 0.921137685843568, 
    0.921137685843568, 0.921137685843568, 0.921137685843568, 
    0.921137685843568, 0.921137685843568, 0.921137685843568, 
    0.921137685843568)), .Names = c("Sampling", "PSO.cost", "PSO.gamma", 
"PSO.data.balancing", "PSO.feature.selection", "PSO.valid.acc", 
"PSO.test.acc", "PSO.train.time", "PSO.n.support.vectors", "PSO.index", 
"PSO.n.solutions", "PSO.generations", "PSO.n.evaluations", "PSO.cpu.time", 
"RS.cost", "RS.gamma", "RS.data.balancing", "RS.feature.selection", 
"RS.valid.acc", "RS.test.acc", "RS.train.time", "RS.n.support.vectors", 
"RS.index", "RS.n.solutions", "RS.generations", "RS.n.evaluations", 
"RS.cpu.time", "DF.cost", "DF.gamma", "DF.data.balancing", "DF.feature.selection", 
"DF.valid.acc", "DF.test.acc", "DF.train.time", "DF.n.support.vectors", 
"DF.index", "DF.n.solutions", "DF.generations", "DF.n.evaluations", 
"DF.cpu.time", "SMBO.cost", "SMBO.gamma", "SMBO.balanced.test.accuracy"
), row.names = c(NA, -11L), class = "data.frame")
