new.sol <-
structure(list(Sampling = c(50, 55, 60, 65, 70, 75, 80, 85, 90, 
95, 100), PSO.cost = c(-1.17572, -0.13691, 5.12622, -1.16553, 
-0.21976, 1.37798, -2, 6.80335, -1.41741, 3.47366, 1.02251), 
    PSO.gamma = c(-6.41346, -8.4455, -14.47167, -7.00942, -7.14131, 
    -3.959, -6.57793, -4.27741, -8.42744, -14.20217, -3.14631
    ), PSO.data.balancing = c(0, 0, 0, 0, 0, 0, 0, 0, 0, 0, 0
    ), PSO.feature.selection = c(0, 0, 0, 0, 0, 0, 0, 0, 0, 0, 
    0), PSO.valid.acc = c(0.92, 0.93476, 0.90952, 0.89286, 0.90179, 
    0.89286, 0.8881, 0.89028, 0.90417, 0.90556, 0.91071), PSO.test.acc = c(0.9, 
    0.8981, 0.89524, 0.87857, 0.87321, 0.88036, 0.8631, 0.89028, 
    0.88056, 0.89556, 0.89071), PSO.train.time = c(0.0295, 0.028, 
    0.03, 0.0295, 0.0305, 0.0328, 0.0315, 0.0335, 0.0345, 0.034, 
    0.0353), PSO.n.support.vectors = c(34.7, 33.4, 38.6, 41.8, 
    38.1, 60, 57.3, 67.2, 63.1, 70.9, 80), PSO.index = c(14, 
    4, 290, 89, 5, 181, 96, 10, 48, 87, 2220), PSO.n.solutions = c(228, 
    410, 132, 421, 291, 326, 900, 736, 522, 258, 2), PSO.generations = c(100, 
    100, 100, 100, 100, 100, 100, 100, 100, 100, 100), PSO.n.evaluations = c(2500, 
    2500, 2500, 2500, 2500, 2500, 2500, 2500, 2500, 2500, 2500
    ), PSO.cpu.time = c(7798.799, 7710.321, 7549.118, 7872.055, 
    7863.46199999999, 7844.67, 7533.484, 7575.67000000001, 7860.26000000001, 
    7849.658, 7827.86900000001), RS.cost = c(-0.8379, 5.61867, 
    5.19256, -0.47577, -0.37544, 8.67137, -1.93848, 1.08285, 
    4.21947, 1.5118, 12.79975), RS.gamma = c(-5.35236, -12.895, 
    -14.60397, -8.23831, -6.38541, -3.94585, -5.60968, -4.00661, 
    -14.48421, -12.38832, -3.1476), RS.data.balancing = c(0, 
    0, 0, 0, 0, 0, 0, 0, 0, 0, 0), RS.feature.selection = c(0, 
    0, 0, 0, 0, 0, 0, 0, 0, 0, 0), RS.valid.acc = c(0.92, 0.93476, 
    0.90952, 0.89286, 0.90179, 0.89286, 0.8881, 0.89028, 0.90417, 
    0.90556, 0.91071), RS.test.acc = c(0.9, 0.88381, 0.89524, 
    0.87857, 0.87321, 0.88036, 0.8631, 0.89028, 0.88056, 0.89556, 
    0.89071), RS.train.time = c(0.0265, 0.0289, 0.0302, 0.0304, 
    0.0314, 0.0326, 0.032, 0.0332, 0.0339, 0.0344, 0.0352), RS.n.support.vectors = c(38.2, 
    25.5, 38.9, 40.5, 41.9, 60, 61, 67.9, 62.1, 72.7, 80), RS.index = c(6, 
    7, 508, 196, 179, 26, 419, 6, 14, 94, 2257), RS.n.solutions = c(54, 
    47, 10, 59, 47, 9, 5, 165, 37, 26, 1), RS.generations = c(100, 
    100, 100, 100, 100, 100, 100, 100, 100, 100, 100), RS.n.evaluations = c(2500, 
    2500, 2500, 2500, 2500, 2500, 2500, 2500, 2500, 2500, 2500
    ), RS.cpu.time = c(7745.887, 7555.612, 7488.922, 7710.566, 
    7824.755, 7638.151, 7554.99200000001, 7804.58200000001, 7820.90900000001, 
    7802.94500000001, 7831.57200000001), DF.cost = c(1, 1, 1, 
    1, 1, 1, 1, 1, 1, 1, 1), DF.gamma = c(0.02, 0.02, 0.02, 0.02, 
    0.02, 0.02, 0.02, 0.02, 0.02, 0.02, 0.02), DF.data.balancing = c(0, 
    0, 0, 0, 0, 0, 0, 0, 0, 0, 0), DF.feature.selection = c(0, 
    0, 0, 0, 0, 0, 0, 0, 0, 0, 0), DF.valid.acc = c(0.88, 0.90381, 
    0.88714, 0.84524, 0.8875, 0.84107, 0.86448, 0.86528, 0.88056, 
    0.88333, 0.89162), DF.test.acc = c(0.92, 0.90381, 0.90381, 
    0.84524, 0.87321, 0.86786, 0.8756, 0.87778, 0.89056, 0.89444, 
    0.88162), DF.train.time = c(0.0267, 0.0299, 0.0299, 0.0313, 
    0.0315, 0.0309, 0.0318, 0.0328, 0.0361, 0.0386, 0.0338), 
    DF.n.support.vectors = c(35.5, 39.2, 42.5, 44.8, 47, 51.4, 
    53.8, 57.4, 59.6, 62.4, 63.3), DF.index = c(1, 1, 1, 1, 1, 
    1, 1, 1, 1, 1, 1), DF.n.solutions = c(1, 1, 1, 1, 1, 1, 1, 
    1, 1, 1, 1), DF.generations = c(1, 1, 1, 1, 1, 1, 1, 1, 1, 
    1, 1), DF.n.evaluations = c(1, 1, 1, 1, 1, 1, 1, 1, 1, 1, 
    1), DF.cpu.time = c(2.982, 2.995, 3.046, 3.085, 3.095, 3.05, 
    3.015, 3.115, 3.156, 3.092, 3.123), SMBO.cost = c(2.3332171177736, 
    2.3332171177736, 2.3332171177736, 2.3332171177736, 2.3332171177736, 
    2.3332171177736, 2.3332171177736, 2.3332171177736, 2.3332171177736, 
    2.3332171177736, 2.3332171177736), SMBO.gamma = c(-3.95770868187124, 
    -3.95770868187124, -3.95770868187124, -3.95770868187124, 
    -3.95770868187124, -3.95770868187124, -3.95770868187124, 
    -3.95770868187124, -3.95770868187124, -3.95770868187124, 
    -3.95770868187124), SMBO.balanced.test.accuracy = c(0.917326546003017, 
    0.917326546003017, 0.917326546003017, 0.917326546003017, 
    0.917326546003017, 0.917326546003017, 0.917326546003017, 
    0.917326546003017, 0.917326546003017, 0.917326546003017, 
    0.917326546003017)), .Names = c("Sampling", "PSO.cost", "PSO.gamma", 
"PSO.data.balancing", "PSO.feature.selection", "PSO.valid.acc", 
"PSO.test.acc", "PSO.train.time", "PSO.n.support.vectors", "PSO.index", 
"PSO.n.solutions", "PSO.generations", "PSO.n.evaluations", "PSO.cpu.time", 
"RS.cost", "RS.gamma", "RS.data.balancing", "RS.feature.selection", 
"RS.valid.acc", "RS.test.acc", "RS.train.time", "RS.n.support.vectors", 
"RS.index", "RS.n.solutions", "RS.generations", "RS.n.evaluations", 
"RS.cpu.time", "DF.cost", "DF.gamma", "DF.data.balancing", "DF.feature.selection", 
"DF.valid.acc", "DF.test.acc", "DF.train.time", "DF.n.support.vectors", 
"DF.index", "DF.n.solutions", "DF.generations", "DF.n.evaluations", 
"DF.cpu.time", "SMBO.cost", "SMBO.gamma", "SMBO.balanced.test.accuracy"
), row.names = c(NA, -11L), class = "data.frame")
