new.sol <-
structure(list(Sampling = c(50, 55, 60, 65, 70, 75, 80, 85, 90, 
95, 100), PSO.cost = c(1, 11.82117, 1.31587, 1, 13.63863, 0.26387, 
1.43899, 1.81622, 9.575, 5.0114, 2.44867), PSO.gamma = c(0.25, 
-11.5202, -4.98333, 0.25, -13.48185, -3.42286, -4.26549, -6.12324, 
-12.47328, -9.29798, -5.13609), PSO.data.balancing = c(0, 0, 
0, 0, 0, 0, 0, 0, 0, 0, 0), PSO.feature.selection = c(0, 0, 0, 
0, 0, 0, 0, 0, 0, 0, 0), PSO.valid.acc = c(0.97143, 0.98889, 
0.99, 0.98889, 0.99, 0.97182, 0.98333, 0.97628, 0.97628, 0.9719, 
0.97238), PSO.test.acc = c(0.95714, 0.9746, 0.98, 0.96889, 0.98091, 
0.96348, 0.98333, 0.95962, 0.9609, 0.9581, 0.96571), PSO.train.time = c(0.0096, 
0.0084, 0.009, 0.0093, 0.0084, 0.0091, 0.0094, 0.0093, 0.0096, 
0.0102, 0.0095), PSO.n.support.vectors = c(29.9, 13.5, 36.2, 
35.3, 15.5, 40.3, 37.4, 50.4, 36.6, 53.4, 40.6), PSO.index = c(1, 
117, 27, 1, 9, 483, 6, 1288, 30, 59, 15), PSO.n.solutions = c(1133, 
35, 345, 825, 828, 117, 74, 15, 471, 200, 276), PSO.generations = c(100, 
100, 100, 100, 100, 100, 100, 100, 100, 100, 100), PSO.n.evaluations = c(2500, 
2500, 2500, 2500, 2500, 2500, 2500, 2500, 2500, 2500, 2500), 
    PSO.cpu.time = c(6453.971, 6554.222, 6530.184, 6485.871, 
    6413.88, 6418.676, 6395.466, 6460.28, 6436.34899999999, 6501.99100000001, 
    6482.11599999999), RS.cost = c(9.78401, 10.26026, 1.45625, 
    4.90771, 12.24765, 0.83877, -0.41825, 2.64945, 10.40448, 
    8.55267, 14.79228), RS.gamma = c(-8.79586, -9.94566, -5.09787, 
    -4.9419, -12.71488, -4.12307, -2.17982, -7.0013, -14.56256, 
    -12.67862, -11.67943), RS.data.balancing = c(0, 0, 0, 0, 
    0, 0, 0, 0, 0, 0, 0), RS.feature.selection = c(0, 0, 0, 0, 
    0, 0, 0, 0, 0, 0, 0), RS.valid.acc = c(0.97143, 0.98889, 
    0.99, 0.98889, 0.99, 0.97182, 0.98333, 0.97628, 0.97628, 
    0.9719, 0.97238), RS.test.acc = c(0.97143, 0.9746, 0.98, 
    0.97889, 0.98091, 0.95348, 0.98333, 0.95962, 0.97628, 0.95643, 
    0.9519), RS.train.time = c(0.0086, 0.0082, 0.0091, 0.0088, 
    0.0089, 0.0093, 0.0095, 0.0098, 0.0103, 0.0106, 0.0092), 
    RS.n.support.vectors = c(12.2, 13.5, 35.7, 16.6, 17.7, 40.3, 
    42.3, 50.5, 50.5, 51.4, 14.9), RS.index = c(1, 1150, 31, 
    4, 2, 1668, 83, 778, 85, 40, 41), RS.n.solutions = c(680, 
    2, 83, 388, 226, 3, 26, 1, 121, 32, 33), RS.generations = c(100, 
    100, 100, 100, 100, 100, 100, 100, 100, 100, 100), RS.n.evaluations = c(2500, 
    2500, 2500, 2500, 2500, 2500, 2500, 2500, 2500, 2500, 2500
    ), RS.cpu.time = c(6564.31, 6548.885, 6496.756, 6423.377, 
    6404.994, 6401.33200000001, 6446.868, 6438.92200000001, 6468.03200000001, 
    6512.598, 6509.96299999999), DF.cost = c(1, 1, 1, 1, 1, 1, 
    1, 1, 1, 1, 1), DF.gamma = c(0.25, 0.25, 0.25, 0.25, 0.25, 
    0.25, 0.25, 0.25, 0.25, 0.25, 0.25), DF.data.balancing = c(0, 
    0, 0, 0, 0, 0, 0, 0, 0, 0, 0), DF.feature.selection = c(0, 
    0, 0, 0, 0, 0, 0, 0, 0, 0, 0), DF.valid.acc = c(0.97143, 
    0.9746, 0.9775, 0.98889, 0.98091, 0.96273, 0.96591, 0.9609, 
    0.9609, 0.94929, 0.96571), DF.test.acc = c(0.95714, 0.9746, 
    0.96639, 0.96889, 0.98091, 0.97182, 0.96591, 0.97628, 0.9609, 
    0.95643, 0.95905), DF.train.time = c(0.0084, 0.0089, 0.0092, 
    0.0093, 0.009, 0.0093, 0.01, 0.0096, 0.0094, 0.0094, 0.011
    ), DF.n.support.vectors = c(29.9, 30.7, 33.5, 35.3, 36.7, 
    38.3, 39.3, 39.3, 42.8, 43.2, 46.1), DF.index = c(1, 1, 1, 
    1, 1, 1, 1, 1, 1, 1, 1), DF.n.solutions = c(1, 1, 1, 1, 1, 
    1, 1, 1, 1, 1, 1), DF.generations = c(1, 1, 1, 1, 1, 1, 1, 
    1, 1, 1, 1), DF.n.evaluations = c(1, 1, 1, 1, 1, 1, 1, 1, 
    1, 1, 1), DF.cpu.time = c(2.598, 2.602, 2.601, 2.578, 2.59, 
    2.518, 2.57, 2.581, 2.566, 2.533, 2.626), SMBO.cost = c(5.66027761218906, 
    5.66027761218906, 5.66027761218906, 5.66027761218906, 5.66027761218906, 
    5.66027761218906, 5.66027761218906, 5.66027761218906, 5.66027761218906, 
    5.66027761218906, 5.66027761218906), SMBO.gamma = c(-7.47736701397458, 
    -7.47736701397458, -7.47736701397458, -7.47736701397458, 
    -7.47736701397458, -7.47736701397458, -7.47736701397458, 
    -7.47736701397458, -7.47736701397458, -7.47736701397458, 
    -7.47736701397458), SMBO.balanced.test.accuracy = c(0.984045584045584, 
    0.984045584045584, 0.984045584045584, 0.984045584045584, 
    0.984045584045584, 0.984045584045584, 0.984045584045584, 
    0.984045584045584, 0.984045584045584, 0.984045584045584, 
    0.984045584045584)), .Names = c("Sampling", "PSO.cost", "PSO.gamma", 
"PSO.data.balancing", "PSO.feature.selection", "PSO.valid.acc", 
"PSO.test.acc", "PSO.train.time", "PSO.n.support.vectors", "PSO.index", 
"PSO.n.solutions", "PSO.generations", "PSO.n.evaluations", "PSO.cpu.time", 
"RS.cost", "RS.gamma", "RS.data.balancing", "RS.feature.selection", 
"RS.valid.acc", "RS.test.acc", "RS.train.time", "RS.n.support.vectors", 
"RS.index", "RS.n.solutions", "RS.generations", "RS.n.evaluations", 
"RS.cpu.time", "DF.cost", "DF.gamma", "DF.data.balancing", "DF.feature.selection", 
"DF.valid.acc", "DF.test.acc", "DF.train.time", "DF.n.support.vectors", 
"DF.index", "DF.n.solutions", "DF.generations", "DF.n.evaluations", 
"DF.cpu.time", "SMBO.cost", "SMBO.gamma", "SMBO.balanced.test.accuracy"
), row.names = c(NA, -11L), class = "data.frame")
