new.sol <-
structure(list(Sampling = c(50, 55, 60, 65, 70, 75, 80, 85, 90, 
95, 100), PSO.cost = c(9.6679, 11.06809, 1, 1.49939, 1, 5.26287, 
11.08523, 7.60174, 3.95268, 10.52502, 0.96597), PSO.gamma = c(-8.82185, 
-15, 0.25, -2.61874, 0.25, -5.76741, -15, -9.19091, -5.33441, 
-12.13651, -2.45991), PSO.data.balancing = c(0, 0, 0, 0, 0, 0, 
0, 0, 0, 0, 0), PSO.feature.selection = c(0, 0, 0, 0, 0, 0, 0, 
0, 0, 0, 0), PSO.valid.acc = c(0.97143, 0.95139, 0.96639, 0.97889, 
0.98056, 0.98056, 0.96591, 0.98397, 0.98571, 0.98516, 0.97333
), PSO.test.acc = c(0.97143, 0.93849, 0.94278, 0.97889, 0.97222, 
0.96237, 0.94773, 0.9685, 0.97738, 0.97802, 0.96), PSO.train.time = c(0.0076, 
0.008, 0.0086, 0.0088, 0.0091, 0.009, 0.0087, 0.0092, 0.0094, 
0.0086, 0.0099), PSO.n.support.vectors = c(13.9, 36.1, 35.7, 
27.9, 37.2, 19.5, 44.4, 26.2, 26.7, 27.6, 37.5), PSO.index = c(72, 
2427, 1, 35, 1, 57, 60, 181, 1959, 19, 1726), PSO.n.solutions = c(281, 
1, 25, 615, 39, 204, 166, 77, 1, 455, 33), PSO.generations = c(100, 
100, 100, 100, 100, 100, 100, 100, 100, 100, 100), PSO.n.evaluations = c(2500, 
2500, 2500, 2500, 2500, 2500, 2500, 2500, 2500, 2500, 2500), 
    PSO.cpu.time = c(6059.707, 6094.171, 6083.537, 6080.103, 
    6073.192, 6122.939, 6077.557, 6067.375, 6022.961, 5915.174, 
    5857.58499999999), RS.cost = c(11.34278, 9.79519, 0.25058, 
    1.63766, -0.20304, 9.09342, 4.61433, 8.08476, 4.18082, 6.33351, 
    14.53643), RS.gamma = c(-10.65435, -13.71737, -1.97531, -3.40382, 
    -1.56646, -9.25124, -8.14721, -9.72551, -5.5187, -7.89514, 
    -7.47534), RS.data.balancing = c(0, 0, 0, 0, 0, 0, 0, 0, 
    0, 0, 0), RS.feature.selection = c(0, 0, 0, 0, 0, 0, 0, 0, 
    0, 0, 0), RS.valid.acc = c(0.97143, 0.95139, 0.96639, 0.97889, 
    0.98056, 0.98056, 0.96591, 0.98397, 0.98571, 0.98516, 0.97333
    ), RS.test.acc = c(0.97143, 0.93849, 0.9775, 0.97889, 0.97222, 
    0.95328, 0.93864, 0.9685, 0.97738, 0.97802, 0.95286), RS.train.time = c(0.0083, 
    0.0083, 0.0081, 0.0084, 0.0091, 0.008, 0.0087, 0.0091, 0.0084, 
    0.0088, 0.0092), RS.n.support.vectors = c(14.1, 36.2, 34.5, 
    27.7, 38.8, 17.8, 40.3, 26.4, 26.2, 27.3, 12.8), RS.index = c(8, 
    1078, 448, 87, 1150, 178, 252, 412, 654, 22, 29), RS.n.solutions = c(41, 
    1, 5, 16, 1, 33, 14, 12, 2, 66, 2), RS.generations = c(100, 
    100, 100, 100, 100, 100, 100, 100, 100, 100, 100), RS.n.evaluations = c(2500, 
    2500, 2500, 2500, 2500, 2500, 2500, 2500, 2500, 2500, 2500
    ), RS.cpu.time = c(6030.403, 6049.892, 6117.07, 6101.427, 
    6063.439, 6070.78, 5990.689, 6071.35299999999, 6093.125, 
    5894.883, 7591.18699999999), DF.cost = c(1, 1, 1, 1, 1, 1, 
    1, 1, 1, 1, 1), DF.gamma = c(0.25, 0.25, 0.25, 0.25, 0.25, 
    0.25, 0.25, 0.25, 0.25, 0.25, 0.25), DF.data.balancing = c(0, 
    0, 0, 0, 0, 0, 0, 0, 0, 0, 0), DF.feature.selection = c(0, 
    0, 0, 0, 0, 0, 0, 0, 0, 0, 0), DF.valid.acc = c(0.91925, 
    0.95, 0.96639, 0.96778, 0.98056, 0.97071, 0.95606, 0.96795, 
    0.9619, 0.96421, 0.96667), DF.test.acc = c(0.93036, 0.92599, 
    0.94278, 0.97889, 0.97222, 0.96162, 0.9553, 0.94414, 0.96071, 
    0.96421, 0.96), DF.train.time = c(0.0087, 0.0081, 0.0086, 
    0.009, 0.008, 0.0087, 0.0088, 0.0099, 0.0084, 0.0096, 0.0117
    ), DF.n.support.vectors = c(30.5, 33.9, 35.7, 36.4, 37.2, 
    36.6, 39.3, 40.8, 41.4, 43.1, 45.2), DF.index = c(1, 1, 1, 
    1, 1, 1, 1, 1, 1, 1, 1), DF.n.solutions = c(1, 1, 1, 1, 1, 
    1, 1, 1, 1, 1, 1), DF.generations = c(1, 1, 1, 1, 1, 1, 1, 
    1, 1, 1, 1), DF.n.evaluations = c(1, 1, 1, 1, 1, 1, 1, 1, 
    1, 1, 1), DF.cpu.time = c(2.433, 2.345, 2.39, 2.464, 2.297, 
    2.309, 2.291, 2.458, 2.298, 2.354, 3.198), SMBO.cost = c(9.94590205037474, 
    9.94590205037474, 9.94590205037474, 9.94590205037474, 9.94590205037474, 
    9.94590205037474, 9.94590205037474, 9.94590205037474, 9.94590205037474, 
    9.94590205037474, 9.94590205037474), SMBO.gamma = c(-6.82371721006766, 
    -6.82371721006766, -6.82371721006766, -6.82371721006766, 
    -6.82371721006766, -6.82371721006766, -6.82371721006766, 
    -6.82371721006766, -6.82371721006766, -6.82371721006766, 
    -6.82371721006766), SMBO.balanced.test.accuracy = c(0.985185185185185, 
    0.985185185185185, 0.985185185185185, 0.985185185185185, 
    0.985185185185185, 0.985185185185185, 0.985185185185185, 
    0.985185185185185, 0.985185185185185, 0.985185185185185, 
    0.985185185185185)), .Names = c("Sampling", "PSO.cost", "PSO.gamma", 
"PSO.data.balancing", "PSO.feature.selection", "PSO.valid.acc", 
"PSO.test.acc", "PSO.train.time", "PSO.n.support.vectors", "PSO.index", 
"PSO.n.solutions", "PSO.generations", "PSO.n.evaluations", "PSO.cpu.time", 
"RS.cost", "RS.gamma", "RS.data.balancing", "RS.feature.selection", 
"RS.valid.acc", "RS.test.acc", "RS.train.time", "RS.n.support.vectors", 
"RS.index", "RS.n.solutions", "RS.generations", "RS.n.evaluations", 
"RS.cpu.time", "DF.cost", "DF.gamma", "DF.data.balancing", "DF.feature.selection", 
"DF.valid.acc", "DF.test.acc", "DF.train.time", "DF.n.support.vectors", 
"DF.index", "DF.n.solutions", "DF.generations", "DF.n.evaluations", 
"DF.cpu.time", "SMBO.cost", "SMBO.gamma", "SMBO.balanced.test.accuracy"
), row.names = c(NA, -11L), class = "data.frame")
