new.sol <-
structure(list(Sampling = c(50, 55, 60, 65, 70, 75, 80, 85, 90, 
95, 100), PSO.cost = c(10.53992, 14.47161, 6.7175, 13.16755, 
14.35532, 1, 10.76222, 5.74493, 1.87282, 3.7727, 13.22427), PSO.gamma = c(-10.85369, 
-14.4282, -5.20054, -13.61886, -12.73233, 0.25, -9.35024, -3.22278, 
-2.08207, -3.89066, -15), PSO.data.balancing = c(0, 0, 0, 0, 
0, 0, 0, 0, 0, 0, 0), PSO.feature.selection = c(0, 0, 0, 0, 0, 
0, 0, 0, 0, 0, 0), PSO.valid.acc = c(0.96032, 0.9875, 0.9875, 
0.96889, 0.97889, 0.96364, 0.96667, 0.96026, 0.97683, 0.99231, 
0.97952), PSO.test.acc = c(0.95476, 0.9625, 0.97639, 0.97, 0.96778, 
0.95455, 0.95833, 0.95192, 0.95375, 0.97747, 0.97952), PSO.train.time = c(0.0084, 
0.0087, 0.0086, 0.0088, 0.0087, 0.009, 0.0087, 0.0092, 0.0092, 
0.0091, 0.0095), PSO.n.support.vectors = c(16.9, 15.1, 14.6, 
18.1, 13.8, 38, 15.4, 21.4, 33.5, 25.7, 30), PSO.index = c(159, 
14, 356, 21, 27, 1, 70, 8, 78, 364, 77), PSO.n.solutions = c(161, 
1014, 53, 492, 771, 201, 372, 218, 155, 350, 267), PSO.generations = c(100, 
100, 100, 100, 100, 100, 100, 100, 100, 100, 100), PSO.n.evaluations = c(2500, 
2500, 2500, 2500, 2500, 2500, 2500, 2500, 2500, 2500, 2500), 
    PSO.cpu.time = c(6479.028, 6478.573, 6413.621, 6348.115, 
    6327.555, 6329.72200000001, 6299.501, 6335.736, 6320.026, 
    6378.24000000001, 6350.85799999999), RS.cost = c(10.58353, 
    11.27578, 7.51908, 7.79957, 14.01929, 13.81949, 7.16083, 
    9.46443, 2.82119, 2.15541, 13.14161), RS.gamma = c(-10.84738, 
    -11.42236, -6.0679, -8.0304, -11.77239, -9.55188, -6.29052, 
    -6.14658, -2.91896, -2.4837, -14.68035), RS.data.balancing = c(0, 
    0, 0, 0, 0, 0, 0, 0, 0, 0, 0), RS.feature.selection = c(0, 
    0, 0, 0, 0, 0, 0, 0, 0, 0, 0), RS.valid.acc = c(0.96032, 
    0.9875, 0.9875, 0.96889, 0.97889, 0.96364, 0.96667, 0.95962, 
    0.97683, 0.98516, 0.97952), RS.test.acc = c(0.95476, 0.9625, 
    0.97639, 0.97, 0.97889, 0.93712, 0.94924, 0.95192, 0.96914, 
    0.97033, 0.97238), RS.train.time = c(0.0081, 0.0086, 0.0084, 
    0.0087, 0.0089, 0.0089, 0.0089, 0.0088, 0.0099, 0.0099, 0.0094
    ), RS.n.support.vectors = c(16.9, 15.7, 14.1, 17.6, 13.1, 
    12.1, 17.5, 14.6, 29, 31.8, 28.6), RS.index = c(774, 4, 863, 
    35, 48, 17, 65, 5, 870, 101, 119), RS.n.solutions = c(8, 
    107, 1, 75, 52, 66, 53, 160, 11, 8, 45), RS.generations = c(100, 
    100, 100, 100, 100, 100, 100, 100, 100, 100, 100), RS.n.evaluations = c(2500, 
    2500, 2500, 2500, 2500, 2500, 2500, 2500, 2500, 2500, 2500
    ), RS.cpu.time = c(6491.485, 6480.413, 6427.427, 6362.881, 
    6357.742, 6266.257, 6340.367, 6320.833, 6341.18999999999, 
    6361.79399999999, 6349.83900000001), DF.cost = c(1, 1, 1, 
    1, 1, 1, 1, 1, 1, 1, 1), DF.gamma = c(0.25, 0.25, 0.25, 0.25, 
    0.25, 0.25, 0.25, 0.25, 0.25, 0.25, 0.25), DF.data.balancing = c(0, 
    0, 0, 0, 0, 0, 0, 0, 0, 0, 0), DF.feature.selection = c(0, 
    0, 0, 0, 0, 0, 0, 0, 0, 0, 0), DF.valid.acc = c(0.91448, 
    0.9375, 0.94028, 0.94889, 0.94162, 0.96364, 0.94758, 0.95962, 
    0.94542, 0.96319, 0.96571), DF.test.acc = c(0.93115, 0.9375, 
    0.95139, 0.94889, 0.94162, 0.95455, 0.94758, 0.95962, 0.9609, 
    0.97088, 0.95905), DF.train.time = c(0.0089, 0.009, 0.0091, 
    0.0088, 0.0092, 0.0094, 0.0094, 0.0098, 0.0104, 0.01, 0.0102
    ), DF.n.support.vectors = c(31.7, 34.3, 35.9, 36.4, 37.5, 
    38, 40.9, 42.4, 43.6, 43.6, 44.9), DF.index = c(1, 1, 1, 
    1, 1, 1, 1, 1, 1, 1, 1), DF.n.solutions = c(1, 1, 1, 1, 1, 
    1, 1, 1, 1, 1, 1), DF.generations = c(1, 1, 1, 1, 1, 1, 1, 
    1, 1, 1, 1), DF.n.evaluations = c(1, 1, 1, 1, 1, 1, 1, 1, 
    1, 1, 1), DF.cpu.time = c(2.631, 2.554, 2.532, 2.555, 2.557, 
    2.488, 2.537, 2.482, 2.649, 2.473, 2.577), SMBO.cost = c(10.2273048178898, 
    10.2273048178898, 10.2273048178898, 10.2273048178898, 10.2273048178898, 
    10.2273048178898, 10.2273048178898, 10.2273048178898, 10.2273048178898, 
    10.2273048178898, 10.2273048178898), SMBO.gamma = c(-11.7077065643786, 
    -11.7077065643786, -11.7077065643786, -11.7077065643786, 
    -11.7077065643786, -11.7077065643786, -11.7077065643786, 
    -11.7077065643786, -11.7077065643786, -11.7077065643786, 
    -11.7077065643786), SMBO.balanced.test.accuracy = c(0.984051036682616, 
    0.984051036682616, 0.984051036682616, 0.984051036682616, 
    0.984051036682616, 0.984051036682616, 0.984051036682616, 
    0.984051036682616, 0.984051036682616, 0.984051036682616, 
    0.984051036682616)), .Names = c("Sampling", "PSO.cost", "PSO.gamma", 
"PSO.data.balancing", "PSO.feature.selection", "PSO.valid.acc", 
"PSO.test.acc", "PSO.train.time", "PSO.n.support.vectors", "PSO.index", 
"PSO.n.solutions", "PSO.generations", "PSO.n.evaluations", "PSO.cpu.time", 
"RS.cost", "RS.gamma", "RS.data.balancing", "RS.feature.selection", 
"RS.valid.acc", "RS.test.acc", "RS.train.time", "RS.n.support.vectors", 
"RS.index", "RS.n.solutions", "RS.generations", "RS.n.evaluations", 
"RS.cpu.time", "DF.cost", "DF.gamma", "DF.data.balancing", "DF.feature.selection", 
"DF.valid.acc", "DF.test.acc", "DF.train.time", "DF.n.support.vectors", 
"DF.index", "DF.n.solutions", "DF.generations", "DF.n.evaluations", 
"DF.cpu.time", "SMBO.cost", "SMBO.gamma", "SMBO.balanced.test.accuracy"
), row.names = c(NA, -11L), class = "data.frame")
