new.sol <-
structure(list(Sampling = c(50, 55, 60, 65, 70, 75, 80, 85, 90, 
95, 100), PSO.cost = c(0.53742, 9.51451, 6.06378, 4.52314, 7.44228, 
13.01327, 10.59241, 8.68718, 10.27134, 13.5951, 12.51039), PSO.gamma = c(-3.48584, 
-11.36309, -7.42572, -7.1956, -8.56949, -13.85059, -15, -12.60932, 
-14.48948, -8.20677, -8.97254), PSO.data.balancing = c(0, 0, 
0, 0, 0, 0, 0, 0, 0, 0, 0), PSO.feature.selection = c(0, 0, 0, 
0, 0, 0, 0, 0, 0, 0, 0), PSO.valid.acc = c(0.975, 0.97639, 0.96667, 
0.96778, 0.97091, 0.97182, 0.97424, 0.97628, 0.97897, 0.97683, 
0.97238), PSO.test.acc = c(0.96071, 0.96528, 0.96667, 0.95667, 
0.97091, 0.97182, 0.97424, 0.96026, 0.97897, 0.96302, 0.95905
), PSO.train.time = c(0.0088, 0.0093, 0.0096, 0.0098, 0.0094, 
0.0097, 0.0102, 0.0098, 0.0105, 0.0101, 0.0103), PSO.n.support.vectors = c(33.1, 
22.8, 22.5, 31.7, 22.9, 22, 51, 48.1, 51.5, 13.2, 15.2), PSO.index = c(919, 
160, 27, 14, 39, 4, 130, 65, 11, 77, 25), PSO.n.solutions = c(59, 
42, 747, 324, 501, 579, 76, 203, 392, 725, 631), PSO.generations = c(100, 
100, 100, 100, 100, 100, 100, 100, 100, 100, 100), PSO.n.evaluations = c(2500, 
2500, 2500, 2500, 2500, 2500, 2500, 2500, 2500, 2500, 2500), 
    PSO.cpu.time = c(6543.948, 6727.944, 6725.14, 6574.24400000001, 
    6680.562, 6680.75300000001, 6478.67, 6435.09700000001, 6472.72900000001, 
    6839.007, 6831.77599999998), RS.cost = c(11.23608, 12.38266, 
    10.44374, 11.10207, 11.83533, 13.95565, 8.92891, 9.90158, 
    2.87979, 14.0382, 14.06054), RS.gamma = c(-12.75964, -14.26221, 
    -11.71149, -13.41382, -12.21297, -14.59706, -13.32012, -13.89523, 
    -6.59633, -8.30873, -11.24662), RS.data.balancing = c(0, 
    0, 0, 0, 0, 0, 0, 0, 0, 0, 0), RS.feature.selection = c(0, 
    0, 0, 0, 0, 0, 0, 0, 0, 0, 0), RS.valid.acc = c(0.96389, 
    0.97639, 0.96667, 0.96778, 0.97091, 0.97182, 0.97424, 0.97628, 
    0.97897, 0.97683, 0.97238), RS.test.acc = c(0.96389, 0.96528, 
    0.96667, 0.95667, 0.94162, 0.97182, 0.97424, 0.96026, 0.97897, 
    0.96302, 0.96524), RS.train.time = c(0.0081, 0.0095, 0.0095, 
    0.0094, 0.0098, 0.0101, 0.0106, 0.01, 0.0106, 0.0097, 0.0103
    ), RS.n.support.vectors = c(20.3, 23.1, 21.3, 28.9, 19.5, 
    21, 51, 48.5, 46.9, 13.3, 15.4), RS.index = c(47, 887, 20, 
    55, 31, 1, 1672, 99, 3, 401, 9), RS.n.solutions = c(88, 6, 
    166, 61, 75, 84, 2, 28, 108, 6, 144), RS.generations = c(100, 
    100, 100, 100, 100, 100, 100, 100, 100, 100, 100), RS.n.evaluations = c(2500, 
    2500, 2500, 2500, 2500, 2500, 2500, 2500, 2500, 2500, 2500
    ), RS.cpu.time = c(6666.113, 6685.629, 6617.534, 6592.102, 
    6677.244, 6695.461, 6478.651, 6351.262, 6484.177, 6849.96399999999, 
    7050.114), DF.cost = c(1, 1, 1, 1, 1, 1, 1, 1, 1, 1, 1), 
    DF.gamma = c(0.25, 0.25, 0.25, 0.25, 0.25, 0.25, 0.25, 0.25, 
    0.25, 0.25, 0.25), DF.data.balancing = c(0, 0, 0, 0, 0, 0, 
    0, 0, 0, 0, 0), DF.feature.selection = c(0, 0, 0, 0, 0, 0, 
    0, 0, 0, 0, 0), DF.valid.acc = c(0.9496, 0.95278, 0.94306, 
    0.94758, 0.9598, 0.95273, 0.95682, 0.96026, 0.97128, 0.95302, 
    0.96571), DF.test.acc = c(0.96071, 0.95278, 0.94306, 0.95667, 
    0.95071, 0.95273, 0.95682, 0.96026, 0.97128, 0.96016, 0.96571
    ), DF.train.time = c(0.0094, 0.0096, 0.0098, 0.0098, 0.0099, 
    0.0099, 0.0105, 0.0099, 0.0105, 0.0116, 0.0111), DF.n.support.vectors = c(33.1, 
    34.5, 37.5, 38, 39.6, 40.1, 40.5, 41.6, 42.1, 44.8, 45.9), 
    DF.index = c(1, 1, 1, 1, 1, 1, 1, 1, 1, 1, 1), DF.n.solutions = c(1, 
    1, 1, 1, 1, 1, 1, 1, 1, 1, 1), DF.generations = c(1, 1, 1, 
    1, 1, 1, 1, 1, 1, 1, 1), DF.n.evaluations = c(1, 1, 1, 1, 
    1, 1, 1, 1, 1, 1, 1), DF.cpu.time = c(2.743, 2.797, 2.72, 
    2.67, 2.693, 2.622, 2.631, 2.455, 2.612, 2.593, 2.842), SMBO.cost = c(11.5916740713032, 
    11.5916740713032, 11.5916740713032, 11.5916740713032, 11.5916740713032, 
    11.5916740713032, 11.5916740713032, 11.5916740713032, 11.5916740713032, 
    11.5916740713032, 11.5916740713032), SMBO.gamma = c(-11.8617213336433, 
    -11.8617213336433, -11.8617213336433, -11.8617213336433, 
    -11.8617213336433, -11.8617213336433, -11.8617213336433, 
    -11.8617213336433, -11.8617213336433, -11.8617213336433, 
    -11.8617213336433), SMBO.balanced.test.accuracy = c(0.984656084656085, 
    0.984656084656085, 0.984656084656085, 0.984656084656085, 
    0.984656084656085, 0.984656084656085, 0.984656084656085, 
    0.984656084656085, 0.984656084656085, 0.984656084656085, 
    0.984656084656085)), .Names = c("Sampling", "PSO.cost", "PSO.gamma", 
"PSO.data.balancing", "PSO.feature.selection", "PSO.valid.acc", 
"PSO.test.acc", "PSO.train.time", "PSO.n.support.vectors", "PSO.index", 
"PSO.n.solutions", "PSO.generations", "PSO.n.evaluations", "PSO.cpu.time", 
"RS.cost", "RS.gamma", "RS.data.balancing", "RS.feature.selection", 
"RS.valid.acc", "RS.test.acc", "RS.train.time", "RS.n.support.vectors", 
"RS.index", "RS.n.solutions", "RS.generations", "RS.n.evaluations", 
"RS.cpu.time", "DF.cost", "DF.gamma", "DF.data.balancing", "DF.feature.selection", 
"DF.valid.acc", "DF.test.acc", "DF.train.time", "DF.n.support.vectors", 
"DF.index", "DF.n.solutions", "DF.generations", "DF.n.evaluations", 
"DF.cpu.time", "SMBO.cost", "SMBO.gamma", "SMBO.balanced.test.accuracy"
), row.names = c(NA, -11L), class = "data.frame")
