new.sol <-
structure(list(Sampling = c(50, 55, 60, 65, 70, 75, 80, 85, 90, 
95, 100), PSO.cost = c(4.35758, 9.86354, 4.25126, 2.77118, 4.954, 
0.86545, 15, 9.61318, 0.93767, 15, 1.34225), PSO.gamma = c(-5.35138, 
-7.08799, -4.21017, -1.537, -2.77423, -2.65495, -8.58862, -11.00337, 
-3.56458, -9.06448, -3.62009), PSO.data.balancing = c(0, 0, 0, 
0, 0, 0, 0, 0, 0, 0, 0), PSO.feature.selection = c(0, 0, 0, 0, 
0, 0, 0, 0, 0, 0, 0), PSO.valid.acc = c(1, 1, 0.97778, 0.98889, 
1, 0.99167, 0.98182, 0.96795, 0.97747, 0.98516, 0.98), PSO.test.acc = c(1, 
0.97639, 0.98889, 0.97778, 0.98091, 0.98333, 0.97348, 0.95128, 
0.97033, 0.97088, 0.97286), PSO.train.time = c(0.008, 0.0084, 
0.008, 0.0093, 0.0089, 0.0089, 0.0089, 0.0089, 0.0097, 0.009, 
0.0095), PSO.n.support.vectors = c(16.5, 10.9, 17.9, 29, 19.7, 
31.2, 9.7, 24.7, 38.9, 11.2, 39.2), PSO.index = c(119, 17, 3, 
4, 63, 205, 51, 86, 85, 97, 68), PSO.n.solutions = c(218, 927, 
744, 617, 625, 682, 1108, 278, 188, 792, 144), PSO.generations = c(100, 
100, 100, 100, 100, 100, 100, 100, 100, 100, 100), PSO.n.evaluations = c(2500, 
2500, 2500, 2500, 2500, 2500, 2500, 2500, 2500, 2500, 2500), 
    PSO.cpu.time = c(5795.461, 5896.152, 5913.577, 5786.987, 
    6051.66899999999, 6026.762, 5988.034, 6041.44099999999, 5993.408, 
    6021.808, 6036.501), RS.cost = c(8.96188, 5.91437, 2.66904, 
    13.71998, 3.70598, 1.42661, 14.04993, 13.0072, 0.15716, 12.82615, 
    8.76288), RS.gamma = c(-9.90313, -3.08065, -2.96026, -14.20593, 
    -2.77671, -2.37064, -8.08938, -14.44558, -2.72542, -7.40632, 
    -12.44414), RS.data.balancing = c(0, 0, 0, 0, 0, 0, 0, 0, 
    0, 0, 0), RS.feature.selection = c(0, 0, 0, 0, 0, 0, 0, 0, 
    0, 0, 0), RS.valid.acc = c(1, 1, 0.97778, 0.98889, 1, 0.99167, 
    0.98182, 0.96795, 0.97747, 0.98516, 0.98), RS.test.acc = c(1, 
    0.97639, 0.97778, 0.96778, 0.99091, 0.98333, 0.97348, 0.95128, 
    0.96978, 0.97088, 0.95286), RS.train.time = c(0.0083, 0.0076, 
    0.0091, 0.0085, 0.0086, 0.009, 0.0085, 0.0093, 0.0097, 0.0091, 
    0.0098), RS.n.support.vectors = c(15.4, 16.7, 22.9, 17.2, 
    21.4, 29, 9.7, 24.8, 40.9, 12.2, 49.6), RS.index = c(93, 
    7, 4, 6, 20, 874, 434, 338, 108, 53, 215), RS.n.solutions = c(57, 
    175, 487, 242, 6, 5, 20, 23, 15, 23, 12), RS.generations = c(100, 
    100, 100, 100, 100, 100, 100, 100, 100, 100, 100), RS.n.evaluations = c(2500, 
    2500, 2500, 2500, 2500, 2500, 2500, 2500, 2500, 2500, 2500
    ), RS.cpu.time = c(5933.581, 5941.109, 5891.375, 5909.681, 
    6055.31200000001, 5992.714, 6043.268, 6022.697, 6033.06899999999, 
    6055.958, 6054.46899999998), DF.cost = c(1, 1, 1, 1, 1, 1, 
    1, 1, 1, 1, 1), DF.gamma = c(0.25, 0.25, 0.25, 0.25, 0.25, 
    0.25, 0.25, 0.25, 0.25, 0.25, 0.25), DF.data.balancing = c(0, 
    0, 0, 0, 0, 0, 0, 0, 0, 0, 0), DF.feature.selection = c(0, 
    0, 0, 0, 0, 0, 0, 0, 0, 0, 0), DF.valid.acc = c(0.94643, 
    0.94821, 0.95556, 0.95778, 0.97091, 0.98333, 0.96515, 0.94295, 
    0.96264, 0.97081, 0.95286), DF.test.acc = c(0.96071, 0.92599, 
    0.95556, 0.95778, 0.97091, 0.975, 0.97424, 0.94231, 0.97747, 
    0.96366, 0.96619), DF.train.time = c(0.0091, 0.0079, 0.0081, 
    0.0086, 0.0092, 0.0091, 0.0096, 0.0099, 0.0093, 0.0098, 0.0105
    ), DF.n.support.vectors = c(28.9, 31.3, 33.8, 34.6, 36, 36.7, 
    38.2, 40.3, 42.2, 42, 45.3), DF.index = c(1, 1, 1, 1, 1, 
    1, 1, 1, 1, 1, 1), DF.n.solutions = c(1, 1, 1, 1, 1, 1, 1, 
    1, 1, 1, 1), DF.generations = c(1, 1, 1, 1, 1, 1, 1, 1, 1, 
    1, 1), DF.n.evaluations = c(1, 1, 1, 1, 1, 1, 1, 1, 1, 1, 
    1), DF.cpu.time = c(2.52, 2.252, 2.249, 2.402, 2.454, 2.395, 
    2.474, 2.424, 2.432, 2.415, 2.383), SMBO.cost = c(13.9651113593, 
    13.9651113593, 13.9651113593, 13.9651113593, 13.9651113593, 
    13.9651113593, 13.9651113593, 13.9651113593, 13.9651113593, 
    13.9651113593, 13.9651113593), SMBO.gamma = c(-7.60812197259139, 
    -7.60812197259139, -7.60812197259139, -7.60812197259139, 
    -7.60812197259139, -7.60812197259139, -7.60812197259139, 
    -7.60812197259139, -7.60812197259139, -7.60812197259139, 
    -7.60812197259139), SMBO.balanced.test.accuracy = c(0.983040935672515, 
    0.983040935672515, 0.983040935672515, 0.983040935672515, 
    0.983040935672515, 0.983040935672515, 0.983040935672515, 
    0.983040935672515, 0.983040935672515, 0.983040935672515, 
    0.983040935672515)), .Names = c("Sampling", "PSO.cost", "PSO.gamma", 
"PSO.data.balancing", "PSO.feature.selection", "PSO.valid.acc", 
"PSO.test.acc", "PSO.train.time", "PSO.n.support.vectors", "PSO.index", 
"PSO.n.solutions", "PSO.generations", "PSO.n.evaluations", "PSO.cpu.time", 
"RS.cost", "RS.gamma", "RS.data.balancing", "RS.feature.selection", 
"RS.valid.acc", "RS.test.acc", "RS.train.time", "RS.n.support.vectors", 
"RS.index", "RS.n.solutions", "RS.generations", "RS.n.evaluations", 
"RS.cpu.time", "DF.cost", "DF.gamma", "DF.data.balancing", "DF.feature.selection", 
"DF.valid.acc", "DF.test.acc", "DF.train.time", "DF.n.support.vectors", 
"DF.index", "DF.n.solutions", "DF.generations", "DF.n.evaluations", 
"DF.cpu.time", "SMBO.cost", "SMBO.gamma", "SMBO.balanced.test.accuracy"
), row.names = c(NA, -11L), class = "data.frame")
