new.sol <-
structure(list(Sampling = c(50, 55, 60, 65, 70, 75, 80, 85, 90, 
95, 100), PSO.cost = c(3.50128, 4.22059, 15, 8.81641, 7.58936, 
2.45168, 1, 5.88348, 9.93549, 13.41104, 10.47465), PSO.gamma = c(-4.30619, 
-1.56317, -12.99013, -9.09603, -8.09429, -3.98879, 0.25, -10.49948, 
-14.27911, -10.3631, -12.2237), PSO.data.balancing = c(0, 0, 
0, 0, 0, 0, 0, 0, 0, 0, 0), PSO.feature.selection = c(0, 0, 0, 
0, 0, 0, 0, 0, 0, 0, 0), PSO.valid.acc = c(0.97143, 0.975, 0.93194, 
0.9598, 0.96162, 0.98182, 0.97413, 0.96655, 0.97564, 0.97905, 
0.96619), PSO.test.acc = c(0.93036, 0.9625, 0.93194, 0.92758, 
0.94162, 0.96364, 0.96503, 0.95822, 0.97564, 0.95707, 0.97286
), PSO.train.time = c(0.0093, 0.009, 0.0088, 0.0088, 0.0092, 
0.0092, 0.0095, 0.01, 0.0097, 0.0086, 0.0095), PSO.n.support.vectors = c(19.7, 
27, 13.5, 18.2, 19.8, 27.8, 40.8, 53.9, 53.6, 14.6, 29.8), PSO.index = c(170, 
115, 72, 121, 101, 395, 1, 52, 331, 405, 21), PSO.n.solutions = c(105, 
1142, 513, 201, 145, 100, 179, 97, 49, 45, 409), PSO.generations = c(100, 
100, 100, 100, 100, 100, 100, 100, 100, 100, 100), PSO.n.evaluations = c(2500, 
2500, 2500, 2500, 2500, 2500, 2500, 2500, 2500, 2500, 2500), 
    PSO.cpu.time = c(6423.708, 6321.495, 6655.245, 6580.229, 
    6410.081, 6373.209, 6248.61599999999, 6128.71400000001, 5966.136, 
    5910.11200000001, 6077.53), RS.cost = c(-0.01499, 6.45403, 
    0.34885, 9.83383, 11.27124, 3.62869, 1.74576, 6.47457, 1.46667, 
    3.96786, 12.87553), RS.gamma = c(-1.85196, -5.7003, -0.09184, 
    -9.92711, -12.0186, -5.2127, -3.18494, -11.17571, -2.88073, 
    -2.14075, -14.57158), RS.data.balancing = c(0, 0, 0, 0, 0, 
    0, 0, 0, 0, 0, 0), RS.feature.selection = c(0, 0, 0, 0, 0, 
    0, 0, 0, 0, 0, 0), RS.valid.acc = c(0.97321, 0.975, 0.94167, 
    0.9598, 0.96162, 0.97348, 0.97413, 0.96655, 0.97692, 0.97905, 
    0.96619), RS.test.acc = c(0.94643, 0.95, 0.93056, 0.93667, 
    0.94253, 0.94545, 0.95594, 0.95822, 0.97628, 0.95597, 0.97286
    ), RS.train.time = c(0.0082, 0.0089, 0.0097, 0.0088, 0.0088, 
    0.0092, 0.0089, 0.0093, 0.0097, 0.009, 0.0099), RS.n.support.vectors = c(32.8, 
    16.1, 42.2, 17.5, 20.6, 26.1, 29.8, 54.7, 34.8, 27.9, 29.6
    ), RS.index = c(832, 119, 708, 79, 163, 860, 42, 35, 2258, 
    200, 112), RS.n.solutions = c(1, 15, 4, 25, 22, 1, 67, 26, 
    1, 3, 53), RS.generations = c(100, 100, 100, 100, 100, 100, 
    100, 100, 100, 100, 100), RS.n.evaluations = c(2500, 2500, 
    2500, 2500, 2500, 2500, 2500, 2500, 2500, 2500, 2500), RS.cpu.time = c(6368.287, 
    6433.083, 6646.222, 6498.369, 6409.01, 6350.40700000001, 
    6124.06200000001, 6164.61199999999, 5903.67499999999, 5897.837, 
    6318.64199999999), DF.cost = c(1, 1, 1, 1, 1, 1, 1, 1, 1, 
    1, 1), DF.gamma = c(0.25, 0.25, 0.25, 0.25, 0.25, 0.25, 0.25, 
    0.25, 0.25, 0.25, 0.25), DF.data.balancing = c(0, 0, 0, 0, 
    0, 0, 0, 0, 0, 0, 0), DF.feature.selection = c(0, 0, 0, 0, 
    0, 0, 0, 0, 0, 0, 0), DF.valid.acc = c(0.95893, 0.95, 0.90694, 
    0.93778, 0.93253, 0.9453, 0.97413, 0.96591, 0.96026, 0.97081, 
    0.94524), DF.test.acc = c(0.94643, 0.975, 0.88194, 0.94667, 
    0.92343, 0.94455, 0.96503, 0.96591, 0.96026, 0.97081, 0.9519
    ), DF.train.time = c(0.0083, 0.0091, 0.0093, 0.009, 0.0092, 
    0.0097, 0.0093, 0.0092, 0.0094, 0.0091, 0.0102), DF.n.support.vectors = c(32.5, 
    33.8, 35.5, 35.8, 37.2, 40.1, 40.8, 40.9, 44, 43, 45.2), 
    DF.index = c(1, 1, 1, 1, 1, 1, 1, 1, 1, 1, 1), DF.n.solutions = c(1, 
    1, 1, 1, 1, 1, 1, 1, 1, 1, 1), DF.generations = c(1, 1, 1, 
    1, 1, 1, 1, 1, 1, 1, 1), DF.n.evaluations = c(1, 1, 1, 1, 
    1, 1, 1, 1, 1, 1, 1), DF.cpu.time = c(2.485, 2.636, 2.634, 
    2.555, 2.551, 2.523, 2.432, 2.451, 2.313, 2.313, 2.586), 
    SMBO.cost = c(9.47182600376838, 9.47182600376838, 9.47182600376838, 
    9.47182600376838, 9.47182600376838, 9.47182600376838, 9.47182600376838, 
    9.47182600376838, 9.47182600376838, 9.47182600376838, 9.47182600376838
    ), SMBO.gamma = c(-12.0151216429919, -12.0151216429919, -12.0151216429919, 
    -12.0151216429919, -12.0151216429919, -12.0151216429919, 
    -12.0151216429919, -12.0151216429919, -12.0151216429919, 
    -12.0151216429919, -12.0151216429919), SMBO.balanced.test.accuracy = c(0.993464052287582, 
    0.993464052287582, 0.993464052287582, 0.993464052287582, 
    0.993464052287582, 0.993464052287582, 0.993464052287582, 
    0.993464052287582, 0.993464052287582, 0.993464052287582, 
    0.993464052287582)), .Names = c("Sampling", "PSO.cost", "PSO.gamma", 
"PSO.data.balancing", "PSO.feature.selection", "PSO.valid.acc", 
"PSO.test.acc", "PSO.train.time", "PSO.n.support.vectors", "PSO.index", 
"PSO.n.solutions", "PSO.generations", "PSO.n.evaluations", "PSO.cpu.time", 
"RS.cost", "RS.gamma", "RS.data.balancing", "RS.feature.selection", 
"RS.valid.acc", "RS.test.acc", "RS.train.time", "RS.n.support.vectors", 
"RS.index", "RS.n.solutions", "RS.generations", "RS.n.evaluations", 
"RS.cpu.time", "DF.cost", "DF.gamma", "DF.data.balancing", "DF.feature.selection", 
"DF.valid.acc", "DF.test.acc", "DF.train.time", "DF.n.support.vectors", 
"DF.index", "DF.n.solutions", "DF.generations", "DF.n.evaluations", 
"DF.cpu.time", "SMBO.cost", "SMBO.gamma", "SMBO.balanced.test.accuracy"
), row.names = c(NA, -11L), class = "data.frame")
