new.sol <-
structure(list(Sampling = c(50, 55, 60, 65, 70, 75, 80, 85, 90, 
95, 100), PSO.cost = c(9.6139, 6.85848, 4.39028, 11.7358, 4.59493, 
3.71332, 14.42411, 0.63599, 7.36269, 2.43377, 1.82784), PSO.gamma = c(-12.30231, 
-8.13159, -3.85658, -10.15799, -4.66977, -2.69611, -14.98571, 
-2.52704, -5.38595, -3.878, -2.84409), PSO.data.balancing = c(0, 
0, 0, 0, 0, 0, 0, 0, 0, 0, 0), PSO.feature.selection = c(0, 0, 
0, 0, 0, 0, 0, 0, 0, 0, 0), PSO.valid.acc = c(1, 1, 0.9625, 0.97889, 
0.9698, 0.97273, 0.975, 0.975, 0.97747, 0.97795, 0.98), PSO.test.acc = c(0.98889, 
1, 0.9625, 0.9496, 0.9498, 0.95439, 0.98333, 0.96667, 0.96209, 
0.97795, 0.95952), PSO.train.time = c(0.0091, 0.009, 0.009, 0.0092, 
0.0089, 0.0097, 0.0093, 0.0101, 0.0095, 0.0101, 0.0104), PSO.n.support.vectors = c(26.2, 
19.6, 19, 13.7, 21.5, 26.1, 21.2, 37.5, 16.2, 33.2, 33.7), PSO.index = c(19, 
24, 89, 238, 11, 9, 3, 2007, 146, 573, 67), PSO.n.solutions = c(149, 
145, 390, 56, 383, 506, 894, 1, 536, 92, 152), PSO.generations = c(100, 
100, 100, 100, 100, 100, 100, 100, 100, 100, 100), PSO.n.evaluations = c(2500, 
2500, 2500, 2500, 2500, 2500, 2500, 2500, 2500, 2500, 2500), 
    PSO.cpu.time = c(6957.402, 6998.982, 7125.766, 6947.43399999999, 
    6999.233, 6774.552, 6702.71000000001, 6819.425, 6883.015, 
    6820.86100000002, 6993.367), RS.cost = c(2.0083, 1.43131, 
    1.05366, 14.61373, 5.27951, 4.57582, 9.28808, 0.68918, 7.74527, 
    11.91726, 1.23485), RS.gamma = c(-4.44968, -2.49258, -3.73185, 
    -13.05007, -5.27375, -4.07109, -10.64447, -2.55405, -5.35727, 
    -13.54543, -3.56514), RS.data.balancing = c(0, 0, 0, 0, 0, 
    0, 0, 0, 0, 0, 0), RS.feature.selection = c(0, 0, 0, 0, 0, 
    0, 0, 0, 0, 0, 0), RS.valid.acc = c(1, 1, 0.96528, 0.97889, 
    0.9698, 0.97273, 0.975, 0.975, 0.97747, 0.97026, 0.98), RS.test.acc = c(0.9746, 
    1, 0.96528, 0.96071, 0.9498, 0.95364, 0.98333, 0.96667, 0.96978, 
    0.97026, 0.95952), RS.train.time = c(0.0093, 0.0092, 0.0094, 
    0.0101, 0.0095, 0.009, 0.0094, 0.0102, 0.01, 0.0097, 0.0105
    ), RS.n.support.vectors = c(26.4, 24.8, 31.9, 13.7, 19.7, 
    21.8, 25.7, 37.3, 15.5, 28.9, 39.4), RS.index = c(142, 124, 
    186, 793, 10, 43, 3, 913, 237, 93, 505), RS.n.solutions = c(20, 
    18, 1, 2, 96, 171, 202, 1, 15, 104, 9), RS.generations = c(100, 
    100, 100, 100, 100, 100, 100, 100, 100, 100, 100), RS.n.evaluations = c(2500, 
    2500, 2500, 2500, 2500, 2500, 2500, 2500, 2500, 2500, 2500
    ), RS.cpu.time = c(7026.321, 6938.344, 7090.378, 7067.42200000001, 
    6945.557, 6826.746, 6867.658, 6870.58199999999, 6652.06, 
    6799.421, 7014.06100000002), DF.cost = c(1, 1, 1, 1, 1, 1, 
    1, 1, 1, 1, 1), DF.gamma = c(0.25, 0.25, 0.25, 0.25, 0.25, 
    0.25, 0.25, 0.25, 0.25, 0.25, 0.25), DF.data.balancing = c(0, 
    0, 0, 0, 0, 0, 0, 0, 0, 0, 0), DF.feature.selection = c(0, 
    0, 0, 0, 0, 0, 0, 0, 0, 0, 0), DF.valid.acc = c(0.97321, 
    0.98889, 0.92917, 0.9598, 0.9498, 0.9453, 0.95, 0.96731, 
    0.96209, 0.94828, 0.95952), DF.test.acc = c(0.9621, 0.98889, 
    0.95139, 0.94071, 0.9498, 0.9353, 0.95833, 0.95897, 0.96209, 
    0.93447, 0.95952), DF.train.time = c(0.009, 0.0093, 0.0093, 
    0.0098, 0.01, 0.0097, 0.0105, 0.0103, 0.0106, 0.0109, 0.0111
    ), DF.n.support.vectors = c(30.8, 30, 33.3, 34.7, 36.8, 41, 
    42.6, 42.8, 44.5, 44.6, 45), DF.index = c(1, 1, 1, 1, 1, 
    1, 1, 1, 1, 1, 1), DF.n.solutions = c(1, 1, 1, 1, 1, 1, 1, 
    1, 1, 1, 1), DF.generations = c(1, 1, 1, 1, 1, 1, 1, 1, 1, 
    1, 1), DF.n.evaluations = c(1, 1, 1, 1, 1, 1, 1, 1, 1, 1, 
    1), DF.cpu.time = c(2.856, 2.892, 2.777, 2.762, 2.736, 2.669, 
    2.74, 2.798, 2.769, 2.873, 2.82), SMBO.cost = c(6.90295942383692, 
    6.90295942383692, 6.90295942383692, 6.90295942383692, 6.90295942383692, 
    6.90295942383692, 6.90295942383692, 6.90295942383692, 6.90295942383692, 
    6.90295942383692, 6.90295942383692), SMBO.gamma = c(-7.94832535688541, 
    -7.94832535688541, -7.94832535688541, -7.94832535688541, 
    -7.94832535688541, -7.94832535688541, -7.94832535688541, 
    -7.94832535688541, -7.94832535688541, -7.94832535688541, 
    -7.94832535688541), SMBO.balanced.test.accuracy = c(0.993055555555556, 
    0.993055555555556, 0.993055555555556, 0.993055555555556, 
    0.993055555555556, 0.993055555555556, 0.993055555555556, 
    0.993055555555556, 0.993055555555556, 0.993055555555556, 
    0.993055555555556)), .Names = c("Sampling", "PSO.cost", "PSO.gamma", 
"PSO.data.balancing", "PSO.feature.selection", "PSO.valid.acc", 
"PSO.test.acc", "PSO.train.time", "PSO.n.support.vectors", "PSO.index", 
"PSO.n.solutions", "PSO.generations", "PSO.n.evaluations", "PSO.cpu.time", 
"RS.cost", "RS.gamma", "RS.data.balancing", "RS.feature.selection", 
"RS.valid.acc", "RS.test.acc", "RS.train.time", "RS.n.support.vectors", 
"RS.index", "RS.n.solutions", "RS.generations", "RS.n.evaluations", 
"RS.cpu.time", "DF.cost", "DF.gamma", "DF.data.balancing", "DF.feature.selection", 
"DF.valid.acc", "DF.test.acc", "DF.train.time", "DF.n.support.vectors", 
"DF.index", "DF.n.solutions", "DF.generations", "DF.n.evaluations", 
"DF.cpu.time", "SMBO.cost", "SMBO.gamma", "SMBO.balanced.test.accuracy"
), row.names = c(NA, -11L), class = "data.frame")
