new.sol <-
structure(list(Sampling = c(50, 55, 60, 65, 70, 75, 80, 85, 90, 
95, 100), PSO.cost = c(3.28058, 11.30535, 5.50268, 9.71943, 2.16797, 
15, 10.79085, 0.83589, 3.16253, 13.78019, 1.4316), PSO.gamma = c(-5.9895, 
-13.04371, -4.97228, -14.74646, -6.51983, -8.41678, -14.93511, 
-3.7295, -1.23954, -10.95282, -3.6241), PSO.data.balancing = c(0, 
0, 0, 0, 0, 0, 0, 0, 0, 0, 0), PSO.feature.selection = c(0, 0, 
0, 0, 0, 0, 0, 0, 0, 0, 0), PSO.valid.acc = c(0.95476, 0.97639, 
0.96389, 0.97091, 0.98, 0.98182, 0.97692, 0.99231, 0.98452, 0.97747, 
0.98), PSO.test.acc = c(0.94226, 0.96528, 0.96389, 0.94869, 0.95, 
0.94273, 0.97552, 0.96016, 0.95485, 0.96311, 0.98), PSO.train.time = c(0.0085, 
0.0098, 0.0084, 0.0097, 0.0096, 0.0093, 0.0097, 0.01, 0.011, 
0.0098, 0.0104), PSO.n.support.vectors = c(25.7, 20.3, 15.8, 
47.9, 42.7, 10.2, 44.5, 38.6, 33.7, 13.3, 37.9), PSO.index = c(481, 
28, 33, 346, 41, 147, 155, 1466, 42, 337, 177), PSO.n.solutions = c(53, 
177, 334, 90, 180, 1146, 52, 8, 384, 232, 95), PSO.generations = c(100, 
100, 100, 100, 100, 100, 100, 100, 100, 100, 100), PSO.n.evaluations = c(2500, 
2500, 2500, 2500, 2500, 2500, 2500, 2500, 2500, 2500, 2500), 
    PSO.cpu.time = c(6453.987, 6312.335, 6387.888, 6489.688, 
    6477.84699999999, 6491.50600000001, 6487.82800000001, 6536.46000000001, 
    6963.31999999999, 6839.944, 6490.93099999998), RS.cost = c(2.35427, 
    11.13721, 10.96097, 4.03206, 11.09518, 14.82713, 5.8733, 
    1.81894, 2.26263, 14.77484, 1.57215), RS.gamma = c(-4.86455, 
    -12.7969, -10.49974, -3.89402, -13.55977, -8.17547, -9.968, 
    -3.70014, -1.34751, -11.91053, -3.81385), RS.data.balancing = c(0, 
    0, 0, 0, 0, 0, 0, 0, 0, 0, 0), RS.feature.selection = c(0, 
    0, 0, 0, 0, 0, 0, 0, 0, 0, 0), RS.valid.acc = c(0.94226, 
    0.97639, 0.96389, 0.9775, 0.98, 0.98182, 0.97692, 0.98397, 
    0.98452, 0.97747, 0.98), RS.test.acc = c(0.94226, 0.96528, 
    0.96389, 0.9475, 0.96, 0.94273, 0.97552, 0.96016, 0.96905, 
    0.96311, 0.98), RS.train.time = c(0.0081, 0.009, 0.0086, 
    0.0099, 0.0095, 0.0095, 0.0097, 0.01, 0.011, 0.01, 0.0109
    ), RS.n.support.vectors = c(25.1, 20, 14.6, 19.5, 26.7, 10.2, 
    44.1, 30.2, 35.8, 13.3, 37.5), RS.index = c(70, 88, 52, 364, 
    27, 197, 819, 1080, 93, 59, 223), RS.n.solutions = c(68, 
    28, 75, 2, 48, 2, 2, 4, 5, 6, 5), RS.generations = c(100, 
    100, 100, 100, 100, 100, 100, 100, 100, 100, 100), RS.n.evaluations = c(2500, 
    2500, 2500, 2500, 2500, 2500, 2500, 2500, 2500, 2500, 2500
    ), RS.cpu.time = c(6400.883, 6444.738, 6461.643, 6490.785, 
    6468.359, 6483.59999999999, 6528.02799999999, 6639.478, 6915.838, 
    6791.14, 6601.24100000001), DF.cost = c(1, 1, 1, 1, 1, 1, 
    1, 1, 1, 1, 1), DF.gamma = c(0.25, 0.25, 0.25, 0.25, 0.25, 
    0.25, 0.25, 0.25, 0.25, 0.25, 0.25), DF.data.balancing = c(0, 
    0, 0, 0, 0, 0, 0, 0, 0, 0, 0), DF.feature.selection = c(0, 
    0, 0, 0, 0, 0, 0, 0, 0, 0, 0), DF.valid.acc = c(0.9119, 0.95278, 
    0.94028, 0.93591, 0.95, 0.96091, 0.96643, 0.9685, 0.95952, 
    0.95652, 0.96619), DF.test.acc = c(0.92976, 0.92778, 0.97639, 
    0.9475, 0.95, 0.96091, 0.95874, 0.97619, 0.95238, 0.97136, 
    0.97286), DF.train.time = c(0.0091, 0.0086, 0.0094, 0.0095, 
    0.0098, 0.0098, 0.01, 0.011, 0.0109, 0.0105, 0.0107), DF.n.support.vectors = c(29.6, 
    31.7, 33.8, 35.2, 34.7, 37.7, 37.7, 39.3, 41, 42.6, 45.5), 
    DF.index = c(1, 1, 1, 1, 1, 1, 1, 1, 1, 1, 1), DF.n.solutions = c(1, 
    1, 1, 1, 1, 1, 1, 1, 1, 1, 1), DF.generations = c(1, 1, 1, 
    1, 1, 1, 1, 1, 1, 1, 1), DF.n.evaluations = c(1, 1, 1, 1, 
    1, 1, 1, 1, 1, 1, 1), DF.cpu.time = c(2.558, 2.441, 2.591, 
    2.573, 2.592, 2.515, 2.605, 2.76, 2.825, 2.689, 2.571), SMBO.cost = c(10.809973333602, 
    10.809973333602, 10.809973333602, 10.809973333602, 10.809973333602, 
    10.809973333602, 10.809973333602, 10.809973333602, 10.809973333602, 
    10.809973333602, 10.809973333602), SMBO.gamma = c(-12.6654578772767, 
    -12.6654578772767, -12.6654578772767, -12.6654578772767, 
    -12.6654578772767, -12.6654578772767, -12.6654578772767, 
    -12.6654578772767, -12.6654578772767, -12.6654578772767, 
    -12.6654578772767), SMBO.balanced.test.accuracy = c(0.982954545454545, 
    0.982954545454545, 0.982954545454545, 0.982954545454545, 
    0.982954545454545, 0.982954545454545, 0.982954545454545, 
    0.982954545454545, 0.982954545454545, 0.982954545454545, 
    0.982954545454545)), .Names = c("Sampling", "PSO.cost", "PSO.gamma", 
"PSO.data.balancing", "PSO.feature.selection", "PSO.valid.acc", 
"PSO.test.acc", "PSO.train.time", "PSO.n.support.vectors", "PSO.index", 
"PSO.n.solutions", "PSO.generations", "PSO.n.evaluations", "PSO.cpu.time", 
"RS.cost", "RS.gamma", "RS.data.balancing", "RS.feature.selection", 
"RS.valid.acc", "RS.test.acc", "RS.train.time", "RS.n.support.vectors", 
"RS.index", "RS.n.solutions", "RS.generations", "RS.n.evaluations", 
"RS.cpu.time", "DF.cost", "DF.gamma", "DF.data.balancing", "DF.feature.selection", 
"DF.valid.acc", "DF.test.acc", "DF.train.time", "DF.n.support.vectors", 
"DF.index", "DF.n.solutions", "DF.generations", "DF.n.evaluations", 
"DF.cpu.time", "SMBO.cost", "SMBO.gamma", "SMBO.balanced.test.accuracy"
), row.names = c(NA, -11L), class = "data.frame")
