new.sol <-
structure(list(Sampling = c(50, 55, 60, 65, 70, 75, 80, 85, 90, 
95, 100), PSO.cost = c(7.54445, 9.50682, 4.34591, 13.67985, 11.70286, 
10.87819, 6.09139, 4.7455, 15, 12.07998, 1.90666), PSO.gamma = c(-9.32058, 
-12.33737, -6.61206, -9.69621, -15, -7.1472, -9.31249, -2.6963, 
-11.96207, -6.91264, -3.8438), PSO.data.balancing = c(0, 0, 0, 
0, 0, 0, 0, 0, 0, 0, 0), PSO.feature.selection = c(0, 0, 0, 0, 
0, 0, 0, 0, 0, 0, 0), PSO.valid.acc = c(1, 1, 1, 0.98889, 0.99091, 
0.99, 0.96579, 0.96026, 0.96255, 0.9785, 0.98), PSO.test.acc = c(0.9875, 
0.9746, 0.95417, 0.98889, 0.98091, 0.98091, 0.94837, 0.94423, 
0.95357, 0.9635, 0.97286), PSO.train.time = c(0.0083, 0.0088, 
0.0086, 0.0088, 0.0092, 0.0112, 0.0093, 0.0093, 0.0086, 0.0106, 
0.0118), PSO.n.support.vectors = c(20.6, 26.8, 25.5, 10.1, 35.9, 
13.1, 39.2, 24.4, 13.7, 13.4, 35), PSO.index = c(11, 15, 61, 
22, 149, 36, 38, 112, 159, 48, 2491), PSO.n.solutions = c(698, 
438, 330, 1500, 173, 718, 213, 479, 314, 1449, 1), PSO.generations = c(100, 
100, 100, 100, 100, 100, 100, 100, 100, 100, 100), PSO.n.evaluations = c(2500, 
2500, 2500, 2500, 2500, 2500, 2500, 2500, 2500, 2500, 2500), 
    PSO.cpu.time = c(6188.113, 6204.893, 6327.775, 6313.68, 6326.899, 
    6315.122, 6103.31800000001, 5976.674, 6900.97900000001, 8689.736, 
    8863.77900000001), RS.cost = c(5.57387, 10.67667, 4.28427, 
    14.90362, 8.76338, 11.99575, -1.00481, 14.22474, 14.66309, 
    0.8892, 1.78066), RS.gamma = c(-7.09339, -12.27303, -6.44585, 
    -7.64637, -12.31797, -8.43709, -1.94542, -9.25754, -11.53992, 
    -4.6343, -3.52808), RS.data.balancing = c(0, 0, 0, 0, 0, 
    0, 0, 0, 0, 0, 0), RS.feature.selection = c(0, 0, 0, 0, 0, 
    0, 0, 0, 0, 0, 0), RS.valid.acc = c(1, 1, 1, 0.98889, 0.99091, 
    0.99, 0.96655, 0.96795, 0.96255, 0.97905, 0.98667), RS.test.acc = c(1, 
    0.9875, 0.95417, 0.98889, 0.97091, 0.98091, 0.92261, 0.96859, 
    0.94643, 0.97238, 0.98), RS.train.time = c(0.0083, 0.0087, 
    0.0099, 0.0088, 0.009, 0.0087, 0.0097, 0.0088, 0.0107, 0.0119, 
    0.0116), RS.n.support.vectors = c(19.5, 20, 25.3, 9.7, 38.7, 
    13.3, 52.4, 12.8, 13.7, 51, 34.4), RS.index = c(11, 48, 207, 
    5, 3, 50, 119, 64, 695, 515, 265), RS.n.solutions = c(107, 
    119, 12, 250, 16, 33, 6, 10, 5, 1, 1), RS.generations = c(100, 
    100, 100, 100, 100, 100, 100, 100, 100, 100, 100), RS.n.evaluations = c(2500, 
    2500, 2500, 2500, 2500, 2500, 2500, 2500, 2500, 2500, 2500
    ), RS.cpu.time = c(6190.488, 6312.925, 6319.827, 6319.183, 
    6323, 6075.811, 6100.053, 5990.658, 8700.86899999999, 8742.78399999999, 
    9000.617), DF.cost = c(1, 1, 1, 1, 1, 1, 1, 1, 1, 1, 1), 
    DF.gamma = c(0.25, 0.25, 0.25, 0.25, 0.25, 0.25, 0.25, 0.25, 
    0.25, 0.25, 0.25), DF.data.balancing = c(0, 0, 0, 0, 0, 0, 
    0, 0, 0, 0, 0), DF.feature.selection = c(0, 0, 0, 0, 0, 0, 
    0, 0, 0, 0, 0), DF.valid.acc = c(0.94464, 0.9621, 0.94167, 
    0.94667, 0.9698, 0.96182, 0.93928, 0.94359, 0.93874, 0.95636, 
    0.95952), DF.test.acc = c(0.94464, 0.9496, 0.95417, 0.95667, 
    0.97091, 0.96273, 0.93928, 0.94359, 0.9304, 0.96302, 0.95952
    ), DF.train.time = c(0.0092, 0.0089, 0.0092, 0.009, 0.0095, 
    0.0092, 0.0095, 0.0095, 0.0122, 0.012, 0.0119), DF.n.support.vectors = c(29.8, 
    31.8, 34.6, 36.7, 37.1, 39.3, 42.3, 42, 43.9, 43.8, 45.6), 
    DF.index = c(1, 1, 1, 1, 1, 1, 1, 1, 1, 1, 1), DF.n.solutions = c(1, 
    1, 1, 1, 1, 1, 1, 1, 1, 1, 1), DF.generations = c(1, 1, 1, 
    1, 1, 1, 1, 1, 1, 1, 1), DF.n.evaluations = c(1, 1, 1, 1, 
    1, 1, 1, 1, 1, 1, 1), DF.cpu.time = c(2.457, 2.489, 2.516, 
    2.498, 2.547, 2.414, 2.388, 2.4, 3.463, 3.503, 3.561), SMBO.cost = c(10.1860153744551, 
    10.1860153744551, 10.1860153744551, 10.1860153744551, 10.1860153744551, 
    10.1860153744551, 10.1860153744551, 10.1860153744551, 10.1860153744551, 
    10.1860153744551, 10.1860153744551), SMBO.gamma = c(-1.09198522635241, 
    -1.09198522635241, -1.09198522635241, -1.09198522635241, 
    -1.09198522635241, -1.09198522635241, -1.09198522635241, 
    -1.09198522635241, -1.09198522635241, -1.09198522635241, 
    -1.09198522635241), SMBO.balanced.test.accuracy = c(0.984656084656085, 
    0.984656084656085, 0.984656084656085, 0.984656084656085, 
    0.984656084656085, 0.984656084656085, 0.984656084656085, 
    0.984656084656085, 0.984656084656085, 0.984656084656085, 
    0.984656084656085)), .Names = c("Sampling", "PSO.cost", "PSO.gamma", 
"PSO.data.balancing", "PSO.feature.selection", "PSO.valid.acc", 
"PSO.test.acc", "PSO.train.time", "PSO.n.support.vectors", "PSO.index", 
"PSO.n.solutions", "PSO.generations", "PSO.n.evaluations", "PSO.cpu.time", 
"RS.cost", "RS.gamma", "RS.data.balancing", "RS.feature.selection", 
"RS.valid.acc", "RS.test.acc", "RS.train.time", "RS.n.support.vectors", 
"RS.index", "RS.n.solutions", "RS.generations", "RS.n.evaluations", 
"RS.cpu.time", "DF.cost", "DF.gamma", "DF.data.balancing", "DF.feature.selection", 
"DF.valid.acc", "DF.test.acc", "DF.train.time", "DF.n.support.vectors", 
"DF.index", "DF.n.solutions", "DF.generations", "DF.n.evaluations", 
"DF.cpu.time", "SMBO.cost", "SMBO.gamma", "SMBO.balanced.test.accuracy"
), row.names = c(NA, -11L), class = "data.frame")
