new.sol <-
structure(list(Sampling = c(50, 55, 60, 65, 70, 75, 80, 85, 90, 
95, 100), PSO.cost = c(5.52179, 1.703, 12.23282, 1.07235, 2.58428, 
10.31553, 8.27942, 1.83551, 5.24794, 8.19691, 3.01835), PSO.gamma = c(-0.64234, 
-1.77174, -4.75888, -0.77853, -3.02225, -11.84281, -9.76913, 
-4.2652, -6.84089, -9.9209, -4.88591), PSO.data.balancing = c(0, 
0, 0, 0, 0, 0, 0, 0, 0, 0, 0), PSO.feature.selection = c(0, 0, 
0, 0, 0, 0, 0, 0, 0, 0, 0), PSO.valid.acc = c(1, 1, 0.99, 1, 
0.98889, 0.99167, 0.98333, 0.98333, 0.99231, 0.97857, 0.98667
), PSO.test.acc = c(1, 0.975, 0.9775, 0.99, 0.97071, 0.9553, 
0.95424, 0.975, 0.98462, 0.97143, 0.96571), PSO.train.time = c(0.0098, 
0.0094, 0.0084, 0.0088, 0.009, 0.0087, 0.0087, 0.0093, 0.0092, 
0.0093, 0.0095), PSO.n.support.vectors = c(28.6, 25.7, 10.1, 
32.3, 22.6, 23.2, 24.3, 33.9, 26.2, 28.8, 33.2), PSO.index = c(8, 
88, 5, 169, 1014, 21, 59, 10, 1042, 291, 708), PSO.n.solutions = c(1473, 
326, 1289, 72, 24, 120, 249, 115, 33, 40, 96), PSO.generations = c(100, 
100, 100, 100, 100, 100, 100, 100, 100, 100, 100), PSO.n.evaluations = c(2500, 
2500, 2500, 2500, 2500, 2500, 2500, 2500, 2500, 2500, 2500), 
    PSO.cpu.time = c(6713.741, 6702.378, 6503.32, 6489.012, 6358.193, 
    6366.91600000001, 6426.692, 6428.31599999999, 6348.364, 6361.65700000001, 
    6336.374), RS.cost = c(2.48584, 1.46767, 12.69834, 3.88981, 
    3.49664, 7.43356, 11.61006, 5.50899, 5.14524, 10.49798, 3.11049
    ), RS.gamma = c(-0.276, -1.51293, -8.496, -4.2465, -5.23064, 
    -8.91587, -13.20324, -7.94264, -6.74109, -12.2146, -5.02681
    ), RS.data.balancing = c(0, 0, 0, 0, 0, 0, 0, 0, 0, 0, 0), 
    RS.feature.selection = c(0, 0, 0, 0, 0, 0, 0, 0, 0, 0, 0), 
    RS.valid.acc = c(1, 1, 0.99, 1, 0.98182, 0.99167, 0.98333, 
    0.98333, 0.99231, 0.97857, 0.98667), RS.test.acc = c(1, 0.975, 
    0.98, 0.98, 0.97071, 0.9553, 0.96333, 0.975, 0.98462, 0.97143, 
    0.96571), RS.train.time = c(0.0088, 0.0094, 0.0084, 0.0085, 
    0.0085, 0.0085, 0.0089, 0.009, 0.0091, 0.0103, 0.0098), RS.n.support.vectors = c(30.3, 
    26.7, 9.5, 18.8, 23, 22.6, 25.1, 30.4, 26.2, 28.9, 33.2), 
    RS.index = c(22, 86, 2, 9, 60, 30, 117, 65, 1699, 274, 851
    ), RS.n.solutions = c(108, 8, 290, 20, 37, 10, 39, 9, 2, 
    6, 1), RS.generations = c(100, 100, 100, 100, 100, 100, 100, 
    100, 100, 100, 100), RS.n.evaluations = c(2500, 2500, 2500, 
    2500, 2500, 2500, 2500, 2500, 2500, 2500, 2500), RS.cpu.time = c(6752.208, 
    6736.595, 6507.767, 6503.242, 6413.337, 6365.38900000001, 
    6510.546, 6404.72100000001, 6335.85500000001, 6355.21400000001, 
    6366.83199999999), DF.cost = c(1, 1, 1, 1, 1, 1, 1, 1, 1, 
    1, 1), DF.gamma = c(0.25, 0.25, 0.25, 0.25, 0.25, 0.25, 0.25, 
    0.25, 0.25, 0.25, 0.25), DF.data.balancing = c(0, 0, 0, 0, 
    0, 0, 0, 0, 0, 0, 0), DF.feature.selection = c(0, 0, 0, 0, 
    0, 0, 0, 0, 0, 0, 0), DF.valid.acc = c(0.97321, 0.96639, 
    0.96639, 0.97, 0.97182, 0.96515, 0.95424, 0.95897, 0.97683, 
    0.96374, 0.96619), DF.test.acc = c(0.97321, 0.96639, 0.96639, 
    0.97, 0.97182, 0.94773, 0.96333, 0.96667, 0.96914, 0.94945, 
    0.95905), DF.train.time = c(0.0082, 0.0086, 0.0083, 0.0093, 
    0.009, 0.0089, 0.0091, 0.0093, 0.0095, 0.0097, 0.0101), DF.n.support.vectors = c(27.4, 
    29.3, 30.1, 31.8, 35, 35.3, 36.7, 38.4, 40.7, 43.9, 45.2), 
    DF.index = c(1, 1, 1, 1, 1, 1, 1, 1, 1, 1, 1), DF.n.solutions = c(1, 
    1, 1, 1, 1, 1, 1, 1, 1, 1, 1), DF.generations = c(1, 1, 1, 
    1, 1, 1, 1, 1, 1, 1, 1), DF.n.evaluations = c(1, 1, 1, 1, 
    1, 1, 1, 1, 1, 1, 1), DF.cpu.time = c(2.622, 2.515, 2.541, 
    2.667, 2.493, 2.459, 2.5, 2.543, 2.457, 2.506, 2.499), SMBO.cost = c(14.2889923971719, 
    14.2889923971719, 14.2889923971719, 14.2889923971719, 14.2889923971719, 
    14.2889923971719, 14.2889923971719, 14.2889923971719, 14.2889923971719, 
    14.2889923971719, 14.2889923971719), SMBO.gamma = c(-14.8999957733093, 
    -14.8999957733093, -14.8999957733093, -14.8999957733093, 
    -14.8999957733093, -14.8999957733093, -14.8999957733093, 
    -14.8999957733093, -14.8999957733093, -14.8999957733093, 
    -14.8999957733093), SMBO.balanced.test.accuracy = c(0.987654320987654, 
    0.987654320987654, 0.987654320987654, 0.987654320987654, 
    0.987654320987654, 0.987654320987654, 0.987654320987654, 
    0.987654320987654, 0.987654320987654, 0.987654320987654, 
    0.987654320987654)), .Names = c("Sampling", "PSO.cost", "PSO.gamma", 
"PSO.data.balancing", "PSO.feature.selection", "PSO.valid.acc", 
"PSO.test.acc", "PSO.train.time", "PSO.n.support.vectors", "PSO.index", 
"PSO.n.solutions", "PSO.generations", "PSO.n.evaluations", "PSO.cpu.time", 
"RS.cost", "RS.gamma", "RS.data.balancing", "RS.feature.selection", 
"RS.valid.acc", "RS.test.acc", "RS.train.time", "RS.n.support.vectors", 
"RS.index", "RS.n.solutions", "RS.generations", "RS.n.evaluations", 
"RS.cpu.time", "DF.cost", "DF.gamma", "DF.data.balancing", "DF.feature.selection", 
"DF.valid.acc", "DF.test.acc", "DF.train.time", "DF.n.support.vectors", 
"DF.index", "DF.n.solutions", "DF.generations", "DF.n.evaluations", 
"DF.cpu.time", "SMBO.cost", "SMBO.gamma", "SMBO.balanced.test.accuracy"
), row.names = c(NA, -11L), class = "data.frame")
