new.sol <-
structure(list(Sampling = c(50, 55, 60, 65, 70, 75, 80, 85, 90, 
95, 100), PSO.cost = c(3.5576, 6.57564, 6.15705, 11.40597, -1.52294, 
9.50392, 14.62461, 13.83451, 9.05575, 11.99091, 9.27631), PSO.gamma = c(-6.58947, 
-9.98085, -7.03261, -12.50236, -0.98476, -7.30024, -10.02882, 
-13.27462, -7.53441, -12.65775, -13.39796), PSO.data.balancing = c(0, 
0, 0, 0, 0, 0, 0, 0, 0, 0, 0), PSO.feature.selection = c(0, 0, 
0, 0, 0, 0, 0, 0, 0, 0, 0), PSO.valid.acc = c(0.98333, 0.9875, 
0.96667, 0.97889, 0.97, 0.98091, 0.96591, 0.96731, 0.9685, 0.97238, 
0.97905), PSO.test.acc = c(0.96667, 0.97321, 0.95556, 0.9698, 
0.93258, 0.96258, 0.96591, 0.95064, 0.96081, 0.94985, 0.95857
), PSO.train.time = c(0.0089, 0.0095, 0.0089, 0.0092, 0.0095, 
0.0085, 0.0091, 0.0092, 0.0103, 0.0103, 0.0113), PSO.n.support.vectors = c(27.1, 
29.6, 18.5, 20.5, 51, 15.1, 12.7, 18.8, 17, 23.7, 55.6), PSO.index = c(76, 
52, 8, 7, 1018, 166, 66, 22, 53, 14, 82), PSO.n.solutions = c(185, 
216, 311, 452, 54, 64, 1173, 574, 336, 575, 131), PSO.generations = c(100, 
100, 100, 100, 100, 100, 100, 100, 100, 100, 100), PSO.n.evaluations = c(2500, 
2500, 2500, 2500, 2500, 2500, 2500, 2500, 2500, 2500, 2500), 
    PSO.cpu.time = c(6457.866, 6317.701, 6815.055, 6617.531, 
    6650.558, 6590.215, 6520.711, 6478.34899999999, 6865.20800000001, 
    6728.69600000001, 6568.693), RS.cost = c(1.19712, 4.76599, 
    6.56904, 11.30666, -1.5899, 8.71592, 14.1203, 13.13527, 7.69825, 
    12.50413, 9.84287), RS.gamma = c(-4.18078, -8.15942, -7.49665, 
    -11.9609, -0.95658, -6.4056, -9.03105, -12.7402, -6.19706, 
    -11.21035, -13.96395), RS.data.balancing = c(0, 0, 0, 0, 
    0, 0, 0, 0, 0, 0, 0), RS.feature.selection = c(0, 0, 0, 0, 
    0, 0, 0, 0, 0, 0, 0), RS.valid.acc = c(0.98333, 0.9875, 0.96667, 
    0.97889, 0.96167, 0.98091, 0.96591, 0.96731, 0.9685, 0.97238, 
    0.97905), RS.test.acc = c(0.98333, 0.97321, 0.95556, 0.9698, 
    0.94258, 0.97258, 0.95758, 0.95064, 0.95366, 0.96524, 0.95857
    ), RS.train.time = c(0.0083, 0.0084, 0.0089, 0.0081, 0.0101, 
    0.0088, 0.0094, 0.0089, 0.0091, 0.0102, 0.0109), RS.n.support.vectors = c(28.9, 
    29.6, 18.5, 18.8, 51.8, 14.8, 12.1, 19.4, 17.6, 17.2, 55.5
    ), RS.index = c(60, 75, 46, 16, 109, 1164, 155, 74, 88, 37, 
    212), RS.n.solutions = c(44, 67, 62, 128, 5, 1, 21, 58, 56, 
    92, 14), RS.generations = c(100, 100, 100, 100, 100, 100, 
    100, 100, 100, 100, 100), RS.n.evaluations = c(2500, 2500, 
    2500, 2500, 2500, 2500, 2500, 2500, 2500, 2500, 2500), RS.cpu.time = c(6523.26, 
    6456.337, 6778.979, 6627.83, 6676.816, 6549.675, 6639.932, 
    6610.304, 6750.27499999999, 6800.514, 6629.802), DF.cost = c(1, 
    1, 1, 1, 1, 1, 1, 1, 1, 1, 1), DF.gamma = c(0.25, 0.25, 0.25, 
    0.25, 0.25, 0.25, 0.25, 0.25, 0.25, 0.25, 0.25), DF.data.balancing = c(0, 
    0, 0, 0, 0, 0, 0, 0, 0, 0, 0), DF.feature.selection = c(0, 
    0, 0, 0, 0, 0, 0, 0, 0, 0, 0), DF.valid.acc = c(0.95833, 
    0.975, 0.94306, 0.94869, 0.96, 0.95258, 0.94091, 0.94359, 
    0.95302, 0.95597, 0.9519), DF.test.acc = c(0.95833, 0.975, 
    0.94444, 0.95869, 0.93182, 0.95258, 0.96591, 0.95128, 0.96136, 
    0.96366, 0.95857), DF.train.time = c(0.0093, 0.009, 0.0087, 
    0.0096, 0.0089, 0.0094, 0.0099, 0.0102, 0.011, 0.0112, 0.0102
    ), DF.n.support.vectors = c(29.5, 30.1, 31.2, 35, 37.1, 40.2, 
    42.2, 44.1, 42.8, 44.8, 45.3), DF.index = c(1, 1, 1, 1, 1, 
    1, 1, 1, 1, 1, 1), DF.n.solutions = c(1, 1, 1, 1, 1, 1, 1, 
    1, 1, 1, 1), DF.generations = c(1, 1, 1, 1, 1, 1, 1, 1, 1, 
    1, 1), DF.n.evaluations = c(1, 1, 1, 1, 1, 1, 1, 1, 1, 1, 
    1), DF.cpu.time = c(2.654, 2.567, 2.749, 2.741, 2.446, 2.6, 
    2.564, 2.719, 2.704, 2.75, 2.647), SMBO.cost = c(6.91517409277949, 
    6.91517409277949, 6.91517409277949, 6.91517409277949, 6.91517409277949, 
    6.91517409277949, 6.91517409277949, 6.91517409277949, 6.91517409277949, 
    6.91517409277949, 6.91517409277949), SMBO.gamma = c(-9.76056600134025, 
    -9.76056600134025, -9.76056600134025, -9.76056600134025, 
    -9.76056600134025, -9.76056600134025, -9.76056600134025, 
    -9.76056600134025, -9.76056600134025, -9.76056600134025, 
    -9.76056600134025), SMBO.balanced.test.accuracy = c(0.984508547008547, 
    0.984508547008547, 0.984508547008547, 0.984508547008547, 
    0.984508547008547, 0.984508547008547, 0.984508547008547, 
    0.984508547008547, 0.984508547008547, 0.984508547008547, 
    0.984508547008547)), .Names = c("Sampling", "PSO.cost", "PSO.gamma", 
"PSO.data.balancing", "PSO.feature.selection", "PSO.valid.acc", 
"PSO.test.acc", "PSO.train.time", "PSO.n.support.vectors", "PSO.index", 
"PSO.n.solutions", "PSO.generations", "PSO.n.evaluations", "PSO.cpu.time", 
"RS.cost", "RS.gamma", "RS.data.balancing", "RS.feature.selection", 
"RS.valid.acc", "RS.test.acc", "RS.train.time", "RS.n.support.vectors", 
"RS.index", "RS.n.solutions", "RS.generations", "RS.n.evaluations", 
"RS.cpu.time", "DF.cost", "DF.gamma", "DF.data.balancing", "DF.feature.selection", 
"DF.valid.acc", "DF.test.acc", "DF.train.time", "DF.n.support.vectors", 
"DF.index", "DF.n.solutions", "DF.generations", "DF.n.evaluations", 
"DF.cpu.time", "SMBO.cost", "SMBO.gamma", "SMBO.balanced.test.accuracy"
), row.names = c(NA, -11L), class = "data.frame")
