new.sol <-
structure(list(Sampling = c(50, 55, 60, 65, 70, 75, 80, 85, 90, 
95, 100), PSO.cost = c(5.69147, 2.23082, 1.13191, 14.52201, 5.52505, 
1.59615, 1.98046, -0.08318, 5.61867, 4.5845, 9.33821), PSO.gamma = c(-6.76442, 
-2.97761, -3.0721, -12.55488, -4.3369, -2.90703, -3.07636, -2.48314, 
-4.12732, -6.24396, -10.57741), PSO.data.balancing = c(0, 0, 
0, 0, 0, 0, 0, 0, 0, 0, 0), PSO.feature.selection = c(0, 0, 0, 
0, 0, 0, 0, 0, 0, 0, 0), PSO.valid.acc = c(1, 1, 1, 0.99, 1, 
1, 1, 0.98397, 0.97802, 0.97088, 0.97905), PSO.test.acc = c(0.9875, 
0.98889, 0.97639, 0.99, 0.98889, 0.99091, 0.98258, 0.96795, 0.962, 
0.95604, 0.97238), PSO.train.time = c(0.0087, 0.0094, 0.0095, 
0.009, 0.0091, 0.0092, 0.0093, 0.0102, 0.0098, 0.0098, 0.0106
), PSO.n.support.vectors = c(16.2, 22.6, 28.8, 10.4, 15.5, 28.2, 
26.8, 40.2, 18.9, 28.9, 27.2), PSO.index = c(44, 36, 18, 5, 96, 
260, 410, 1276, 1450, 168, 42), PSO.n.solutions = c(253, 577, 
243, 1166, 65, 541, 512, 20, 62, 95, 330), PSO.generations = c(100, 
100, 100, 100, 100, 100, 100, 100, 100, 100, 100), PSO.n.evaluations = c(2500, 
2500, 2500, 2500, 2500, 2500, 2500, 2500, 2500, 2500, 2500), 
    PSO.cpu.time = c(6773.96, 6709.717, 6734.779, 6780.264, 6274.362, 
    6380.08100000001, 6497.056, 6633.694, 6616, 6645.95, 6649.747
    ), RS.cost = c(5.28634, 3.6827, 2.7702, 6.52501, 1.15258, 
    2.78156, 2.53679, -0.20989, 4.01406, 8.14354, 14.49543), 
    RS.gamma = c(-6.14721, -4.54084, -4.13988, -3.4899, -1.28786, 
    -2.3809, -4.2005, -2.32805, -2.71718, -9.61889, -8.20417), 
    RS.data.balancing = c(0, 0, 0, 0, 0, 0, 0, 0, 0, 0, 0), RS.feature.selection = c(0, 
    0, 0, 0, 0, 0, 0, 0, 0, 0, 0), RS.valid.acc = c(1, 1, 1, 
    0.99, 0.99091, 1, 0.99167, 0.98397, 0.97802, 0.97088, 0.97952
    ), RS.test.acc = c(0.9875, 0.98889, 0.97639, 0.99, 0.99091, 
    0.98182, 0.98258, 0.96795, 0.97033, 0.95604, 0.95952), RS.train.time = c(0.0089, 
    0.0088, 0.0092, 0.0095, 0.0092, 0.0096, 0.0096, 0.0107, 0.0099, 
    0.0101, 0.01), RS.n.support.vectors = c(15.8, 19.2, 23.8, 
    14.4, 33.7, 22.8, 27.9, 40.8, 22.7, 27.6, 13.2), RS.index = c(50, 
    98, 3, 1, 10, 56, 2152, 1282, 47, 859, 472), RS.n.solutions = c(51, 
    35, 100, 519, 87, 35, 1, 1, 13, 7, 2), RS.generations = c(100, 
    100, 100, 100, 100, 100, 100, 100, 100, 100, 100), RS.n.evaluations = c(2500, 
    2500, 2500, 2500, 2500, 2500, 2500, 2500, 2500, 2500, 2500
    ), RS.cpu.time = c(6817.447, 6712.961, 6759.66, 6616.782, 
    6259.35400000001, 6523.54400000001, 6641.084, 6622.178, 6610.36600000001, 
    6695.47500000001, 6644.709), DF.cost = c(1, 1, 1, 1, 1, 1, 
    1, 1, 1, 1, 1), DF.gamma = c(0.25, 0.25, 0.25, 0.25, 0.25, 
    0.25, 0.25, 0.25, 0.25, 0.25, 0.25), DF.data.balancing = c(0, 
    0, 0, 0, 0, 0, 0, 0, 0, 0, 0), DF.feature.selection = c(0, 
    0, 0, 0, 0, 0, 0, 0, 0, 0, 0), DF.valid.acc = c(0.98571, 
    0.98571, 0.97639, 0.96778, 0.98091, 0.99091, 0.98258, 0.97628, 
    0.96319, 0.95604, 0.96524), DF.test.acc = c(0.98571, 0.97143, 
    0.975, 0.96889, 0.9798, 0.98258, 0.97348, 0.97564, 0.96969, 
    0.95485, 0.96571), DF.train.time = c(0.0087, 0.0092, 0.0094, 
    0.0098, 0.0099, 0.0105, 0.0101, 0.01, 0.0103, 0.0103, 0.0108
    ), DF.n.support.vectors = c(29.2, 32.5, 34.1, 34.8, 36.4, 
    37.4, 38.9, 40.1, 41.5, 43.9, 46.5), DF.index = c(1, 1, 1, 
    1, 1, 1, 1, 1, 1, 1, 1), DF.n.solutions = c(1, 1, 1, 1, 1, 
    1, 1, 1, 1, 1, 1), DF.generations = c(1, 1, 1, 1, 1, 1, 1, 
    1, 1, 1, 1), DF.n.evaluations = c(1, 1, 1, 1, 1, 1, 1, 1, 
    1, 1, 1), DF.cpu.time = c(2.524, 2.72, 2.718, 2.669, 2.616, 
    2.711, 2.658, 2.686, 2.649, 2.673, 2.629), SMBO.cost = c(10.1072304259019, 
    10.1072304259019, 10.1072304259019, 10.1072304259019, 10.1072304259019, 
    10.1072304259019, 10.1072304259019, 10.1072304259019, 10.1072304259019, 
    10.1072304259019, 10.1072304259019), SMBO.gamma = c(-11.6672283157026, 
    -11.6672283157026, -11.6672283157026, -11.6672283157026, 
    -11.6672283157026, -11.6672283157026, -11.6672283157026, 
    -11.6672283157026, -11.6672283157026, -11.6672283157026, 
    -11.6672283157026), SMBO.balanced.test.accuracy = c(0.985119047619048, 
    0.985119047619048, 0.985119047619048, 0.985119047619048, 
    0.985119047619048, 0.985119047619048, 0.985119047619048, 
    0.985119047619048, 0.985119047619048, 0.985119047619048, 
    0.985119047619048)), .Names = c("Sampling", "PSO.cost", "PSO.gamma", 
"PSO.data.balancing", "PSO.feature.selection", "PSO.valid.acc", 
"PSO.test.acc", "PSO.train.time", "PSO.n.support.vectors", "PSO.index", 
"PSO.n.solutions", "PSO.generations", "PSO.n.evaluations", "PSO.cpu.time", 
"RS.cost", "RS.gamma", "RS.data.balancing", "RS.feature.selection", 
"RS.valid.acc", "RS.test.acc", "RS.train.time", "RS.n.support.vectors", 
"RS.index", "RS.n.solutions", "RS.generations", "RS.n.evaluations", 
"RS.cpu.time", "DF.cost", "DF.gamma", "DF.data.balancing", "DF.feature.selection", 
"DF.valid.acc", "DF.test.acc", "DF.train.time", "DF.n.support.vectors", 
"DF.index", "DF.n.solutions", "DF.generations", "DF.n.evaluations", 
"DF.cpu.time", "SMBO.cost", "SMBO.gamma", "SMBO.balanced.test.accuracy"
), row.names = c(NA, -11L), class = "data.frame")
