new.sol <-
structure(list(Sampling = c(50, 55, 60, 65, 70, 75, 80, 85, 90, 
95, 100), PSO.cost = c(15, 10.24528, 10.85874, 1, 13.50472, 2.77402, 
10.77032, 12.82979, 4.02383, 9.41083, 10.04872), PSO.gamma = c(-14.50078, 
-11.10277, -12.72321, 0.25, 0.64854, -3.93305, -9.25882, -13.559, 
-7.20903, -12.3087, -11.83584), PSO.data.balancing = c(0, 0, 
0, 0, 0, 0, 0, 0, 0, 0, 0), PSO.feature.selection = c(0, 0, 0, 
0, 0, 0, 0, 0, 0, 0, 0), PSO.valid.acc = c(1, 1, 0.98889, 0.99, 
1, 1, 0.98322, 0.98397, 0.97738, 0.97081, 0.97286), PSO.test.acc = c(1, 
1, 0.97778, 0.99, 1, 0.97424, 0.98322, 0.95962, 0.9619, 0.94114, 
0.95905), PSO.train.time = c(0.0087, 0.0088, 0.0091, 0.0093, 
0.0105, 0.0092, 0.0095, 0.0092, 0.0098, 0.0108, 0.0102), PSO.n.support.vectors = c(12.1, 
17.2, 23, 34.1, 49, 25, 15.2, 22.1, 40.3, 38.1, 30), PSO.index = c(1435, 
2, 13, 1, 33, 479, 213, 25, 604, 14, 34), PSO.n.solutions = c(19, 
1512, 437, 547, 1439, 59, 867, 31, 60, 154, 85), PSO.generations = c(100, 
100, 100, 100, 100, 100, 100, 100, 100, 100, 100), PSO.n.evaluations = c(2500, 
2500, 2500, 2500, 2500, 2500, 2500, 2500, 2500, 2500, 2500), 
    PSO.cpu.time = c(6692.37, 6735.617, 6684.665, 6655.83100000001, 
    6667.05, 6662.235, 6664.95199999999, 6676.787, 6781.06199999999, 
    6946.772, 6970.69399999999), RS.cost = c(10.42972, 11.94996, 
    1.08927, 5.62197, 11.44718, 3.10016, 11.59315, 9.22572, 9.08367, 
    14.84877, 11.66286), RS.gamma = c(-9.89826, -7.26983, -3.7328, 
    -8.17159, 0.7263, -4.20682, -8.94722, -9.96563, -12.28186, 
    -6.93402, -13.30362), RS.data.balancing = c(0, 0, 0, 0, 0, 
    0, 0, 0, 0, 0, 0), RS.feature.selection = c(0, 0, 0, 0, 0, 
    0, 0, 0, 0, 0, 0), RS.valid.acc = c(1, 1, 0.98889, 0.99, 
    1, 1, 0.98322, 0.98397, 0.97738, 0.97081, 0.97286), RS.test.acc = c(0.9875, 
    1, 0.97778, 0.99, 1, 0.97424, 0.97413, 0.95962, 0.9619, 0.97081, 
    0.95905), RS.train.time = c(0.0088, 0.0085, 0.0088, 0.0091, 
    0.0102, 0.0093, 0.0093, 0.0094, 0.0098, 0.0103, 0.0096), 
    RS.n.support.vectors = c(11.9, 9.5, 32.2, 29.1, 50, 24.5, 
    13.5, 22.2, 40.2, 11.9, 29.2), RS.index = c(91, 1, 3, 3, 
    12, 391, 39, 2164, 313, 18, 287), RS.n.solutions = c(3, 667, 
    221, 308, 71, 1, 84, 2, 2, 20, 27), RS.generations = c(100, 
    100, 100, 100, 100, 100, 100, 100, 100, 100, 100), RS.n.evaluations = c(2500, 
    2500, 2500, 2500, 2500, 2500, 2500, 2500, 2500, 2500, 2500
    ), RS.cpu.time = c(6731.339, 6736.227, 6654.66, 6640.165, 
    6664.67, 6700.72199999999, 6697.726, 6699.95600000001, 6983.007, 
    6967.87000000001, 6993.82499999998), DF.cost = c(1, 1, 1, 
    1, 1, 1, 1, 1, 1, 1, 1), DF.gamma = c(0.25, 0.25, 0.25, 0.25, 
    0.25, 0.25, 0.25, 0.25, 0.25, 0.25, 0.25), DF.data.balancing = c(0, 
    0, 0, 0, 0, 0, 0, 0, 0, 0, 0), DF.feature.selection = c(0, 
    0, 0, 0, 0, 0, 0, 0, 0, 0, 0), DF.valid.acc = c(0.9875, 0.97778, 
    0.97778, 0.99, 0.98056, 0.98258, 0.95503, 0.96655, 0.96255, 
    0.95652, 0.97238), DF.test.acc = c(0.9875, 0.97778, 0.97778, 
    0.99, 0.98056, 0.98258, 0.96413, 0.95822, 0.96969, 0.96319, 
    0.95857), DF.train.time = c(0.009, 0.0093, 0.009, 0.0093, 
    0.0099, 0.0099, 0.0096, 0.0099, 0.01, 0.011, 0.0108), DF.n.support.vectors = c(28.5, 
    30.2, 33.2, 34.1, 37.5, 38.3, 39.2, 42.3, 42.9, 44, 45.5), 
    DF.index = c(1, 1, 1, 1, 1, 1, 1, 1, 1, 1, 1), DF.n.solutions = c(1, 
    1, 1, 1, 1, 1, 1, 1, 1, 1, 1), DF.generations = c(1, 1, 1, 
    1, 1, 1, 1, 1, 1, 1, 1), DF.n.evaluations = c(1, 1, 1, 1, 
    1, 1, 1, 1, 1, 1, 1), DF.cpu.time = c(2.728, 2.74, 2.625, 
    2.733, 2.674, 2.719, 2.636, 2.737, 2.705, 2.748, 2.784), 
    SMBO.cost = c(6.64954882115533, 6.64954882115533, 6.64954882115533, 
    6.64954882115533, 6.64954882115533, 6.64954882115533, 6.64954882115533, 
    6.64954882115533, 6.64954882115533, 6.64954882115533, 6.64954882115533
    ), SMBO.gamma = c(-9.15571066040585, -9.15571066040585, -9.15571066040585, 
    -9.15571066040585, -9.15571066040585, -9.15571066040585, 
    -9.15571066040585, -9.15571066040585, -9.15571066040585, 
    -9.15571066040585, -9.15571066040585), SMBO.balanced.test.accuracy = c(0.986928104575163, 
    0.986928104575163, 0.986928104575163, 0.986928104575163, 
    0.986928104575163, 0.986928104575163, 0.986928104575163, 
    0.986928104575163, 0.986928104575163, 0.986928104575163, 
    0.986928104575163)), .Names = c("Sampling", "PSO.cost", "PSO.gamma", 
"PSO.data.balancing", "PSO.feature.selection", "PSO.valid.acc", 
"PSO.test.acc", "PSO.train.time", "PSO.n.support.vectors", "PSO.index", 
"PSO.n.solutions", "PSO.generations", "PSO.n.evaluations", "PSO.cpu.time", 
"RS.cost", "RS.gamma", "RS.data.balancing", "RS.feature.selection", 
"RS.valid.acc", "RS.test.acc", "RS.train.time", "RS.n.support.vectors", 
"RS.index", "RS.n.solutions", "RS.generations", "RS.n.evaluations", 
"RS.cpu.time", "DF.cost", "DF.gamma", "DF.data.balancing", "DF.feature.selection", 
"DF.valid.acc", "DF.test.acc", "DF.train.time", "DF.n.support.vectors", 
"DF.index", "DF.n.solutions", "DF.generations", "DF.n.evaluations", 
"DF.cpu.time", "SMBO.cost", "SMBO.gamma", "SMBO.balanced.test.accuracy"
), row.names = c(NA, -11L), class = "data.frame")
