new.sol <-
structure(list(Sampling = c(50, 55, 60, 65, 70, 75, 80, 85, 90, 
95, 100), PSO.cost = c(0.45829, 12.44493, 8.92416, 1, 4.9452, 
2.97061, 7.04423, 13.32832, 1.11806, 4.10254, 0.74487), PSO.gamma = c(-1.0651, 
-1.10616, -6.53756, 0.25, -3.85434, -2.88206, -5.28694, -8.85571, 
-2.39339, -6.47248, -2.9552), PSO.data.balancing = c(0, 0, 0, 
0, 0, 0, 0, 0, 0, 0, 0), PSO.feature.selection = c(0, 0, 0, 0, 
0, 0, 0, 0, 0, 0, 0), PSO.valid.acc = c(0.96032, 0.975, 0.97778, 
0.98, 0.98, 0.99091, 0.97424, 0.99167, 0.98571, 0.98619, 0.97333
), PSO.test.acc = c(0.96032, 0.95139, 0.97778, 0.96889, 0.97, 
0.97182, 0.98333, 0.98333, 0.97738, 0.97136, 0.94571), PSO.train.time = c(0.0092, 
0.0102, 0.0087, 0.0094, 0.0085, 0.0089, 0.0092, 0.0096, 0.0101, 
0.0098, 0.0112), PSO.n.support.vectors = c(29.6, 26.6, 12.2, 
34.5, 19.4, 23.5, 14.6, 11, 33.8, 35.2, 40.3), PSO.index = c(34, 
4, 13, 1, 30, 128, 49, 544, 1223, 98, 432), PSO.n.solutions = c(244, 
1347, 897, 852, 96, 205, 369, 325, 29, 153, 326), PSO.generations = c(100, 
100, 100, 100, 100, 100, 100, 100, 100, 100, 100), PSO.n.evaluations = c(2500, 
2500, 2500, 2500, 2500, 2500, 2500, 2500, 2500, 2500, 2500), 
    PSO.cpu.time = c(6537.724, 6510.181, 6526.183, 6649.002, 
    6507.532, 6478.913, 6734.272, 6790.751, 6662.13299999999, 
    6867.882, 7024.98699999999), RS.cost = c(2.07664, 4.31654, 
    4.68967, 5.92749, 2.04848, 2.91225, 5.39727, 14.42007, 7.1784, 
    5.4258, 0.78987), RS.gamma = c(-3.26921, -3.23522, -4.68393, 
    0.16404, -3.22023, -2.80009, -6.31267, -10.3139, -5.0911, 
    -7.63366, -2.97057), RS.data.balancing = c(0, 0, 0, 0, 0, 
    0, 0, 0, 0, 0, 0), RS.feature.selection = c(0, 0, 0, 0, 0, 
    0, 0, 0, 0, 0, 0), RS.valid.acc = c(0.96032, 0.97639, 0.97778, 
    0.98, 0.98, 0.99091, 0.97424, 0.99167, 0.98452, 0.98619, 
    0.97333), RS.test.acc = c(0.96032, 0.95139, 0.96667, 0.97, 
    0.97, 0.97182, 0.96515, 0.98333, 0.98452, 0.97136, 0.93905
    ), RS.train.time = c(0.008, 0.0083, 0.0089, 0.0095, 0.009, 
    0.0086, 0.0094, 0.0094, 0.0095, 0.0097, 0.011), RS.n.support.vectors = c(23.6, 
    19, 17.8, 39, 27.3, 23.6, 21.2, 11, 15.3, 33.1, 40.2), RS.index = c(275, 
    96, 14, 8, 173, 192, 37, 104, 10, 124, 1344), RS.n.solutions = c(12, 
    11, 369, 254, 15, 8, 124, 13, 62, 32, 2), RS.generations = c(100, 
    100, 100, 100, 100, 100, 100, 100, 100, 100, 100), RS.n.evaluations = c(2500, 
    2500, 2500, 2500, 2500, 2500, 2500, 2500, 2500, 2500, 2500
    ), RS.cpu.time = c(6505.944, 6617.126, 6523.897, 6539.105, 
    6654.996, 6433.033, 6616.993, 6784.3, 6937.789, 7163.037, 
    7069.01300000001), DF.cost = c(1, 1, 1, 1, 1, 1, 1, 1, 1, 
    1, 1), DF.gamma = c(0.25, 0.25, 0.25, 0.25, 0.25, 0.25, 0.25, 
    0.25, 0.25, 0.25, 0.25), DF.data.balancing = c(0, 0, 0, 0, 
    0, 0, 0, 0, 0, 0, 0), DF.feature.selection = c(0, 0, 0, 0, 
    0, 0, 0, 0, 0, 0, 0), DF.valid.acc = c(0.94603, 0.95139, 
    0.95556, 0.98, 0.97, 0.97182, 0.96591, 0.96667, 0.9631, 0.97183, 
    0.96667), DF.test.acc = c(0.94603, 0.93889, 0.97778, 0.96889, 
    0.96, 0.97182, 0.97424, 0.96667, 0.97024, 0.96469, 0.95286
    ), DF.train.time = c(0.0087, 0.0088, 0.0091, 0.0094, 0.0088, 
    0.0089, 0.0097, 0.0104, 0.0104, 0.011, 0.011), DF.n.support.vectors = c(28.9, 
    31.5, 32.1, 34.5, 35.6, 37.7, 38, 41.4, 41.5, 44.7, 45.8), 
    DF.index = c(1, 1, 1, 1, 1, 1, 1, 1, 1, 1, 1), DF.n.solutions = c(1, 
    1, 1, 1, 1, 1, 1, 1, 1, 1, 1), DF.generations = c(1, 1, 1, 
    1, 1, 1, 1, 1, 1, 1, 1), DF.n.evaluations = c(1, 1, 1, 1, 
    1, 1, 1, 1, 1, 1, 1), DF.cpu.time = c(2.628, 2.563, 2.699, 
    2.61, 2.47, 2.469, 2.728, 2.726, 2.834, 2.844, 2.842), SMBO.cost = c(7.94552070787176, 
    7.94552070787176, 7.94552070787176, 7.94552070787176, 7.94552070787176, 
    7.94552070787176, 7.94552070787176, 7.94552070787176, 7.94552070787176, 
    7.94552070787176, 7.94552070787176), SMBO.gamma = c(-5.89956688927487, 
    -5.89956688927487, -5.89956688927487, -5.89956688927487, 
    -5.89956688927487, -5.89956688927487, -5.89956688927487, 
    -5.89956688927487, -5.89956688927487, -5.89956688927487, 
    -5.89956688927487), SMBO.balanced.test.accuracy = c(0.98641975308642, 
    0.98641975308642, 0.98641975308642, 0.98641975308642, 0.98641975308642, 
    0.98641975308642, 0.98641975308642, 0.98641975308642, 0.98641975308642, 
    0.98641975308642, 0.98641975308642)), .Names = c("Sampling", 
"PSO.cost", "PSO.gamma", "PSO.data.balancing", "PSO.feature.selection", 
"PSO.valid.acc", "PSO.test.acc", "PSO.train.time", "PSO.n.support.vectors", 
"PSO.index", "PSO.n.solutions", "PSO.generations", "PSO.n.evaluations", 
"PSO.cpu.time", "RS.cost", "RS.gamma", "RS.data.balancing", "RS.feature.selection", 
"RS.valid.acc", "RS.test.acc", "RS.train.time", "RS.n.support.vectors", 
"RS.index", "RS.n.solutions", "RS.generations", "RS.n.evaluations", 
"RS.cpu.time", "DF.cost", "DF.gamma", "DF.data.balancing", "DF.feature.selection", 
"DF.valid.acc", "DF.test.acc", "DF.train.time", "DF.n.support.vectors", 
"DF.index", "DF.n.solutions", "DF.generations", "DF.n.evaluations", 
"DF.cpu.time", "SMBO.cost", "SMBO.gamma", "SMBO.balanced.test.accuracy"
), row.names = c(NA, -11L), class = "data.frame")
