new.sol <-
structure(list(Sampling = c(50, 55, 60, 65, 70, 75, 80, 85, 90, 
95, 100), PSO.cost = c(5.54214, 11.68657, 1, 5.0874, -0.04062, 
13.18736, 4.43792, 3.08313, 10.99511, 2.96707, 15), PSO.gamma = c(-6.79309, 
-14.76024, 0.25, -4.01782, -3.30784, -14.50217, -6.64855, -4.65402, 
-9.63187, -4.5045, -9.53393), PSO.data.balancing = c(0, 0, 0, 
0, 0, 0, 0, 0, 0, 0, 0), PSO.feature.selection = c(0, 0, 0, 0, 
0, 0, 0, 0, 0, 0, 0), PSO.valid.acc = c(0.98889, 0.97639, 0.97778, 
0.97889, 0.98056, 0.97333, 0.975, 0.97564, 0.97747, 0.98516, 
0.98), PSO.test.acc = c(0.97222, 0.96389, 0.97778, 0.96639, 0.95056, 
0.965, 0.975, 0.95833, 0.9543, 0.95549, 0.97333), PSO.train.time = c(0.0089, 
0.0087, 0.0089, 0.0088, 0.0093, 0.0087, 0.009, 0.0088, 0.0088, 
0.0091, 0.0092), PSO.n.support.vectors = c(17.8, 29.5, 34, 17.3, 
41.1, 22.9, 30.4, 28.3, 16.5, 30.6, 13), PSO.index = c(45, 27, 
1, 27, 22, 353, 13, 38, 12, 706, 109), PSO.n.solutions = c(668, 
364, 439, 313, 120, 63, 512, 422, 504, 83, 1265), PSO.generations = c(100, 
100, 100, 100, 100, 100, 100, 100, 100, 100, 100), PSO.n.evaluations = c(2500, 
2500, 2500, 2500, 2500, 2500, 2500, 2500, 2500, 2500, 2500), 
    PSO.cpu.time = c(6869.521, 6585.583, 6518.938, 6346.52, 6357.576, 
    6203.63, 6202.34, 6228.31599999999, 6267.556, 6230.17200000001, 
    6207.25), RS.cost = c(9.41103, 0.84493, -0.49972, 4.98465, 
    9.92681, 2.88997, 4.27901, 3.88837, 11.90661, 2.80451, 14.87446
    ), RS.gamma = c(-11.32358, -1.97505, -1.37627, -3.90475, 
    -13.07041, -5.00449, -6.52196, -5.24112, -12.50792, -4.04864, 
    -8.84968), RS.data.balancing = c(0, 0, 0, 0, 0, 0, 0, 0, 
    0, 0, 0), RS.feature.selection = c(0, 0, 0, 0, 0, 0, 0, 0, 
    0, 0, 0), RS.valid.acc = c(0.98889, 0.97639, 0.97778, 0.97889, 
    0.98056, 0.97333, 0.98333, 0.97564, 0.97747, 0.98516, 0.98
    ), RS.test.acc = c(0.98889, 0.96389, 0.97778, 0.96639, 0.95056, 
    0.94758, 0.975, 0.96667, 0.97033, 0.96264, 0.95333), RS.train.time = c(0.0085, 
    0.0087, 0.0096, 0.0085, 0.0087, 0.0083, 0.0096, 0.0091, 0.0097, 
    0.0095, 0.0094), RS.n.support.vectors = c(21, 28.4, 37.3, 
    17.4, 33.6, 29.3, 30.5, 26.4, 21.9, 29.9, 12.9), RS.index = c(4, 
    1, 3, 289, 98, 321, 780, 62, 13, 1855, 344), RS.n.solutions = c(149, 
    147, 225, 3, 19, 8, 1, 19, 74, 1, 8), RS.generations = c(100, 
    100, 100, 100, 100, 100, 100, 100, 100, 100, 100), RS.n.evaluations = c(2500, 
    2500, 2500, 2500, 2500, 2500, 2500, 2500, 2500, 2500, 2500
    ), RS.cpu.time = c(6580.258, 6597.719, 6416.118, 6347.868, 
    6320.092, 6223.72, 6218.173, 6281.80100000001, 6277.91899999999, 
    6249.14000000001, 6242.829), DF.cost = c(1, 1, 1, 1, 1, 1, 
    1, 1, 1, 1, 1), DF.gamma = c(0.25, 0.25, 0.25, 0.25, 0.25, 
    0.25, 0.25, 0.25, 0.25, 0.25, 0.25), DF.data.balancing = c(0, 
    0, 0, 0, 0, 0, 0, 0, 0, 0, 0), DF.feature.selection = c(0, 
    0, 0, 0, 0, 0, 0, 0, 0, 0, 0), DF.valid.acc = c(0.97222, 
    0.96639, 0.97778, 0.9775, 0.96056, 0.965, 0.94924, 0.95064, 
    0.962, 0.95549, 0.96619), DF.test.acc = c(0.97222, 0.97639, 
    0.97778, 0.96639, 0.94944, 0.965, 0.94924, 0.95064, 0.9543, 
    0.95604, 0.95952), DF.train.time = c(0.0084, 0.0088, 0.0087, 
    0.009, 0.0087, 0.0091, 0.0091, 0.0095, 0.0098, 0.0101, 0.0099
    ), DF.n.support.vectors = c(31, 33.6, 34, 36.2, 36.6, 39.4, 
    41.7, 42, 42.7, 43.6, 46.2), DF.index = c(1, 1, 1, 1, 1, 
    1, 1, 1, 1, 1, 1), DF.n.solutions = c(1, 1, 1, 1, 1, 1, 1, 
    1, 1, 1, 1), DF.generations = c(1, 1, 1, 1, 1, 1, 1, 1, 1, 
    1, 1), DF.n.evaluations = c(1, 1, 1, 1, 1, 1, 1, 1, 1, 1, 
    1), DF.cpu.time = c(2.621, 2.602, 2.485, 2.524, 2.481, 2.465, 
    2.467, 2.513, 2.439, 2.49, 2.455), SMBO.cost = c(9.00187985174122, 
    9.00187985174122, 9.00187985174122, 9.00187985174122, 9.00187985174122, 
    9.00187985174122, 9.00187985174122, 9.00187985174122, 9.00187985174122, 
    9.00187985174122, 9.00187985174122), SMBO.gamma = c(-9.14238361139719, 
    -9.14238361139719, -9.14238361139719, -9.14238361139719, 
    -9.14238361139719, -9.14238361139719, -9.14238361139719, 
    -9.14238361139719, -9.14238361139719, -9.14238361139719, 
    -9.14238361139719), SMBO.balanced.test.accuracy = c(0.986111111111111, 
    0.986111111111111, 0.986111111111111, 0.986111111111111, 
    0.986111111111111, 0.986111111111111, 0.986111111111111, 
    0.986111111111111, 0.986111111111111, 0.986111111111111, 
    0.986111111111111)), .Names = c("Sampling", "PSO.cost", "PSO.gamma", 
"PSO.data.balancing", "PSO.feature.selection", "PSO.valid.acc", 
"PSO.test.acc", "PSO.train.time", "PSO.n.support.vectors", "PSO.index", 
"PSO.n.solutions", "PSO.generations", "PSO.n.evaluations", "PSO.cpu.time", 
"RS.cost", "RS.gamma", "RS.data.balancing", "RS.feature.selection", 
"RS.valid.acc", "RS.test.acc", "RS.train.time", "RS.n.support.vectors", 
"RS.index", "RS.n.solutions", "RS.generations", "RS.n.evaluations", 
"RS.cpu.time", "DF.cost", "DF.gamma", "DF.data.balancing", "DF.feature.selection", 
"DF.valid.acc", "DF.test.acc", "DF.train.time", "DF.n.support.vectors", 
"DF.index", "DF.n.solutions", "DF.generations", "DF.n.evaluations", 
"DF.cpu.time", "SMBO.cost", "SMBO.gamma", "SMBO.balanced.test.accuracy"
), row.names = c(NA, -11L), class = "data.frame")
