new.sol <-
structure(list(Sampling = c(50, 55, 60, 65, 70, 75, 80, 85, 90, 
95, 100), PSO.cost = c(13.47053, 7.94562, 15, 3.47855, 6.12296, 
9.96058, 10.81751, 3.90315, 1.27998, 4.58432, 7.53376), PSO.gamma = c(-5.04906, 
-5.12959, -4.04102, -1.57571, -3.51656, -6.41842, -7.43729, -5.24001, 
-2.2976, -6.35976, -5.36813), PSO.data.balancing = c(0, 0, 0, 
0, 0, 0, 0, 0, 0, 0, 0), PSO.feature.selection = c(0, 0, 0, 0, 
0, 0, 0, 0, 0, 0, 0), PSO.valid.acc = c(1, 1, 1, 0.99, 0.97889, 
0.99091, 0.98258, 0.96923, 0.962, 0.97747, 0.97333), PSO.test.acc = c(0.975, 
1, 1, 0.99, 0.96869, 0.98258, 0.96515, 0.95256, 0.93123, 0.96209, 
0.96667), PSO.train.time = c(0.0098, 0.0093, 0.0091, 0.0094, 
0.0094, 0.0088, 0.009, 0.0088, 0.0094, 0.0101, 0.0104), PSO.n.support.vectors = c(11.5, 
11.6, 12.8, 25.3, 15.9, 12, 13.1, 26.8, 34.7, 29.5, 17.4), PSO.index = c(17, 
3, 33, 13, 770, 56, 219, 28, 1358, 241, 79), PSO.n.solutions = c(1166, 
1737, 1082, 826, 150, 1242, 108, 145, 48, 235, 134), PSO.generations = c(100, 
100, 100, 100, 100, 100, 100, 100, 100, 100, 100), PSO.n.evaluations = c(2500, 
2500, 2500, 2500, 2500, 2500, 2500, 2500, 2500, 2500, 2500), 
    PSO.cpu.time = c(6846.067, 7115.812, 7056.9, 7039.514, 6881.757, 
    6853.776, 6588.774, 6806.447, 6736.876, 6965.717, 6972.68799999999
    ), RS.cost = c(4.92884, 3.56092, 4.45476, 8.41068, 5.68597, 
    10.64912, 10.75258, 3.85394, 1.109, 4.76073, 4.78861), RS.gamma = c(-4.80767, 
    -2.7986, -3.12848, -5.10457, -3.03867, -6.7201, -7.40648, 
    -5.1714, -2.54143, -6.04131, -6.05348), RS.data.balancing = c(0, 
    0, 0, 0, 0, 0, 0, 0, 0, 0, 0), RS.feature.selection = c(0, 
    0, 0, 0, 0, 0, 0, 0, 0, 0, 0), RS.valid.acc = c(1, 1, 1, 
    0.99, 0.97889, 0.99091, 0.98258, 0.96923, 0.962, 0.97747, 
    0.97333), RS.test.acc = c(0.9875, 1, 1, 0.97889, 0.96869, 
    0.98258, 0.96515, 0.95256, 0.93123, 0.97747, 0.96667), RS.train.time = c(0.0083, 
    0.0088, 0.0094, 0.009, 0.0093, 0.0094, 0.0095, 0.01, 0.01, 
    0.0094, 0.0102), RS.n.support.vectors = c(16.3, 18.6, 17.1, 
    13.6, 18.3, 11.9, 13.1, 26.7, 35.5, 26.5, 27.7), RS.index = c(61, 
    17, 15, 9, 116, 26, 807, 227, 255, 112, 29), RS.n.solutions = c(87, 
    444, 199, 374, 9, 69, 2, 19, 7, 10, 28), RS.generations = c(100, 
    100, 100, 100, 100, 100, 100, 100, 100, 100, 100), RS.n.evaluations = c(2500, 
    2500, 2500, 2500, 2500, 2500, 2500, 2500, 2500, 2500, 2500
    ), RS.cpu.time = c(6935.082, 6911.416, 6927.313, 7003.59, 
    6845.2, 6761.461, 6677.53999999999, 6953.66699999999, 6881.99299999999, 
    6844.68299999999, 7089.58499999999), DF.cost = c(1, 1, 1, 
    1, 1, 1, 1, 1, 1, 1, 1), DF.gamma = c(0.25, 0.25, 0.25, 0.25, 
    0.25, 0.25, 0.25, 0.25, 0.25, 0.25, 0.25), DF.data.balancing = c(0, 
    0, 0, 0, 0, 0, 0, 0, 0, 0, 0), DF.feature.selection = c(0, 
    0, 0, 0, 0, 0, 0, 0, 0, 0, 0), DF.valid.acc = c(0.975, 0.97639, 
    0.97639, 0.95778, 0.95869, 0.96348, 0.94848, 0.94487, 0.96145, 
    0.93956, 0.96619), DF.test.acc = c(0.975, 0.98889, 0.97639, 
    0.95778, 0.95869, 0.96348, 0.94773, 0.94359, 0.93892, 0.93956, 
    0.96619), DF.train.time = c(0.009, 0.0092, 0.0096, 0.0099, 
    0.0097, 0.0093, 0.0102, 0.0101, 0.0105, 0.0104, 0.0106), 
    DF.n.support.vectors = c(31.6, 32.8, 34.2, 37.3, 36.8, 38.1, 
    39, 41.5, 41.7, 44.4, 45.9), DF.index = c(1, 1, 1, 1, 1, 
    1, 1, 1, 1, 1, 1), DF.n.solutions = c(1, 1, 1, 1, 1, 1, 1, 
    1, 1, 1, 1), DF.generations = c(1, 1, 1, 1, 1, 1, 1, 1, 1, 
    1, 1), DF.n.evaluations = c(1, 1, 1, 1, 1, 1, 1, 1, 1, 1, 
    1), DF.cpu.time = c(2.839, 2.773, 2.798, 2.851, 2.665, 2.599, 
    2.735, 2.716, 2.826, 2.688, 2.933), SMBO.cost = c(9.728333465172, 
    9.728333465172, 9.728333465172, 9.728333465172, 9.728333465172, 
    9.728333465172, 9.728333465172, 9.728333465172, 9.728333465172, 
    9.728333465172, 9.728333465172), SMBO.gamma = c(-11.9593740262621, 
    -11.9593740262621, -11.9593740262621, -11.9593740262621, 
    -11.9593740262621, -11.9593740262621, -11.9593740262621, 
    -11.9593740262621, -11.9593740262621, -11.9593740262621, 
    -11.9593740262621), SMBO.balanced.test.accuracy = c(0.988271604938272, 
    0.988271604938272, 0.988271604938272, 0.988271604938272, 
    0.988271604938272, 0.988271604938272, 0.988271604938272, 
    0.988271604938272, 0.988271604938272, 0.988271604938272, 
    0.988271604938272)), .Names = c("Sampling", "PSO.cost", "PSO.gamma", 
"PSO.data.balancing", "PSO.feature.selection", "PSO.valid.acc", 
"PSO.test.acc", "PSO.train.time", "PSO.n.support.vectors", "PSO.index", 
"PSO.n.solutions", "PSO.generations", "PSO.n.evaluations", "PSO.cpu.time", 
"RS.cost", "RS.gamma", "RS.data.balancing", "RS.feature.selection", 
"RS.valid.acc", "RS.test.acc", "RS.train.time", "RS.n.support.vectors", 
"RS.index", "RS.n.solutions", "RS.generations", "RS.n.evaluations", 
"RS.cpu.time", "DF.cost", "DF.gamma", "DF.data.balancing", "DF.feature.selection", 
"DF.valid.acc", "DF.test.acc", "DF.train.time", "DF.n.support.vectors", 
"DF.index", "DF.n.solutions", "DF.generations", "DF.n.evaluations", 
"DF.cpu.time", "SMBO.cost", "SMBO.gamma", "SMBO.balanced.test.accuracy"
), row.names = c(NA, -11L), class = "data.frame")
