new.sol <-
structure(list(Sampling = c(50, 55, 60, 65, 70, 75, 80, 85, 90, 
95, 100), PSO.cost = c(1, 1, 5.99309, 1, 6.65331, -0.25221, 5.00451, 
8.92001, 8.2064, 2.30008, 0.432), PSO.gamma = c(0.25, 0.25, -6.45629, 
0.25, -7.24764, -3.65453, -6.08376, -7.29217, -8.79072, -3.66489, 
-3.44293), PSO.data.balancing = c(0, 0, 0, 0, 0, 0, 0, 0, 0, 
0, 0), PSO.feature.selection = c(0, 0, 0, 0, 0, 0, 0, 0, 0, 0, 
0), PSO.valid.acc = c(1, 1, 0.98889, 0.98889, 0.99, 0.98258, 
0.99167, 0.97628, 0.96914, 0.97802, 0.97952), PSO.test.acc = c(1, 
1, 0.98889, 0.9798, 0.97, 0.97424, 0.975, 0.96795, 0.96914, 0.95652, 
0.95952), PSO.train.time = c(0.0091, 0.0093, 0.0086, 0.0094, 
0.0089, 0.0121, 0.0104, 0.0102, 0.0102, 0.011, 0.0117), PSO.n.support.vectors = c(33.6, 
34.6, 16.8, 37.2, 17.7, 47.6, 21.8, 15.5, 20.8, 31.9, 46.3), 
    PSO.index = c(1, 1, 2, 1, 281, 46, 12, 6, 7, 30, 40), PSO.n.solutions = c(455, 
    840, 862, 758, 41, 138, 204, 646, 668, 562, 241), PSO.generations = c(100, 
    100, 100, 100, 100, 100, 100, 100, 100, 100, 100), PSO.n.evaluations = c(2500, 
    2500, 2500, 2500, 2500, 2500, 2500, 2500, 2500, 2500, 2500
    ), PSO.cpu.time = c(5858.031, 5969.961, 6324.834, 6321.695, 
    6313.577, 6316.35, 8525.56700000001, 8341.95999999999, 8047.754, 
    8327.59900000002, 8605.73899999997), RS.cost = c(7.73831, 
    2.28513, 9.37535, 1.11229, 5.46009, -0.65065, 14.1527, 10.05712, 
    13.63224, 4.76093, 1.47737), RS.gamma = c(-10.70858, -5.24537, 
    -10.51646, -3.74448, -6.03406, -2.91903, -14.8864, -9.49367, 
    -12.18443, -6.25102, -2.95064), RS.data.balancing = c(0, 
    0, 0, 0, 0, 0, 0, 0, 0, 0, 0), RS.feature.selection = c(0, 
    0, 0, 0, 0, 0, 0, 0, 0, 0, 0), RS.valid.acc = c(1, 1, 0.98889, 
    0.98889, 0.99, 0.98258, 0.99167, 0.97628, 0.96914, 0.97802, 
    0.97286), RS.test.acc = c(1, 1, 0.97639, 0.98889, 0.97, 0.97424, 
    0.975, 0.95962, 0.96145, 0.95597, 0.97286), RS.train.time = c(0.008, 
    0.0081, 0.0087, 0.0092, 0.0094, 0.0097, 0.0105, 0.0106, 0.0105, 
    0.0107, 0.011), RS.n.support.vectors = c(27.3, 31.3, 19.1, 
    34.3, 18, 47.8, 19.9, 17.4, 14.5, 28.2, 36.2), RS.index = c(25, 
    2, 2, 3, 67, 1, 35, 22, 10, 389, 211), RS.n.solutions = c(299, 
    586, 324, 365, 2, 24, 72, 156, 251, 21, 35), RS.generations = c(100, 
    100, 100, 100, 100, 100, 100, 100, 100, 100, 100), RS.n.evaluations = c(2500, 
    2500, 2500, 2500, 2500, 2500, 2500, 2500, 2500, 2500, 2500
    ), RS.cpu.time = c(5989.63, 6137.75, 6324.287, 6308.436, 
    6337.435, 7611.196, 8469.933, 8268.71100000001, 8051.56199999999, 
    8466.46400000001, 8522.02799999999), DF.cost = c(1, 1, 1, 
    1, 1, 1, 1, 1, 1, 1, 1), DF.gamma = c(0.25, 0.25, 0.25, 0.25, 
    0.25, 0.25, 0.25, 0.25, 0.25, 0.25, 0.25), DF.data.balancing = c(0, 
    0, 0, 0, 0, 0, 0, 0, 0, 0, 0), DF.feature.selection = c(0, 
    0, 0, 0, 0, 0, 0, 0, 0, 0, 0), DF.valid.acc = c(1, 1, 0.97778, 
    0.98889, 0.96889, 0.97182, 0.975, 0.95897, 0.96145, 0.957, 
    0.96619), DF.test.acc = c(1, 1, 0.97639, 0.9798, 0.96889, 
    0.96348, 0.975, 0.95833, 0.96145, 0.94985, 0.96619), DF.train.time = c(0.009, 
    0.0091, 0.0092, 0.0093, 0.01, 0.0108, 0.0106, 0.0108, 0.0112, 
    0.0118, 0.0118), DF.n.support.vectors = c(33.6, 34.6, 37.5, 
    37.2, 37.6, 38.2, 39.4, 41.9, 43.3, 44.1, 45.3), DF.index = c(1, 
    1, 1, 1, 1, 1, 1, 1, 1, 1, 1), DF.n.solutions = c(1, 1, 1, 
    1, 1, 1, 1, 1, 1, 1, 1), DF.generations = c(1, 1, 1, 1, 1, 
    1, 1, 1, 1, 1, 1), DF.n.evaluations = c(1, 1, 1, 1, 1, 1, 
    1, 1, 1, 1, 1), DF.cpu.time = c(2.531, 2.508, 2.531, 2.494, 
    2.505, 3.414, 3.19, 3.21, 3.246, 3.489, 3.404), SMBO.cost = c(12.3275007016449, 
    12.3275007016449, 12.3275007016449, 12.3275007016449, 12.3275007016449, 
    12.3275007016449, 12.3275007016449, 12.3275007016449, 12.3275007016449, 
    12.3275007016449, 12.3275007016449), SMBO.gamma = c(-13.7104676136974, 
    -13.7104676136974, -13.7104676136974, -13.7104676136974, 
    -13.7104676136974, -13.7104676136974, -13.7104676136974, 
    -13.7104676136974, -13.7104676136974, -13.7104676136974, 
    -13.7104676136974), SMBO.balanced.test.accuracy = c(0.992063492063492, 
    0.992063492063492, 0.992063492063492, 0.992063492063492, 
    0.992063492063492, 0.992063492063492, 0.992063492063492, 
    0.992063492063492, 0.992063492063492, 0.992063492063492, 
    0.992063492063492)), .Names = c("Sampling", "PSO.cost", "PSO.gamma", 
"PSO.data.balancing", "PSO.feature.selection", "PSO.valid.acc", 
"PSO.test.acc", "PSO.train.time", "PSO.n.support.vectors", "PSO.index", 
"PSO.n.solutions", "PSO.generations", "PSO.n.evaluations", "PSO.cpu.time", 
"RS.cost", "RS.gamma", "RS.data.balancing", "RS.feature.selection", 
"RS.valid.acc", "RS.test.acc", "RS.train.time", "RS.n.support.vectors", 
"RS.index", "RS.n.solutions", "RS.generations", "RS.n.evaluations", 
"RS.cpu.time", "DF.cost", "DF.gamma", "DF.data.balancing", "DF.feature.selection", 
"DF.valid.acc", "DF.test.acc", "DF.train.time", "DF.n.support.vectors", 
"DF.index", "DF.n.solutions", "DF.generations", "DF.n.evaluations", 
"DF.cpu.time", "SMBO.cost", "SMBO.gamma", "SMBO.balanced.test.accuracy"
), row.names = c(NA, -11L), class = "data.frame")
