new.sol <-
structure(list(Sampling = c(50, 55, 60, 65, 70, 75, 80, 85, 90, 
95, 100), PSO.cost = c(6.7438, 11.96987, 5.07622, 15, 6.27529, 
8.71675, 3.26841, 15, 7.89476, 10.22605, 4.33436), PSO.gamma = c(-7.47186, 
-9.68165, -6.86503, -9.75067, -7.19309, -8.55277, -5.97719, -11.686, 
-9.88833, -12.05961, -5.52845), PSO.data.balancing = c(0, 0, 
0, 0, 0, 0, 0, 0, 0, 0, 0), PSO.feature.selection = c(0, 0, 0, 
0, 0, 0, 0, 0, 0, 0, 0), PSO.valid.acc = c(1, 1, 0.97778, 0.9798, 
0.98182, 0.97333, 0.98258, 0.97564, 0.97628, 0.9785, 0.97333), 
    PSO.test.acc = c(1, 0.97321, 0.95417, 0.96869, 0.97273, 0.95591, 
    0.97348, 0.95897, 0.97692, 0.98564, 0.95905), PSO.train.time = c(0.0083, 
    0.0091, 0.0089, 0.0083, 0.0094, 0.0093, 0.0097, 0.0091, 0.0093, 
    0.0098, 0.0102), PSO.n.support.vectors = c(16.9, 10.1, 21.8, 
    8.9, 19.5, 16, 31.9, 11.9, 27.7, 28.1, 27.5), PSO.index = c(9, 
    4, 48, 726, 2, 4, 30, 120, 2, 15, 501), PSO.n.solutions = c(1403, 
    579, 412, 98, 933, 705, 47, 131, 404, 568, 42), PSO.generations = c(100, 
    100, 100, 100, 100, 100, 100, 100, 100, 100, 100), PSO.n.evaluations = c(2500, 
    2500, 2500, 2500, 2500, 2500, 2500, 2500, 2500, 2500, 2500
    ), PSO.cpu.time = c(6786.118, 6636.756, 6715.046, 6544.498, 
    6460.041, 6453.68299999999, 6446.45599999999, 6436.458, 6264.057, 
    6552.774, 6763.44699999999), RS.cost = c(12.52003, 14.24776, 
    3.65218, 14.36379, 12.12754, 11.81735, 9.0766, 13.59014, 
    8.09118, 6.60121, 11.81393), RS.gamma = c(-9.07617, -11.55837, 
    -5.32077, -9.12834, -9.11636, -8.58668, -11.85847, -10.30362, 
    -8.94776, -8.52325, -13.01768), RS.data.balancing = c(0, 
    0, 0, 0, 0, 0, 0, 0, 0, 0, 0), RS.feature.selection = c(0, 
    0, 0, 0, 0, 0, 0, 0, 0, 0, 0), RS.valid.acc = c(1, 1, 0.98889, 
    0.9798, 0.98182, 0.97333, 0.98258, 0.97564, 0.97628, 0.9785, 
    0.97286), RS.test.acc = c(0.98571, 0.97321, 0.95417, 0.96869, 
    0.96364, 0.94591, 0.97348, 0.95897, 0.96859, 0.97795, 0.95905
    ), RS.train.time = c(0.009, 0.0086, 0.0092, 0.0086, 0.0089, 
    0.0089, 0.0099, 0.0094, 0.0101, 0.009, 0.0098), RS.n.support.vectors = c(9.4, 
    9.6, 21.8, 9.1, 10.5, 11.6, 32, 11.9, 21.6, 28.7, 26.7), 
    RS.index = c(6, 14, 1182, 187, 7, 2, 364, 63, 14, 3, 194), 
    RS.n.solutions = c(247, 61, 1, 2, 346, 113, 5, 2, 173, 114, 
    7), RS.generations = c(100, 100, 100, 100, 100, 100, 100, 
    100, 100, 100, 100), RS.n.evaluations = c(2500, 2500, 2500, 
    2500, 2500, 2500, 2500, 2500, 2500, 2500, 2500), RS.cpu.time = c(6781.751, 
    6765.727, 6482.57, 6403.317, 6312.615, 6502.61599999999, 
    6462.66100000001, 6492.124, 6377.053, 6526.35399999999, 6838.552
    ), DF.cost = c(1, 1, 1, 1, 1, 1, 1, 1, 1, 1, 1), DF.gamma = c(0.25, 
    0.25, 0.25, 0.25, 0.25, 0.25, 0.25, 0.25, 0.25, 0.25, 0.25
    ), DF.data.balancing = c(0, 0, 0, 0, 0, 0, 0, 0, 0, 0, 0), 
    DF.feature.selection = c(0, 0, 0, 0, 0, 0, 0, 0, 0, 0, 0), 
    DF.valid.acc = c(0.95893, 0.9621, 0.93056, 0.94869, 0.96364, 
    0.94758, 0.94621, 0.95833, 0.9609, 0.96256, 0.95286), DF.test.acc = c(0.94464, 
    0.9621, 0.94306, 0.91758, 0.94455, 0.95591, 0.9553, 0.96667, 
    0.96923, 0.96256, 0.95286), DF.train.time = c(0.0095, 0.0097, 
    0.0086, 0.0095, 0.0095, 0.0096, 0.0096, 0.0097, 0.01, 0.0103, 
    0.0112), DF.n.support.vectors = c(30.8, 31.8, 32.8, 34.4, 
    34.3, 35.4, 38.1, 39, 40.7, 42.9, 46.3), DF.index = c(1, 
    1, 1, 1, 1, 1, 1, 1, 1, 1, 1), DF.n.solutions = c(1, 1, 1, 
    1, 1, 1, 1, 1, 1, 1, 1), DF.generations = c(1, 1, 1, 1, 1, 
    1, 1, 1, 1, 1, 1), DF.n.evaluations = c(1, 1, 1, 1, 1, 1, 
    1, 1, 1, 1, 1), DF.cpu.time = c(2.712, 2.791, 2.483, 2.683, 
    2.618, 2.558, 2.538, 2.472, 2.482, 2.509, 2.786), SMBO.cost = c(14.7616304160384, 
    14.7616304160384, 14.7616304160384, 14.7616304160384, 14.7616304160384, 
    14.7616304160384, 14.7616304160384, 14.7616304160384, 14.7616304160384, 
    14.7616304160384, 14.7616304160384), SMBO.gamma = c(-14.6901309456938, 
    -14.6901309456938, -14.6901309456938, -14.6901309456938, 
    -14.6901309456938, -14.6901309456938, -14.6901309456938, 
    -14.6901309456938, -14.6901309456938, -14.6901309456938, 
    -14.6901309456938), SMBO.balanced.test.accuracy = c(0.993827160493827, 
    0.993827160493827, 0.993827160493827, 0.993827160493827, 
    0.993827160493827, 0.993827160493827, 0.993827160493827, 
    0.993827160493827, 0.993827160493827, 0.993827160493827, 
    0.993827160493827)), .Names = c("Sampling", "PSO.cost", "PSO.gamma", 
"PSO.data.balancing", "PSO.feature.selection", "PSO.valid.acc", 
"PSO.test.acc", "PSO.train.time", "PSO.n.support.vectors", "PSO.index", 
"PSO.n.solutions", "PSO.generations", "PSO.n.evaluations", "PSO.cpu.time", 
"RS.cost", "RS.gamma", "RS.data.balancing", "RS.feature.selection", 
"RS.valid.acc", "RS.test.acc", "RS.train.time", "RS.n.support.vectors", 
"RS.index", "RS.n.solutions", "RS.generations", "RS.n.evaluations", 
"RS.cpu.time", "DF.cost", "DF.gamma", "DF.data.balancing", "DF.feature.selection", 
"DF.valid.acc", "DF.test.acc", "DF.train.time", "DF.n.support.vectors", 
"DF.index", "DF.n.solutions", "DF.generations", "DF.n.evaluations", 
"DF.cpu.time", "SMBO.cost", "SMBO.gamma", "SMBO.balanced.test.accuracy"
), row.names = c(NA, -11L), class = "data.frame")
