new.sol <-
structure(list(Sampling = c(50, 55, 60, 65, 70, 75, 80, 85, 90, 
95, 100), PSO.cost = c(3.14424, 11.39775, 8.29901, 4.39714, 13.45137, 
10.35466, 11.28, 3.85165, 4.82286, 2.06106, 15), PSO.gamma = c(-3.97217, 
-11.36146, -9.82378, -3.85691, -9.80595, -11.69932, -12.55665, 
-3.38489, -4.25841, -6.32159, -7.98512), PSO.data.balancing = c(0, 
0, 0, 0, 0, 0, 0, 0, 0, 0, 0), PSO.feature.selection = c(0, 0, 
0, 0, 0, 0, 0, 0, 0, 0, 0), PSO.valid.acc = c(0.9875, 0.98889, 
0.98889, 0.99, 0.98889, 0.99, 0.99167, 0.98397, 0.98564, 0.98667, 
0.96667), PSO.test.acc = c(0.9875, 0.97639, 0.98889, 0.99, 0.96056, 
0.98167, 0.99167, 0.98397, 0.97731, 0.97183, 0.96), PSO.train.time = c(0.0082, 
0.0082, 0.0085, 0.0095, 0.0091, 0.0089, 0.0093, 0.009, 0.0105, 
0.0109, 0.0101), PSO.n.support.vectors = c(19.7, 14, 20.3, 17.6, 
10.5, 21, 21.4, 22.2, 19.9, 53.7, 12.5), PSO.index = c(32, 4, 
5, 9, 3, 9, 9, 33, 806, 400, 233), PSO.n.solutions = c(987, 861, 
1161, 1059, 1711, 898, 719, 476, 14, 61, 1072), PSO.generations = c(100, 
100, 100, 100, 100, 100, 100, 100, 100, 100, 100), PSO.n.evaluations = c(2500, 
2500, 2500, 2500, 2500, 2500, 2500, 2500, 2500, 2500, 2500), 
    PSO.cpu.time = c(6433.72, 6497.884, 6513.742, 6731.272, 6562.124, 
    6541.05699999999, 6594.38799999999, 6517.36499999999, 6726.257, 
    6689.492, 6826.57399999999), RS.cost = c(6.06177, 10.953, 
    0.72947, 9.84083, 14.35793, 5.88892, 9.62145, 3.01626, 5.08245, 
    0.44592, 14.99678), RS.gamma = c(-6.71963, -12.66596, -3.18087, 
    -12.21369, -14.07855, -6.47179, -9.05262, -3.11304, -4.4487, 
    -4.54344, -11.51023), RS.data.balancing = c(0, 0, 0, 0, 0, 
    0, 0, 0, 0, 0, 0), RS.feature.selection = c(0, 0, 0, 0, 0, 
    0, 0, 0, 0, 0, 0), RS.valid.acc = c(0.9875, 0.98889, 0.98889, 
    0.99, 0.98889, 0.99, 0.99167, 0.98397, 0.98564, 0.98667, 
    0.96667), RS.test.acc = c(0.9875, 0.97639, 0.98889, 0.99, 
    0.97889, 0.98167, 0.99167, 0.98397, 0.97731, 0.97952, 0.97333
    ), RS.train.time = c(0.009, 0.0087, 0.0093, 0.0093, 0.0085, 
    0.0094, 0.0088, 0.0099, 0.0101, 0.011, 0.0106), RS.n.support.vectors = c(15.7, 
    21, 31.6, 26.7, 14.2, 17.8, 14.5, 25.2, 19.3, 55.6, 14.7), 
    RS.index = c(3, 26, 10, 1, 10, 8, 25, 709, 737, 923, 467), 
    RS.n.solutions = c(107, 314, 419, 378, 531, 316, 264, 3, 
    3, 3, 11), RS.generations = c(100, 100, 100, 100, 100, 100, 
    100, 100, 100, 100, 100), RS.n.evaluations = c(2500, 2500, 
    2500, 2500, 2500, 2500, 2500, 2500, 2500, 2500, 2500), RS.cpu.time = c(6353.905, 
    6427.482, 6759.176, 6409.756, 6695.233, 6550.522, 6491.04399999999, 
    6794.124, 6730.405, 6640.57400000001, 6916.14199999999), 
    DF.cost = c(1, 1, 1, 1, 1, 1, 1, 1, 1, 1, 1), DF.gamma = c(0.25, 
    0.25, 0.25, 0.25, 0.25, 0.25, 0.25, 0.25, 0.25, 0.25, 0.25
    ), DF.data.balancing = c(0, 0, 0, 0, 0, 0, 0, 0, 0, 0, 0), 
    DF.feature.selection = c(0, 0, 0, 0, 0, 0, 0, 0, 0, 0, 0), 
    DF.valid.acc = c(0.94464, 0.96389, 0.97778, 0.98, 0.97889, 
    0.97167, 0.97424, 0.96731, 0.95423, 0.96469, 0.95286), DF.test.acc = c(0.95893, 
    0.97639, 0.97778, 0.99, 0.96889, 0.97167, 0.97424, 0.95897, 
    0.96859, 0.97183, 0.95286), DF.train.time = c(0.0088, 0.0084, 
    0.0091, 0.0099, 0.0089, 0.0097, 0.0096, 0.0104, 0.0108, 0.0099, 
    0.0109), DF.n.support.vectors = c(30.1, 30.7, 32.6, 34.7, 
    37, 38.3, 39.2, 41, 41.7, 42.4, 44.7), DF.index = c(1, 1, 
    1, 1, 1, 1, 1, 1, 1, 1, 1), DF.n.solutions = c(1, 1, 1, 1, 
    1, 1, 1, 1, 1, 1, 1), DF.generations = c(1, 1, 1, 1, 1, 1, 
    1, 1, 1, 1, 1), DF.n.evaluations = c(1, 1, 1, 1, 1, 1, 1, 
    1, 1, 1, 1), DF.cpu.time = c(2.521, 2.468, 2.635, 2.681, 
    2.444, 2.676, 2.523, 2.754, 2.752, 2.784, 2.721), SMBO.cost = c(10.3263548692332, 
    10.3263548692332, 10.3263548692332, 10.3263548692332, 10.3263548692332, 
    10.3263548692332, 10.3263548692332, 10.3263548692332, 10.3263548692332, 
    10.3263548692332, 10.3263548692332), SMBO.gamma = c(-7.45009811051719, 
    -7.45009811051719, -7.45009811051719, -7.45009811051719, 
    -7.45009811051719, -7.45009811051719, -7.45009811051719, 
    -7.45009811051719, -7.45009811051719, -7.45009811051719, 
    -7.45009811051719), SMBO.balanced.test.accuracy = c(0.993055555555556, 
    0.993055555555556, 0.993055555555556, 0.993055555555556, 
    0.993055555555556, 0.993055555555556, 0.993055555555556, 
    0.993055555555556, 0.993055555555556, 0.993055555555556, 
    0.993055555555556)), .Names = c("Sampling", "PSO.cost", "PSO.gamma", 
"PSO.data.balancing", "PSO.feature.selection", "PSO.valid.acc", 
"PSO.test.acc", "PSO.train.time", "PSO.n.support.vectors", "PSO.index", 
"PSO.n.solutions", "PSO.generations", "PSO.n.evaluations", "PSO.cpu.time", 
"RS.cost", "RS.gamma", "RS.data.balancing", "RS.feature.selection", 
"RS.valid.acc", "RS.test.acc", "RS.train.time", "RS.n.support.vectors", 
"RS.index", "RS.n.solutions", "RS.generations", "RS.n.evaluations", 
"RS.cpu.time", "DF.cost", "DF.gamma", "DF.data.balancing", "DF.feature.selection", 
"DF.valid.acc", "DF.test.acc", "DF.train.time", "DF.n.support.vectors", 
"DF.index", "DF.n.solutions", "DF.generations", "DF.n.evaluations", 
"DF.cpu.time", "SMBO.cost", "SMBO.gamma", "SMBO.balanced.test.accuracy"
), row.names = c(NA, -11L), class = "data.frame")
