new.sol <-
structure(list(Sampling = c(50, 55, 60, 65, 70, 75, 80, 85, 90, 
95, 100), PSO.cost = c(15, 8.32079, 2.79438, 8.20815, 7.61301, 
11.24775, 7.57819, 2.0125, 15, 15, 14.78248), PSO.gamma = c(-5.37558, 
-5.73893, -1.87077, -8.97232, -7.06627, -8.60287, -7.27939, -0.65283, 
-10.61587, -10.18868, -12.60688), PSO.data.balancing = c(0, 0, 
0, 0, 0, 0, 0, 0, 0, 0, 0), PSO.feature.selection = c(0, 0, 0, 
0, 0, 0, 0, 0, 0, 0, 0), PSO.valid.acc = c(0.99231, 1, 0.99333, 
0.98301, 0.98918, 0.97947, 0.98636, 0.98221, 0.98714, 0.992, 
0.9849), PSO.test.acc = c(0.97692, 0.98619, 0.98, 0.97745, 0.98392, 
0.97947, 0.97227, 0.97787, 0.97862, 0.996, 0.98091), PSO.train.time = c(0.009, 
0.0091, 0.0113, 0.0099, 0.0102, 0.0107, 0.0108, 0.0116, 0.0102, 
0.0114, 0.0115), PSO.n.support.vectors = c(5.8, 6.3, 17.3, 13.6, 
11.1, 10.5, 14.2, 39.9, 9.5, 9.7, 12.9), PSO.index = c(91, 8, 
173, 204, 8, 19, 8, 362, 103, 75, 2427), PSO.n.solutions = c(517, 
1529, 240, 151, 611, 811, 127, 271, 1127, 1241, 2), PSO.generations = c(100, 
100, 100, 100, 100, 100, 100, 100, 100, 100, 100), PSO.n.evaluations = c(2500, 
2500, 2500, 2500, 2500, 2500, 2500, 2500, 2500, 2500, 2500), 
    PSO.cpu.time = c(6816.015, 6481.373, 6856.06, 6992.689, 6734.231, 
    6788.06600000001, 6743.442, 6767.07400000001, 6666.48699999999, 
    6670.955, 6693.84199999998), RS.cost = c(13.38254, 9.75683, 
    1.4934, 6.47777, 8.42824, 10.57295, 3.30333, 2.50537, 14.46928, 
    13.94762, 14.1409), RS.gamma = c(-5.37255, -5.31133, -1.3537, 
    -7.20588, -8.22656, -7.83864, -1.0988, -0.96842, -9.84451, 
    -9.16983, -13.67474), RS.data.balancing = c(0, 0, 0, 0, 0, 
    0, 0, 0, 0, 0, 0), RS.feature.selection = c(0, 0, 0, 0, 0, 
    0, 0, 0, 0, 0, 0), RS.valid.acc = c(0.99231, 1, 0.99333, 
    0.98301, 0.98918, 0.97947, 0.98636, 0.98221, 0.98297, 0.992, 
    0.9846), RS.test.acc = c(0.97692, 0.97952, 0.98667, 0.97745, 
    0.98363, 0.98474, 0.97182, 0.97806, 0.97862, 0.992, 0.97705
    ), RS.train.time = c(0.0095, 0.0097, 0.0101, 0.0092, 0.0096, 
    0.0101, 0.0114, 0.0105, 0.0108, 0.0112, 0.0112), RS.n.support.vectors = c(5.8, 
    6.2, 23.3, 13.3, 12.1, 10.3, 23.6, 29.9, 9.5, 10.2, 16.3), 
    RS.index = c(450, 1, 339, 83, 49, 21, 324, 65, 121, 101, 
    2363), RS.n.solutions = c(8, 260, 4, 24, 129, 30, 14, 7, 
    22, 15, 1), RS.generations = c(100, 100, 100, 100, 100, 100, 
    100, 100, 100, 100, 100), RS.n.evaluations = c(2500, 2500, 
    2500, 2500, 2500, 2500, 2500, 2500, 2500, 2500, 2500), RS.cpu.time = c(6729.231, 
    6749.654, 6996.828, 6810.477, 6777.921, 6774.82400000001, 
    6775.853, 6685.38799999999, 6691.05799999999, 6731.379, 6839.041
    ), DF.cost = c(1, 1, 1, 1, 1, 1, 1, 1, 1, 1, 1), DF.gamma = c(0.25, 
    0.25, 0.25, 0.25, 0.25, 0.25, 0.25, 0.25, 0.25, 0.25, 0.25
    ), DF.data.balancing = c(0, 0, 0, 0, 0, 0, 0, 0, 0, 0, 0), 
    DF.feature.selection = c(0, 0, 0, 0, 0, 0, 0, 0, 0, 0, 0), 
    DF.valid.acc = c(0.96209, 0.96476, 0.96787, 0.95421, 0.96784, 
    0.95974, 0.95297, 0.96441, 0.94946, 0.95983, 0.94657), DF.test.acc = c(0.96923, 
    0.96476, 0.9612, 0.96009, 0.96784, 0.96474, 0.95273, 0.96441, 
    0.95362, 0.95983, 0.95071), DF.train.time = c(0.0094, 0.0095, 
    0.0097, 0.0105, 0.0109, 0.0112, 0.0109, 0.0117, 0.0117, 0.0118, 
    0.0126), DF.n.support.vectors = c(21.8, 20.6, 23.7, 24, 25.1, 
    27.2, 27.5, 29.7, 29.7, 33.2, 33.1), DF.index = c(1, 1, 1, 
    1, 1, 1, 1, 1, 1, 1, 1), DF.n.solutions = c(1, 1, 1, 1, 1, 
    1, 1, 1, 1, 1, 1), DF.generations = c(1, 1, 1, 1, 1, 1, 1, 
    1, 1, 1, 1), DF.n.evaluations = c(1, 1, 1, 1, 1, 1, 1, 1, 
    1, 1, 1), DF.cpu.time = c(2.626, 2.613, 2.752, 2.789, 2.727, 
    2.78, 2.765, 2.788, 2.733, 2.716, 2.791), SMBO.cost = c(11.2701639747228, 
    11.2701639747228, 11.2701639747228, 11.2701639747228, 11.2701639747228, 
    11.2701639747228, 11.2701639747228, 11.2701639747228, 11.2701639747228, 
    11.2701639747228, 11.2701639747228), SMBO.gamma = c(-7.70893429208907, 
    -7.70893429208907, -7.70893429208907, -7.70893429208907, 
    -7.70893429208907, -7.70893429208907, -7.70893429208907, 
    -7.70893429208907, -7.70893429208907, -7.70893429208907, 
    -7.70893429208907), SMBO.balanced.test.accuracy = c(0.992957746478873, 
    0.992957746478873, 0.992957746478873, 0.992957746478873, 
    0.992957746478873, 0.992957746478873, 0.992957746478873, 
    0.992957746478873, 0.992957746478873, 0.992957746478873, 
    0.992957746478873)), .Names = c("Sampling", "PSO.cost", "PSO.gamma", 
"PSO.data.balancing", "PSO.feature.selection", "PSO.valid.acc", 
"PSO.test.acc", "PSO.train.time", "PSO.n.support.vectors", "PSO.index", 
"PSO.n.solutions", "PSO.generations", "PSO.n.evaluations", "PSO.cpu.time", 
"RS.cost", "RS.gamma", "RS.data.balancing", "RS.feature.selection", 
"RS.valid.acc", "RS.test.acc", "RS.train.time", "RS.n.support.vectors", 
"RS.index", "RS.n.solutions", "RS.generations", "RS.n.evaluations", 
"RS.cpu.time", "DF.cost", "DF.gamma", "DF.data.balancing", "DF.feature.selection", 
"DF.valid.acc", "DF.test.acc", "DF.train.time", "DF.n.support.vectors", 
"DF.index", "DF.n.solutions", "DF.generations", "DF.n.evaluations", 
"DF.cpu.time", "SMBO.cost", "SMBO.gamma", "SMBO.balanced.test.accuracy"
), row.names = c(NA, -11L), class = "data.frame")
