new.sol <-
structure(list(Sampling = c(50, 55, 60, 65, 70, 75, 80, 85, 90, 
95, 100), PSO.cost = c(14.79778, 5.84584, 3.75295, 13.46338, 
13.50312, 15, 15, 14.68415, 13.48483, 15, 11.70532), PSO.gamma = c(-10.55787, 
-0.09576, -1.32374, -9.45108, -9.87786, -11.40166, -10.96165, 
-13.12282, -9.8177, -15, -8.40901), PSO.data.balancing = c(0, 
0, 0, 0, 0, 0, 0, 0, 0, 0, 0), PSO.feature.selection = c(0, 0, 
0, 0, 0, 0, 0, 0, 0, 0, 0), PSO.valid.acc = c(0.97795, 0.97952, 
0.98042, 0.98301, 0.98918, 0.995, 0.98548, 0.9816, 0.98295, 0.98, 
0.9849), PSO.test.acc = c(0.97026, 0.95905, 0.97453, 0.97676, 
0.97865, 0.98974, 0.98569, 0.96816, 0.98333, 0.97183, 0.9812), 
    PSO.train.time = c(0.0095, 0.011, 0.01, 0.0099, 0.0103, 0.0108, 
    0.0108, 0.0115, 0.0114, 0.0114, 0.011), PSO.n.support.vectors = c(8.2, 
    41.1, 17.6, 8.5, 9.2, 9, 10.1, 13.7, 10.9, 18, 11.5), PSO.index = c(93, 
    15, 2174, 402, 145, 75, 82, 137, 19, 51, 49), PSO.n.solutions = c(774, 
    1296, 1, 514, 547, 1443, 971, 674, 1243, 1607, 936), PSO.generations = c(100, 
    100, 100, 100, 100, 100, 100, 100, 100, 100, 100), PSO.n.evaluations = c(2500, 
    2500, 2500, 2500, 2500, 2500, 2500, 2500, 2500, 2500, 2500
    ), PSO.cpu.time = c(6824.063, 6872.457, 6739.92, 6745.916, 
    6679.371, 6685.25600000001, 6671.617, 6680.58200000001, 6645.25600000001, 
    6657.527, 6642.36599999998), RS.cost = c(12.98378, 8.00854, 
    1.35106, 13.57894, 13.37871, 13.90989, 14.29966, 12.79716, 
    14.7791, 7.72216, 12.69192), RS.gamma = c(-8.42116, -0.06524, 
    -3.91428, -9.72716, -9.44781, -9.61477, -10.52814, -11.30695, 
    -10.35343, -7.90317, -8.51954), RS.data.balancing = c(0, 
    0, 0, 0, 0, 0, 0, 0, 0, 0, 0), RS.feature.selection = c(0, 
    0, 0, 0, 0, 0, 0, 0, 0, 0, 0), RS.valid.acc = c(0.97795, 
    0.97952, 0.98083, 0.98301, 0.98918, 0.995, 0.98548, 0.9816, 
    0.98295, 0.98, 0.9849), RS.test.acc = c(0.97026, 0.95905, 
    0.96792, 0.97676, 0.97865, 0.98974, 0.99024, 0.97251, 0.98333, 
    0.96383, 0.9735), RS.train.time = c(0.0097, 0.011, 0.0099, 
    0.0108, 0.01, 0.0107, 0.011, 0.0111, 0.0118, 0.0113, 0.0114
    ), RS.n.support.vectors = c(7.8, 41.7, 20.1, 8.7, 8.9, 8.9, 
    10.2, 13.9, 10.1, 18.5, 10.4), RS.index = c(26, 65, 961, 
    48, 259, 27, 501, 141, 61, 180, 20), RS.n.solutions = c(23, 
    21, 1, 8, 11, 15, 15, 31, 36, 27, 59), RS.generations = c(100, 
    100, 100, 100, 100, 100, 100, 100, 100, 100, 100), RS.n.evaluations = c(2500, 
    2500, 2500, 2500, 2500, 2500, 2500, 2500, 2500, 2500, 2500
    ), RS.cpu.time = c(6860.423, 6828.637, 6748.927, 6721.614, 
    6697.07800000001, 6691.927, 6706.747, 6676.78200000001, 6688.697, 
    6686.092, 6654.89199999999), DF.cost = c(1, 1, 1, 1, 1, 1, 
    1, 1, 1, 1, 1), DF.gamma = c(0.25, 0.25, 0.25, 0.25, 0.25, 
    0.25, 0.25, 0.25, 0.25, 0.25, 0.25), DF.data.balancing = c(0, 
    0, 0, 0, 0, 0, 0, 0, 0, 0, 0), DF.feature.selection = c(0, 
    0, 0, 0, 0, 0, 0, 0, 0, 0, 0), DF.valid.acc = c(0.94051, 
    0.95857, 0.96203, 0.96569, 0.95117, 0.95942, 0.95708, 0.93712, 
    0.95703, 0.95583, 0.96182), DF.test.acc = c(0.96923, 0.94524, 
    0.96203, 0.96013, 0.95643, 0.95866, 0.95234, 0.95532, 0.95721, 
    0.96783, 0.96952), DF.train.time = c(0.01, 0.0098, 0.0102, 
    0.0101, 0.0102, 0.0111, 0.0105, 0.0116, 0.0115, 0.0112, 0.012
    ), DF.n.support.vectors = c(21.8, 23.3, 24.7, 24.8, 25.7, 
    26.4, 29.2, 31.8, 31.7, 32.1, 32.8), DF.index = c(1, 1, 1, 
    1, 1, 1, 1, 1, 1, 1, 1), DF.n.solutions = c(1, 1, 1, 1, 1, 
    1, 1, 1, 1, 1, 1), DF.generations = c(1, 1, 1, 1, 1, 1, 1, 
    1, 1, 1, 1), DF.n.evaluations = c(1, 1, 1, 1, 1, 1, 1, 1, 
    1, 1, 1), DF.cpu.time = c(2.75, 2.689, 2.679, 2.665, 2.653, 
    2.663, 2.671, 2.672, 2.692, 2.674, 2.645), SMBO.cost = c(14.4613758362497, 
    14.4613758362497, 14.4613758362497, 14.4613758362497, 14.4613758362497, 
    14.4613758362497, 14.4613758362497, 14.4613758362497, 14.4613758362497, 
    14.4613758362497, 14.4613758362497), SMBO.gamma = c(-11.7798336368595, 
    -11.7798336368595, -11.7798336368595, -11.7798336368595, 
    -11.7798336368595, -11.7798336368595, -11.7798336368595, 
    -11.7798336368595, -11.7798336368595, -11.7798336368595, 
    -11.7798336368595), SMBO.balanced.test.accuracy = c(0.995552392812667, 
    0.995552392812667, 0.995552392812667, 0.995552392812667, 
    0.995552392812667, 0.995552392812667, 0.995552392812667, 
    0.995552392812667, 0.995552392812667, 0.995552392812667, 
    0.995552392812667)), .Names = c("Sampling", "PSO.cost", "PSO.gamma", 
"PSO.data.balancing", "PSO.feature.selection", "PSO.valid.acc", 
"PSO.test.acc", "PSO.train.time", "PSO.n.support.vectors", "PSO.index", 
"PSO.n.solutions", "PSO.generations", "PSO.n.evaluations", "PSO.cpu.time", 
"RS.cost", "RS.gamma", "RS.data.balancing", "RS.feature.selection", 
"RS.valid.acc", "RS.test.acc", "RS.train.time", "RS.n.support.vectors", 
"RS.index", "RS.n.solutions", "RS.generations", "RS.n.evaluations", 
"RS.cpu.time", "DF.cost", "DF.gamma", "DF.data.balancing", "DF.feature.selection", 
"DF.valid.acc", "DF.test.acc", "DF.train.time", "DF.n.support.vectors", 
"DF.index", "DF.n.solutions", "DF.generations", "DF.n.evaluations", 
"DF.cpu.time", "SMBO.cost", "SMBO.gamma", "SMBO.balanced.test.accuracy"
), row.names = c(NA, -11L), class = "data.frame")
