new.sol <-
structure(list(Sampling = c(50, 55, 60, 65, 70, 75, 80, 85, 90, 
95, 100), PSO.cost = c(5.88457, 11.13053, 13.59099, 15, 15, 15, 
14.44681, 11.97135, 11.98756, 11.83157, 10.57733), PSO.gamma = c(-3.24316, 
-6.54579, -8.97343, -2.41224, -10.02957, -9.85482, -10.42029, 
-10.69629, -8.78434, -9.13019, -7.70437), PSO.data.balancing = c(0, 
0, 0, 0, 0, 0, 0, 0, 0, 0, 0), PSO.feature.selection = c(0, 0, 
0, 0, 0, 0, 0, 0, 0, 0, 0), PSO.valid.acc = c(0.98516, 0.99286, 
1, 0.99412, 1, 1, 0.99524, 0.99565, 0.98732, 0.988, 0.99615), 
    PSO.test.acc = c(0.98516, 0.99286, 0.98708, 0.99412, 1, 0.995, 
    0.99024, 0.99565, 0.97446, 0.98383, 0.98846), PSO.train.time = c(0.0102, 
    0.0093, 0.0096, 0.0111, 0.0101, 0.0094, 0.0099, 0.0102, 0.0111, 
    0.0113, 0.0121), PSO.n.support.vectors = c(10.2, 5.4, 4.9, 
    9.3, 4.8, 4.8, 5.6, 9.1, 11.4, 12.2, 12.1), PSO.index = c(3, 
    17, 27, 28, 62, 83, 4, 66, 167, 438, 2260), PSO.n.solutions = c(1116, 
    1644, 1432, 779, 1056, 1453, 990, 405, 216, 35, 1), PSO.generations = c(100, 
    100, 100, 100, 100, 100, 100, 100, 100, 100, 100), PSO.n.evaluations = c(2500, 
    2500, 2500, 2500, 2500, 2500, 2500, 2500, 2500, 2500, 2500
    ), PSO.cpu.time = c(6430.97, 6647.477, 6596.093, 6631.873, 
    6569.33, 6513.01000000001, 6772.46299999999, 6674.518, 6664.73199999999, 
    6665.02399999999, 6772.478), RS.cost = c(9.92005, 11.6473, 
    13.97219, 10.11241, 14.57903, 14.6565, 14.45989, 10.17126, 
    11.99178, 12.46391, 10.67686), RS.gamma = c(-10.35818, -11.94163, 
    -8.87393, -10.10118, -10.50172, -10.01638, -12.93421, -8.93918, 
    -8.85402, -8.1923, -7.88551), RS.data.balancing = c(0, 0, 
    0, 0, 0, 0, 0, 0, 0, 0, 0), RS.feature.selection = c(0, 0, 
    0, 0, 0, 0, 0, 0, 0, 0, 0), RS.valid.acc = c(0.98516, 0.99286, 
    1, 0.99412, 1, 1, 0.99524, 0.99565, 0.98732, 0.98383, 0.99615
    ), RS.test.acc = c(0.97747, 0.98619, 0.98708, 0.98856, 1, 
    1, 0.99048, 0.99565, 0.97446, 0.98383, 0.98462), RS.train.time = c(0.0095, 
    0.0118, 0.0087, 0.0115, 0.01, 0.0096, 0.0106, 0.0114, 0.0112, 
    0.0111, 0.012), RS.n.support.vectors = c(11, 11, 4.9, 11.2, 
    5.5, 4.9, 7.7, 9.1, 11.4, 10.5, 12), RS.index = c(3, 4, 104, 
    5, 186, 34, 1, 59, 835, 3, 2091), RS.n.solutions = c(355, 
    354, 18, 249, 11, 19, 237, 38, 3, 73, 1), RS.generations = c(100, 
    100, 100, 100, 100, 100, 100, 100, 100, 100, 100), RS.n.evaluations = c(2500, 
    2500, 2500, 2500, 2500, 2500, 2500, 2500, 2500, 2500, 2500
    ), RS.cpu.time = c(6645.572, 6630.072, 6646.879, 6701.752, 
    6486.525, 6526.602, 6770.781, 6728.493, 6669.041, 6820.008, 
    6720.66999999998), DF.cost = c(1, 1, 1, 1, 1, 1, 1, 1, 1, 
    1, 1), DF.gamma = c(0.25, 0.25, 0.25, 0.25, 0.25, 0.25, 0.25, 
    0.25, 0.25, 0.25, 0.25), DF.data.balancing = c(0, 0, 0, 0, 
    0, 0, 0, 0, 0, 0, 0), DF.feature.selection = c(0, 0, 0, 0, 
    0, 0, 0, 0, 0, 0, 0), DF.valid.acc = c(0.96209, 0.96476, 
    0.94917, 0.96471, 0.95643, 0.96447, 0.96684, 0.96443, 0.94946, 
    0.95999, 0.95413), DF.test.acc = c(0.96978, 0.9581, 0.94292, 
    0.97647, 0.95117, 0.96947, 0.96208, 0.96443, 0.94511, 0.95999, 
    0.95798), DF.train.time = c(0.0099, 0.011, 0.0111, 0.0105, 
    0.0108, 0.0101, 0.0115, 0.0115, 0.0111, 0.012, 0.0127), DF.n.support.vectors = c(22.7, 
    23.1, 24.6, 24.2, 24.9, 25.5, 25.8, 27.1, 30.8, 32.3, 32), 
    DF.index = c(1, 1, 1, 1, 1, 1, 1, 1, 1, 1, 1), DF.n.solutions = c(1, 
    1, 1, 1, 1, 1, 1, 1, 1, 1, 1), DF.generations = c(1, 1, 1, 
    1, 1, 1, 1, 1, 1, 1, 1), DF.n.evaluations = c(1, 1, 1, 1, 
    1, 1, 1, 1, 1, 1, 1), DF.cpu.time = c(2.677, 2.597, 2.642, 
    2.624, 2.726, 2.468, 2.682, 2.66, 2.69, 2.726, 2.601), SMBO.cost = c(10.6138212013035, 
    10.6138212013035, 10.6138212013035, 10.6138212013035, 10.6138212013035, 
    10.6138212013035, 10.6138212013035, 10.6138212013035, 10.6138212013035, 
    10.6138212013035, 10.6138212013035), SMBO.gamma = c(-8.73066485587494, 
    -8.73066485587494, -8.73066485587494, -8.73066485587494, 
    -8.73066485587494, -8.73066485587494, -8.73066485587494, 
    -8.73066485587494, -8.73066485587494, -8.73066485587494, 
    -8.73066485587494), SMBO.balanced.test.accuracy = c(0.993118118118118, 
    0.993118118118118, 0.993118118118118, 0.993118118118118, 
    0.993118118118118, 0.993118118118118, 0.993118118118118, 
    0.993118118118118, 0.993118118118118, 0.993118118118118, 
    0.993118118118118)), .Names = c("Sampling", "PSO.cost", "PSO.gamma", 
"PSO.data.balancing", "PSO.feature.selection", "PSO.valid.acc", 
"PSO.test.acc", "PSO.train.time", "PSO.n.support.vectors", "PSO.index", 
"PSO.n.solutions", "PSO.generations", "PSO.n.evaluations", "PSO.cpu.time", 
"RS.cost", "RS.gamma", "RS.data.balancing", "RS.feature.selection", 
"RS.valid.acc", "RS.test.acc", "RS.train.time", "RS.n.support.vectors", 
"RS.index", "RS.n.solutions", "RS.generations", "RS.n.evaluations", 
"RS.cpu.time", "DF.cost", "DF.gamma", "DF.data.balancing", "DF.feature.selection", 
"DF.valid.acc", "DF.test.acc", "DF.train.time", "DF.n.support.vectors", 
"DF.index", "DF.n.solutions", "DF.generations", "DF.n.evaluations", 
"DF.cpu.time", "SMBO.cost", "SMBO.gamma", "SMBO.balanced.test.accuracy"
), row.names = c(NA, -11L), class = "data.frame")
