new.sol <-
structure(list(Sampling = c(50, 55, 60, 65, 70, 75, 80, 85, 90, 
95, 100), PSO.cost = c(0.92774, 10.42337, 12.84915, 9.15751, 
0.73576, 13.24649, 11.79578, 14.83757, 10.82591, 15, 15), PSO.gamma = c(0.98034, 
-5.79654, -0.61773, -9.20655, -2.90605, -9.03342, -6.43199, -10.15457, 
-5.84963, -7.05039, -10.87651), PSO.data.balancing = c(0, 0, 
0, 0, 0, 0, 0, 0, 0, 0, 0), PSO.feature.selection = c(0, 0, 0, 
0, 0, 0, 0, 0, 0, 0, 0), PSO.valid.acc = c(0.98516, 0.97952, 
0.98083, 0.98235, 0.98363, 0.995, 0.98095, 0.98656, 0.99167, 
0.988, 0.98476), PSO.test.acc = c(0.98516, 0.97286, 0.96125, 
0.9768, 0.96696, 0.97974, 0.96667, 0.97767, 0.97899, 0.976, 0.98091
), PSO.train.time = c(0.0121, 0.0095, 0.0109, 0.0093, 0.0099, 
0.01, 0.0108, 0.011, 0.0111, 0.0117, 0.0116), PSO.n.support.vectors = c(66.6, 
7, 28.1, 12.3, 22.3, 8, 9.5, 10.1, 10.9, 8.8, 10.3), PSO.index = c(169, 
89, 5, 8, 339, 520, 9, 155, 97, 69, 69), PSO.n.solutions = c(204, 
342, 1465, 216, 53, 67, 186, 804, 597, 1063, 915), PSO.generations = c(100, 
100, 100, 100, 100, 100, 100, 100, 100, 100, 100), PSO.n.evaluations = c(2500, 
2500, 2500, 2500, 2500, 2500, 2500, 2500, 2500, 2500, 2500), 
    PSO.cpu.time = c(6810.339, 6684.507, 6505.217, 6561.576, 
    6517.679, 6424.768, 6501.95299999999, 6525.129, 6507.306, 
    6182.372, 6165.21800000001), RS.cost = c(0.85116, 12.25898, 
    14.31134, 5.74622, 0.32163, 14.73328, 11.97124, 8.87101, 
    11.06426, 13.01494, 13.46282), RS.gamma = c(1.14627, -8.78512, 
    -1.69016, -5.51916, -2.31244, -9.38522, -8.58756, -8.67591, 
    -6.23957, -8.50496, -9.67444), RS.data.balancing = c(0, 0, 
    0, 0, 0, 0, 0, 0, 0, 0, 0), RS.feature.selection = c(0, 0, 
    0, 0, 0, 0, 0, 0, 0, 0, 0), RS.valid.acc = c(0.98516, 0.97952, 
    0.98083, 0.98235, 0.98363, 0.99, 0.98548, 0.98636, 0.99167, 
    0.988, 0.98476), RS.test.acc = c(0.97802, 0.97286, 0.96125, 
    0.97092, 0.97251, 0.985, 0.97641, 0.97747, 0.98315, 0.98, 
    0.98476), RS.train.time = c(0.0119, 0.009, 0.0099, 0.0093, 
    0.0106, 0.0103, 0.0106, 0.0107, 0.0109, 0.0107, 0.0114), 
    RS.n.support.vectors = c(70.9, 8.6, 10.8, 12.3, 27.1, 6.8, 
    11.4, 16.5, 10.9, 10.5, 10.7), RS.index = c(329, 29, 7, 259, 
    138, 417, 383, 321, 178, 53, 80), RS.n.solutions = c(1, 62, 
    122, 30, 3, 6, 2, 3, 5, 53, 25), RS.generations = c(100, 
    100, 100, 100, 100, 100, 100, 100, 100, 100, 100), RS.n.evaluations = c(2500, 
    2500, 2500, 2500, 2500, 2500, 2500, 2500, 2500, 2500, 2500
    ), RS.cpu.time = c(6762.898, 6483.707, 6488.217, 6606.451, 
    6580.04500000001, 6518.52699999999, 6523.69499999999, 6517.64599999999, 
    6427.14199999999, 6215.17199999999, 6633.07200000001), DF.cost = c(1, 
    1, 1, 1, 1, 1, 1, 1, 1, 1, 1), DF.gamma = c(0.25, 0.25, 0.25, 
    0.25, 0.25, 0.25, 0.25, 0.25, 0.25, 0.25, 0.25), DF.data.balancing = c(0, 
    0, 0, 0, 0, 0, 0, 0, 0, 0, 0), DF.feature.selection = c(0, 
    0, 0, 0, 0, 0, 0, 0, 0, 0, 0), DF.valid.acc = c(0.97033, 
    0.95952, 0.94917, 0.94771, 0.97281, 0.96921, 0.96186, 0.96838, 
    0.96196, 0.96, 0.95767), DF.test.acc = c(0.96319, 0.95952, 
    0.95542, 0.95359, 0.96725, 0.97421, 0.97186, 0.96816, 0.96178, 
    0.956, 0.95012), DF.train.time = c(0.0095, 0.0105, 0.0104, 
    0.01, 0.011, 0.011, 0.0111, 0.0114, 0.0118, 0.0118, 0.0115
    ), DF.n.support.vectors = c(18.9, 22.9, 23.2, 26, 29.2, 28.6, 
    30.8, 32.4, 32.1, 32.2, 32.3), DF.index = c(1, 1, 1, 1, 1, 
    1, 1, 1, 1, 1, 1), DF.n.solutions = c(1, 1, 1, 1, 1, 1, 1, 
    1, 1, 1, 1), DF.generations = c(1, 1, 1, 1, 1, 1, 1, 1, 1, 
    1, 1), DF.n.evaluations = c(1, 1, 1, 1, 1, 1, 1, 1, 1, 1, 
    1), DF.cpu.time = c(2.665, 2.709, 2.712, 2.624, 2.645, 2.626, 
    2.629, 2.619, 2.628, 2.586, 2.707), SMBO.cost = c(14.9768686430456, 
    14.9768686430456, 14.9768686430456, 14.9768686430456, 14.9768686430456, 
    14.9768686430456, 14.9768686430456, 14.9768686430456, 14.9768686430456, 
    14.9768686430456, 14.9768686430456), SMBO.gamma = c(-10.8896765156168, 
    -10.8896765156168, -10.8896765156168, -10.8896765156168, 
    -10.8896765156168, -10.8896765156168, -10.8896765156168, 
    -10.8896765156168, -10.8896765156168, -10.8896765156168, 
    -10.8896765156168), SMBO.balanced.test.accuracy = c(0.995494672754947, 
    0.995494672754947, 0.995494672754947, 0.995494672754947, 
    0.995494672754947, 0.995494672754947, 0.995494672754947, 
    0.995494672754947, 0.995494672754947, 0.995494672754947, 
    0.995494672754947)), .Names = c("Sampling", "PSO.cost", "PSO.gamma", 
"PSO.data.balancing", "PSO.feature.selection", "PSO.valid.acc", 
"PSO.test.acc", "PSO.train.time", "PSO.n.support.vectors", "PSO.index", 
"PSO.n.solutions", "PSO.generations", "PSO.n.evaluations", "PSO.cpu.time", 
"RS.cost", "RS.gamma", "RS.data.balancing", "RS.feature.selection", 
"RS.valid.acc", "RS.test.acc", "RS.train.time", "RS.n.support.vectors", 
"RS.index", "RS.n.solutions", "RS.generations", "RS.n.evaluations", 
"RS.cpu.time", "DF.cost", "DF.gamma", "DF.data.balancing", "DF.feature.selection", 
"DF.valid.acc", "DF.test.acc", "DF.train.time", "DF.n.support.vectors", 
"DF.index", "DF.n.solutions", "DF.generations", "DF.n.evaluations", 
"DF.cpu.time", "SMBO.cost", "SMBO.gamma", "SMBO.balanced.test.accuracy"
), row.names = c(NA, -11L), class = "data.frame")
