new.sol <-
structure(list(Sampling = c(50, 55, 60, 65, 70, 75, 80, 85, 90, 
95, 100), PSO.cost = c(-0.65102, 1.57082, 0.22238, 11.77828, 
15, 13.18375, 7.04095, 3.91266, 15, 15, 11.75824), PSO.gamma = c(-1.8556, 
-2.45631, -2.65468, -8.19632, -14.61636, -11.25627, -10.46068, 
-3.4953, -5.08241, -10.2503, -8.50137), PSO.data.balancing = c(0, 
0, 0, 0, 0, 0, 0, 0, 0, 0, 0), PSO.feature.selection = c(0, 0, 
0, 0, 0, 0, 0, 0, 0, 0, 0), PSO.valid.acc = c(0.98516, 0.98571, 
0.99333, 0.98231, 0.98363, 0.98974, 0.97229, 0.98241, 0.97917, 
0.992, 0.99245), PSO.test.acc = c(0.96978, 0.97905, 0.9812, 0.97643, 
0.98333, 0.97997, 0.96299, 0.98676, 0.975, 0.988, 0.99245), PSO.train.time = c(0.0098, 
0.0101, 0.01, 0.0097, 0.0094, 0.0111, 0.0117, 0.0111, 0.0104, 
0.0125, 0.0115), PSO.n.support.vectors = c(23.8, 17.4, 20.5, 
7.1, 12.6, 10.3, 23.2, 15.8, 8.6, 10, 12.4), PSO.index = c(527, 
105, 344, 106, 72, 71, 35, 14, 55, 180, 47), PSO.n.solutions = c(122, 
210, 842, 1121, 484, 589, 166, 717, 1258, 1280, 1039), PSO.generations = c(100, 
100, 100, 100, 100, 100, 100, 100, 100, 100, 100), PSO.n.evaluations = c(2500, 
2500, 2500, 2500, 2500, 2500, 2500, 2500, 2500, 2500, 2500), 
    PSO.cpu.time = c(6710.292, 6507.072, 6647.815, 6384.25, 6409.128, 
    6461.715, 6449.428, 6522.784, 6401.823, 6773.69899999999, 
    6486.93399999999), RS.cost = c(0.05452, 1.82853, -0.00535, 
    14.25163, 13.91797, 14.40283, 3.57108, 13.47951, 14.50353, 
    14.69708, 14.24835), RS.gamma = c(-2.89551, -2.66938, -2.26845, 
    -9.39365, -14.50183, -11.25209, -1.34138, -10.61264, -4.96661, 
    -10.92717, -11.09255), RS.data.balancing = c(0, 0, 0, 0, 
    0, 0, 0, 0, 0, 0, 0), RS.feature.selection = c(0, 0, 0, 0, 
    0, 0, 0, 0, 0, 0, 0), RS.valid.acc = c(0.98516, 0.98571, 
    0.99333, 0.98231, 0.98363, 0.98974, 0.9766, 0.98241, 0.97917, 
    0.992, 0.99245), RS.test.acc = c(0.96978, 0.9719, 0.9812, 
    0.98819, 0.97281, 0.98974, 0.96275, 0.97806, 0.975, 0.992, 
    0.99245), RS.train.time = c(0.0101, 0.0097, 0.0092, 0.0095, 
    0.0097, 0.011, 0.0104, 0.0113, 0.0114, 0.0118, 0.0115), RS.n.support.vectors = c(20.5, 
    16.2, 21.5, 6.3, 14.3, 8.5, 16.3, 10, 8.6, 11, 12.3), RS.index = c(173, 
    27, 264, 5, 69, 17, 1520, 305, 71, 794, 18), RS.n.solutions = c(5, 
    24, 9, 33, 57, 14, 3, 7, 18, 10, 46), RS.generations = c(100, 
    100, 100, 100, 100, 100, 100, 100, 100, 100, 100), RS.n.evaluations = c(2500, 
    2500, 2500, 2500, 2500, 2500, 2500, 2500, 2500, 2500, 2500
    ), RS.cpu.time = c(6464.404, 6586.917, 6510.884, 6434.3, 
    6389.68, 6487.755, 6426.978, 6458.109, 6518.976, 6750.09699999999, 
    6334.39299999998), DF.cost = c(1, 1, 1, 1, 1, 1, 1, 1, 1, 
    1, 1), DF.gamma = c(0.25, 0.25, 0.25, 0.25, 0.25, 0.25, 0.25, 
    0.25, 0.25, 0.25, 0.25), DF.data.balancing = c(0, 0, 0, 0, 
    0, 0, 0, 0, 0, 0, 0), DF.feature.selection = c(0, 0, 0, 0, 
    0, 0, 0, 0, 0, 0, 0), DF.valid.acc = c(0.96978, 0.97857, 
    0.98708, 0.97124, 0.9614, 0.96995, 0.95799, 0.95966, 0.95777, 
    0.952, 0.96181), DF.test.acc = c(0.96978, 0.97857, 0.98708, 
    0.96569, 0.97281, 0.96495, 0.96751, 0.96897, 0.95777, 0.956, 
    0.96181), DF.train.time = c(0.0102, 0.0099, 0.0105, 0.0099, 
    0.0114, 0.012, 0.0114, 0.0108, 0.0121, 0.0121, 0.0128), DF.n.support.vectors = c(21.7, 
    22, 21.6, 22.7, 25.5, 26.6, 28.5, 29.4, 30.2, 32.3, 32.6), 
    DF.index = c(1, 1, 1, 1, 1, 1, 1, 1, 1, 1, 1), DF.n.solutions = c(1, 
    1, 1, 1, 1, 1, 1, 1, 1, 1, 1), DF.generations = c(1, 1, 1, 
    1, 1, 1, 1, 1, 1, 1, 1), DF.n.evaluations = c(1, 1, 1, 1, 
    1, 1, 1, 1, 1, 1, 1), DF.cpu.time = c(2.647, 2.65, 2.642, 
    2.481, 2.695, 2.66, 2.637, 2.462, 2.691, 2.713, 2.67), SMBO.cost = c(13.5204213757013, 
    13.5204213757013, 13.5204213757013, 13.5204213757013, 13.5204213757013, 
    13.5204213757013, 13.5204213757013, 13.5204213757013, 13.5204213757013, 
    13.5204213757013, 13.5204213757013), SMBO.gamma = c(-11.7509641687892, 
    -11.7509641687892, -11.7509641687892, -11.7509641687892, 
    -11.7509641687892, -11.7509641687892, -11.7509641687892, 
    -11.7509641687892, -11.7509641687892, -11.7509641687892, 
    -11.7509641687892), SMBO.balanced.test.accuracy = c(0.990929285449833, 
    0.990929285449833, 0.990929285449833, 0.990929285449833, 
    0.990929285449833, 0.990929285449833, 0.990929285449833, 
    0.990929285449833, 0.990929285449833, 0.990929285449833, 
    0.990929285449833)), .Names = c("Sampling", "PSO.cost", "PSO.gamma", 
"PSO.data.balancing", "PSO.feature.selection", "PSO.valid.acc", 
"PSO.test.acc", "PSO.train.time", "PSO.n.support.vectors", "PSO.index", 
"PSO.n.solutions", "PSO.generations", "PSO.n.evaluations", "PSO.cpu.time", 
"RS.cost", "RS.gamma", "RS.data.balancing", "RS.feature.selection", 
"RS.valid.acc", "RS.test.acc", "RS.train.time", "RS.n.support.vectors", 
"RS.index", "RS.n.solutions", "RS.generations", "RS.n.evaluations", 
"RS.cpu.time", "DF.cost", "DF.gamma", "DF.data.balancing", "DF.feature.selection", 
"DF.valid.acc", "DF.test.acc", "DF.train.time", "DF.n.support.vectors", 
"DF.index", "DF.n.solutions", "DF.generations", "DF.n.evaluations", 
"DF.cpu.time", "SMBO.cost", "SMBO.gamma", "SMBO.balanced.test.accuracy"
), row.names = c(NA, -11L), class = "data.frame")
