new.sol <-
structure(list(Sampling = c(50, 55, 60, 65, 70, 75, 80, 85, 90, 
95, 100), PSO.cost = c(7.0031, 5.7245, 9.53222, 8.19493, 3.27711, 
6.28132, 12.62198, 13.3433, 11.54855, 2.67605, 2.05598), PSO.gamma = c(-2.90848, 
-3.94157, -2.56039, -2.76792, -2.9774, -2.59818, -3.21438, -3.01258, 
-3.15327, -2.97287, -2.76497), PSO.data.balancing = c(0, 0, 0, 
0, 0, 0, 0, 0, 0, 0, 0), PSO.feature.selection = c(0, 0, 0, 0, 
0, 0, 0, 0, 0, 0, 0), PSO.valid.acc = c(0.9498, 0.95364, 0.94167, 
0.9609, 0.94945, 0.94571, 0.93667, 0.94118, 0.94398, 0.95205, 
0.95421), PSO.test.acc = c(0.92667, 0.93545, 0.94167, 0.94423, 
0.92802, 0.9319, 0.93042, 0.92941, 0.93842, 0.93626, 0.94921), 
    PSO.train.time = c(0.0203, 0.0204, 0.0204, 0.0218, 0.0223, 
    0.025, 0.0241, 0.0263, 0.0259, 0.0274, 0.0336), PSO.n.support.vectors = c(55.6, 
    44.2, 67.1, 67.9, 67.6, 79.1, 67.4, 72.1, 71.7, 78.7, 87.6
    ), PSO.index = c(84, 166, 9, 74, 732, 32, 23, 35, 89, 148, 
    1538), PSO.n.solutions = c(619, 1408, 874, 1054, 154, 873, 
    1304, 284, 314, 394, 4), PSO.generations = c(100, 100, 100, 
    100, 100, 100, 100, 100, 100, 100, 100), PSO.n.evaluations = c(2500, 
    2500, 2500, 2500, 2500, 2500, 2500, 2500, 2500, 2500, 2500
    ), PSO.cpu.time = c(6787.777, 6952.424, 6982.229, 7101.217, 
    7096.297, 7329.156, 7375.575, 7375.30500000001, 7460.572, 
    7536.296, 9926.47700000001), RS.cost = c(9.18796, 12.14329, 
    3.02243, 10.13674, 2.82256, 2.4831, 12.81437, 10.01841, 7.75119, 
    3.14536, 2.9516), RS.gamma = c(-2.9057, -3.91989, -3.54024, 
    -2.70353, -2.98684, -3.05976, -3.24175, -2.26624, -3.16162, 
    -3.41681, -2.75782), RS.data.balancing = c(0, 0, 0, 0, 0, 
    0, 0, 0, 0, 0, 0), RS.feature.selection = c(0, 0, 0, 0, 0, 
    0, 0, 0, 0, 0, 0), RS.valid.acc = c(0.9498, 0.95364, 0.94167, 
    0.9609, 0.94945, 0.95238, 0.93667, 0.94118, 0.94398, 0.95205, 
    0.94921), RS.test.acc = c(0.92667, 0.93545, 0.94167, 0.92821, 
    0.92802, 0.94571, 0.93042, 0.93529, 0.93842, 0.94152, 0.95421
    ), RS.train.time = c(0.0202, 0.0195, 0.0204, 0.0235, 0.023, 
    0.0233, 0.0278, 0.026, 0.0261, 0.025, 0.0331), RS.n.support.vectors = c(55.7, 
    44.3, 52.4, 69, 67.6, 70.6, 66.7, 94.8, 71.6, 71.8, 84.9), 
    RS.index = c(1566, 19, 24, 1084, 125, 252, 90, 25, 1413, 
    885, 1), RS.n.solutions = c(2, 22, 60, 8, 3, 1, 27, 15, 1, 
    2, 47), RS.generations = c(100, 100, 100, 100, 100, 100, 
    100, 100, 100, 100, 100), RS.n.evaluations = c(2500, 2500, 
    2500, 2500, 2500, 2500, 2500, 2500, 2500, 2500, 2500), RS.cpu.time = c(6750.21, 
    6956.11, 7008.631, 7117.516, 7190.734, 7340.18700000001, 
    7351.423, 7365.432, 7506.09999999999, 8402.32800000001, 9768.579
    ), DF.cost = c(1, 1, 1, 1, 1, 1, 1, 1, 1, 1, 1), DF.gamma = c(0.04545, 
    0.04545, 0.04545, 0.04545, 0.04545, 0.04545, 0.04545, 0.04545, 
    0.04545, 0.04545, 0.04545), DF.data.balancing = c(0, 0, 0, 
    0, 0, 0, 0, 0, 0, 0, 0), DF.feature.selection = c(0, 0, 0, 
    0, 0, 0, 0, 0, 0, 0, 0), DF.valid.acc = c(0.85828, 0.87091, 
    0.85758, 0.88205, 0.84835, 0.87667, 0.86792, 0.86912, 0.86348, 
    0.88304, 0.87649), DF.test.acc = c(0.86939, 0.83273, 0.85758, 
    0.85, 0.85604, 0.87, 0.86833, 0.86324, 0.86937, 0.87251, 
    0.87649), DF.train.time = c(0.02, 0.0199, 0.0207, 0.0212, 
    0.0257, 0.0222, 0.0238, 0.0232, 0.0252, 0.0312, 0.0301), 
    DF.n.support.vectors = c(47.6, 50.8, 51.2, 54.3, 60.6, 64.4, 
    67.5, 68.9, 70.5, 76.3, 77), DF.index = c(1, 1, 1, 1, 1, 
    1, 1, 1, 1, 1, 1), DF.n.solutions = c(1, 1, 1, 1, 1, 1, 1, 
    1, 1, 1, 1), DF.generations = c(1, 1, 1, 1, 1, 1, 1, 1, 1, 
    1, 1), DF.n.evaluations = c(1, 1, 1, 1, 1, 1, 1, 1, 1, 1, 
    1), DF.cpu.time = c(2.788, 2.732, 2.778, 2.768, 2.863, 2.955, 
    2.988, 2.94, 3.003, 4.081, 3.913), SMBO.cost = c(12.7935843917555, 
    12.7935843917555, 12.7935843917555, 12.7935843917555, 12.7935843917555, 
    12.7935843917555, 12.7935843917555, 12.7935843917555, 12.7935843917555, 
    12.7935843917555, 12.7935843917555), SMBO.gamma = c(-8.32430670392768, 
    -8.32430670392768, -8.32430670392768, -8.32430670392768, 
    -8.32430670392768, -8.32430670392768, -8.32430670392768, 
    -8.32430670392768, -8.32430670392768, -8.32430670392768, 
    -8.32430670392768), SMBO.balanced.test.accuracy = c(0.949638663053297, 
    0.949638663053297, 0.949638663053297, 0.949638663053297, 
    0.949638663053297, 0.949638663053297, 0.949638663053297, 
    0.949638663053297, 0.949638663053297, 0.949638663053297, 
    0.949638663053297)), .Names = c("Sampling", "PSO.cost", "PSO.gamma", 
"PSO.data.balancing", "PSO.feature.selection", "PSO.valid.acc", 
"PSO.test.acc", "PSO.train.time", "PSO.n.support.vectors", "PSO.index", 
"PSO.n.solutions", "PSO.generations", "PSO.n.evaluations", "PSO.cpu.time", 
"RS.cost", "RS.gamma", "RS.data.balancing", "RS.feature.selection", 
"RS.valid.acc", "RS.test.acc", "RS.train.time", "RS.n.support.vectors", 
"RS.index", "RS.n.solutions", "RS.generations", "RS.n.evaluations", 
"RS.cpu.time", "DF.cost", "DF.gamma", "DF.data.balancing", "DF.feature.selection", 
"DF.valid.acc", "DF.test.acc", "DF.train.time", "DF.n.support.vectors", 
"DF.index", "DF.n.solutions", "DF.generations", "DF.n.evaluations", 
"DF.cpu.time", "SMBO.cost", "SMBO.gamma", "SMBO.balanced.test.accuracy"
), row.names = c(NA, -11L), class = "data.frame")
