new.sol <-
structure(list(Sampling = c(50, 55, 60, 65, 70, 75, 80, 85, 90, 
95, 100), PSO.cost = c(2.38342, 15, 10.16237, 7.47288, 13.73703, 
2.47002, 1.49746, 5.46668, 3.1245, 4.13842, 0.29736), PSO.gamma = c(-3.59789, 
-3.09322, -2.28981, -2.67225, -2.56124, -3.4977, -3.28778, -2.38293, 
-2.87044, -2.39557, -2.59912), PSO.data.balancing = c(0, 0, 0, 
0, 0, 0, 0, 0, 0, 0, 0), PSO.feature.selection = c(0, 0, 0, 0, 
0, 0, 0, 0, 0, 0, 0), PSO.valid.acc = c(0.93778, 0.92712, 0.95682, 
0.93773, 0.95095, 0.96, 0.9625, 0.95846, 0.95421, 0.94088, 0.95447
), PSO.test.acc = c(0.92778, 0.8997, 0.93106, 0.95311, 0.94381, 
0.94571, 0.95625, 0.94669, 0.94343, 0.93035, 0.93892), PSO.train.time = c(0.0194, 
0.0215, 0.022, 0.0241, 0.0242, 0.0239, 0.0247, 0.029, 0.0267, 
0.0305, 0.0302), PSO.n.support.vectors = c(45.4, 52.8, 70, 63.7, 
69.6, 59.3, 69.4, 84.3, 72.3, 93.1, 103.3), PSO.index = c(1371, 
61, 28, 36, 11, 882, 222, 199, 605, 94, 1235), PSO.n.solutions = c(43, 
1289, 1183, 1309, 1023, 36, 184, 1118, 74, 1413, 59), PSO.generations = c(100, 
100, 100, 100, 100, 100, 100, 100, 100, 100, 100), PSO.n.evaluations = c(2500, 
2500, 2500, 2500, 2500, 2500, 2500, 2500, 2500, 2500, 2500), 
    PSO.cpu.time = c(7173.538, 7092.025, 7103.493, 7273.539, 
    7611.08, 7683.895, 7680.31200000001, 7749.58, 7677.45599999999, 
    7804.93800000002, 7736.834), RS.cost = c(7.00765, 10.56642, 
    11.92518, 9.76966, 4.26827, 8.67169, 1.6421, 11.41548, 1.26743, 
    4.70578, 0.58587), RS.gamma = c(-3.96927, -2.95494, -2.31702, 
    -3.07668, -2.62619, -2.27234, -3.38905, -2.40092, -2.33129, 
    -2.49866, -2.71472), RS.data.balancing = c(0, 0, 0, 0, 0, 
    0, 0, 0, 0, 0, 0), RS.feature.selection = c(0, 0, 0, 0, 0, 
    0, 0, 0, 0, 0, 0), RS.valid.acc = c(0.93, 0.92712, 0.95682, 
    0.93773, 0.95095, 0.95952, 0.9625, 0.95846, 0.94866, 0.94088, 
    0.94421), RS.test.acc = c(0.90667, 0.89061, 0.93106, 0.95192, 
    0.94381, 0.95238, 0.95625, 0.94669, 0.9434, 0.93035, 0.93892
    ), RS.train.time = c(0.0201, 0.0217, 0.0224, 0.0228, 0.0248, 
    0.0265, 0.0244, 0.0288, 0.03, 0.0299, 0.0302), RS.n.support.vectors = c(39.3, 
    54.9, 69.3, 54.6, 67.5, 82.1, 67.9, 82.9, 93.9, 89, 98.3), 
    RS.index = c(110, 45, 120, 14, 61, 74, 405, 307, 436, 3, 
    1600), RS.n.solutions = c(51, 18, 11, 58, 13, 14, 1, 15, 
    8, 52, 3), RS.generations = c(100, 100, 100, 100, 100, 100, 
    100, 100, 100, 100, 100), RS.n.evaluations = c(2500, 2500, 
    2500, 2500, 2500, 2500, 2500, 2500, 2500, 2500, 2500), RS.cpu.time = c(7108.91, 
    7090.139, 7177.327, 7374.12, 7634.932, 7679.43700000001, 
    7720.84300000001, 7695.595, 7742.32800000001, 7779.98599999998, 
    7989.94700000001), DF.cost = c(1, 1, 1, 1, 1, 1, 1, 1, 1, 
    1, 1), DF.gamma = c(0.04545, 0.04545, 0.04545, 0.04545, 0.04545, 
    0.04545, 0.04545, 0.04545, 0.04545, 0.04545, 0.04545), DF.data.balancing = c(0, 
    0, 0, 0, 0, 0, 0, 0, 0, 0, 0), DF.feature.selection = c(0, 
    0, 0, 0, 0, 0, 0, 0, 0, 0, 0), DF.valid.acc = c(0.88758, 
    0.87985, 0.89015, 0.89918, 0.89725, 0.89095, 0.8925, 0.88676, 
    0.88123, 0.87377, 0.87813), DF.test.acc = c(0.87758, 0.88894, 
    0.89015, 0.89918, 0.89725, 0.89095, 0.8925, 0.88676, 0.87071, 
    0.87377, 0.87813), DF.train.time = c(0.0201, 0.0206, 0.021, 
    0.0221, 0.0229, 0.0235, 0.0254, 0.0256, 0.0265, 0.0267, 0.0286
    ), DF.n.support.vectors = c(46.1, 48.1, 51.4, 53.2, 58.1, 
    61.6, 65, 66.7, 68.3, 74.8, 78.5), DF.index = c(1, 1, 1, 
    1, 1, 1, 1, 1, 1, 1, 1), DF.n.solutions = c(1, 1, 1, 1, 1, 
    1, 1, 1, 1, 1, 1), DF.generations = c(1, 1, 1, 1, 1, 1, 1, 
    1, 1, 1, 1), DF.n.evaluations = c(1, 1, 1, 1, 1, 1, 1, 1, 
    1, 1, 1), DF.cpu.time = c(2.827, 2.842, 2.829, 2.992, 3.044, 
    2.997, 3.056, 3.058, 3.16, 3.04, 3.281), SMBO.cost = c(5.04009151038918, 
    5.04009151038918, 5.04009151038918, 5.04009151038918, 5.04009151038918, 
    5.04009151038918, 5.04009151038918, 5.04009151038918, 5.04009151038918, 
    5.04009151038918, 5.04009151038918), SMBO.gamma = c(-4.5374441185614, 
    -4.5374441185614, -4.5374441185614, -4.5374441185614, -4.5374441185614, 
    -4.5374441185614, -4.5374441185614, -4.5374441185614, -4.5374441185614, 
    -4.5374441185614, -4.5374441185614), SMBO.balanced.test.accuracy = c(0.929989851872003, 
    0.929989851872003, 0.929989851872003, 0.929989851872003, 
    0.929989851872003, 0.929989851872003, 0.929989851872003, 
    0.929989851872003, 0.929989851872003, 0.929989851872003, 
    0.929989851872003)), .Names = c("Sampling", "PSO.cost", "PSO.gamma", 
"PSO.data.balancing", "PSO.feature.selection", "PSO.valid.acc", 
"PSO.test.acc", "PSO.train.time", "PSO.n.support.vectors", "PSO.index", 
"PSO.n.solutions", "PSO.generations", "PSO.n.evaluations", "PSO.cpu.time", 
"RS.cost", "RS.gamma", "RS.data.balancing", "RS.feature.selection", 
"RS.valid.acc", "RS.test.acc", "RS.train.time", "RS.n.support.vectors", 
"RS.index", "RS.n.solutions", "RS.generations", "RS.n.evaluations", 
"RS.cpu.time", "DF.cost", "DF.gamma", "DF.data.balancing", "DF.feature.selection", 
"DF.valid.acc", "DF.test.acc", "DF.train.time", "DF.n.support.vectors", 
"DF.index", "DF.n.solutions", "DF.generations", "DF.n.evaluations", 
"DF.cpu.time", "SMBO.cost", "SMBO.gamma", "SMBO.balanced.test.accuracy"
), row.names = c(NA, -11L), class = "data.frame")
