new.sol <-
structure(list(Sampling = c(50, 55, 60, 65, 70, 75, 80, 85, 90, 
95, 100), PSO.cost = c(2.35964, 1.00134, 1.3375, 2.12578, 4.52107, 
7.13527, 2.58134, 5.88789, 14.36655, 5.10462, 2.02783), PSO.gamma = c(-3.68305, 
-2.31385, -2.31484, -2.66549, -3.428, -2.09649, -2.63157, -2.59962, 
-2.25307, -2.84998, -2.63528), PSO.data.balancing = c(0, 0, 0, 
0, 0, 0, 0, 0, 0, 0, 0), PSO.feature.selection = c(0, 0, 0, 0, 
0, 0, 0, 0, 0, 0, 0), PSO.valid.acc = c(0.9298, 0.90818, 0.92552, 
0.93068, 0.94168, 0.9119, 0.93125, 0.93415, 0.93879, 0.9331, 
0.95368), PSO.test.acc = c(0.88758, 0.85985, 0.87389, 0.9152, 
0.90597, 0.90476, 0.92458, 0.9165, 0.93258, 0.93728, 0.94316), 
    PSO.train.time = c(0.0196, 0.021, 0.022, 0.0227, 0.0233, 
    0.0259, 0.025, 0.0264, 0.0291, 0.0284, 0.0308), PSO.n.support.vectors = c(48.8, 
    70.9, 74, 70.9, 56.5, 89.8, 80.8, 81.8, 97.8, 80.6, 90.3), 
    PSO.index = c(1004, 536, 2303, 465, 654, 85, 395, 36, 64, 
    26, 1419), PSO.n.solutions = c(513, 156, 2, 433, 68, 1231, 
    115, 1156, 1405, 1202, 18), PSO.generations = c(100, 100, 
    100, 100, 100, 100, 100, 100, 100, 100, 100), PSO.n.evaluations = c(2500, 
    2500, 2500, 2500, 2500, 2500, 2500, 2500, 2500, 2500, 2500
    ), PSO.cpu.time = c(7022.619, 7157.483, 7340.382, 7379.248, 
    7384.717, 7432.477, 7429.845, 7445.83900000001, 7600.50199999999, 
    7589.80900000001, 7659.853), RS.cost = c(2.17161, 1.04929, 
    1.91309, 4.345, 10.04937, 1.09899, 2.62886, 14.00404, 2.82211, 
    3.99476, 2.33619), RS.gamma = c(-3.67765, -2.51731, -2.52507, 
    -3.93027, -3.8135, -3.56904, -2.68956, -2.57356, -3.09573, 
    -3.01961, -3.28734), RS.data.balancing = c(0, 0, 0, 0, 0, 
    0, 0, 0, 0, 0, 0), RS.feature.selection = c(0, 0, 0, 0, 0, 
    0, 0, 0, 0, 0, 0), RS.valid.acc = c(0.9198, 0.90818, 0.91643, 
    0.93013, 0.94121, 0.91238, 0.93125, 0.93415, 0.94372, 0.9331, 
    0.95342), RS.test.acc = c(0.87758, 0.86894, 0.88223, 0.90751, 
    0.91978, 0.88571, 0.91833, 0.9165, 0.93813, 0.93202, 0.94342
    ), RS.train.time = c(0.0207, 0.0206, 0.0217, 0.0212, 0.0208, 
    0.0236, 0.027, 0.026, 0.027, 0.0276, 0.0268), RS.n.support.vectors = c(49.2, 
    67.5, 70.1, 49.7, 46, 66, 79, 82.5, 74.9, 78, 77.2), RS.index = c(2359, 
    2075, 557, 439, 717, 900, 728, 359, 893, 218, 124), RS.n.solutions = c(1, 
    1, 1, 5, 4, 4, 2, 10, 1, 25, 7), RS.generations = c(100, 
    100, 100, 100, 100, 100, 100, 100, 100, 100, 100), RS.n.evaluations = c(2500, 
    2500, 2500, 2500, 2500, 2500, 2500, 2500, 2500, 2500, 2500
    ), RS.cpu.time = c(7050.987, 7209.025, 7328.67200000001, 
    7359.652, 7402.306, 7414.052, 7421.37299999999, 7450.951, 
    7576.36700000001, 7608.89299999998, 7668.00599999999), DF.cost = c(1, 
    1, 1, 1, 1, 1, 1, 1, 1, 1, 1), DF.gamma = c(0.04545, 0.04545, 
    0.04545, 0.04545, 0.04545, 0.04545, 0.04545, 0.04545, 0.04545, 
    0.04545, 0.04545), DF.data.balancing = c(0, 0, 0, 0, 0, 0, 
    0, 0, 0, 0, 0), DF.feature.selection = c(0, 0, 0, 0, 0, 0, 
    0, 0, 0, 0, 0), DF.valid.acc = c(0.8296, 0.84348, 0.86416, 
    0.88315, 0.86194, 0.87905, 0.88, 0.86344, 0.87659, 0.86304, 
    0.88605), DF.test.acc = c(0.8296, 0.84348, 0.85647, 0.86053, 
    0.86194, 0.88571, 0.87958, 0.8752, 0.87071, 0.86804, 0.86553
    ), DF.train.time = c(0.0192, 0.0195, 0.0206, 0.0215, 0.0215, 
    0.0225, 0.0221, 0.0253, 0.0263, 0.0261, 0.0275), DF.n.support.vectors = c(47.7, 
    51.6, 53.5, 55.8, 60.9, 64.1, 66.1, 72.4, 73.2, 77.6, 77.6
    ), DF.index = c(1, 1, 1, 1, 1, 1, 1, 1, 1, 1, 1), DF.n.solutions = c(1, 
    1, 1, 1, 1, 1, 1, 1, 1, 1, 1), DF.generations = c(1, 1, 1, 
    1, 1, 1, 1, 1, 1, 1, 1), DF.n.evaluations = c(1, 1, 1, 1, 
    1, 1, 1, 1, 1, 1, 1), DF.cpu.time = c(2.791, 2.811, 3.005, 
    2.998, 2.991, 2.963, 2.807, 3, 3.048, 2.952, 3.006), SMBO.cost = c(13.5509026673082, 
    13.5509026673082, 13.5509026673082, 13.5509026673082, 13.5509026673082, 
    13.5509026673082, 13.5509026673082, 13.5509026673082, 13.5509026673082, 
    13.5509026673082, 13.5509026673082), SMBO.gamma = c(-3.08735775958048, 
    -3.08735775958048, -3.08735775958048, -3.08735775958048, 
    -3.08735775958048, -3.08735775958048, -3.08735775958048, 
    -3.08735775958048, -3.08735775958048, -3.08735775958048, 
    -3.08735775958048), SMBO.balanced.test.accuracy = c(0.926756902409375, 
    0.926756902409375, 0.926756902409375, 0.926756902409375, 
    0.926756902409375, 0.926756902409375, 0.926756902409375, 
    0.926756902409375, 0.926756902409375, 0.926756902409375, 
    0.926756902409375)), .Names = c("Sampling", "PSO.cost", "PSO.gamma", 
"PSO.data.balancing", "PSO.feature.selection", "PSO.valid.acc", 
"PSO.test.acc", "PSO.train.time", "PSO.n.support.vectors", "PSO.index", 
"PSO.n.solutions", "PSO.generations", "PSO.n.evaluations", "PSO.cpu.time", 
"RS.cost", "RS.gamma", "RS.data.balancing", "RS.feature.selection", 
"RS.valid.acc", "RS.test.acc", "RS.train.time", "RS.n.support.vectors", 
"RS.index", "RS.n.solutions", "RS.generations", "RS.n.evaluations", 
"RS.cpu.time", "DF.cost", "DF.gamma", "DF.data.balancing", "DF.feature.selection", 
"DF.valid.acc", "DF.test.acc", "DF.train.time", "DF.n.support.vectors", 
"DF.index", "DF.n.solutions", "DF.generations", "DF.n.evaluations", 
"DF.cpu.time", "SMBO.cost", "SMBO.gamma", "SMBO.balanced.test.accuracy"
), row.names = c(NA, -11L), class = "data.frame")
