new.sol <-
structure(list(Sampling = c(50, 55, 60, 65, 70, 75, 80, 85, 90, 
95, 100), PSO.cost = c(7.88838, 11.39357, 1.85245, 15, 7.2288, 
0.53931, 5.19377, 14.43548, 3.26964, 4.26003, 11.46485), PSO.gamma = c(-4.98814, 
-2.22823, -2.94309, -3.0666, -3.24935, -2.89268, -3.26021, -2.93749, 
-3.29657, -3.18914, -2.05435), PSO.data.balancing = c(0, 0, 0, 
0, 0, 0, 0, 0, 0, 0, 0), PSO.feature.selection = c(0, 0, 0, 0, 
0, 0, 0, 0, 0, 0, 0), PSO.valid.acc = c(0.94182, 0.94364, 0.94924, 
0.95321, 0.93604, 0.96036, 0.9812, 0.92941, 0.96108, 0.96784, 
0.95421), PSO.test.acc = c(0.93091, 0.92545, 0.89848, 0.95321, 
0.91297, 0.95994, 0.96912, 0.91728, 0.93885, 0.95728, 0.94947
), PSO.train.time = c(0.0179, 0.0213, 0.0237, 0.0223, 0.0229, 
0.0233, 0.0228, 0.0253, 0.0246, 0.0265, 0.031), PSO.n.support.vectors = c(26.8, 
68.9, 58.1, 59.5, 53.9, 72.6, 58.4, 71.5, 69.5, 73, 109.6), PSO.index = c(26, 
529, 57, 56, 33, 573, 839, 47, 206, 511, 592), PSO.n.solutions = c(1706, 
72, 514, 1362, 1111, 148, 242, 1361, 519, 250, 672), PSO.generations = c(100, 
100, 100, 100, 100, 100, 100, 100, 100, 100, 100), PSO.n.evaluations = c(2500, 
2500, 2500, 2500, 2500, 2500, 2500, 2500, 2500, 2500, 2500), 
    PSO.cpu.time = c(6883.569, 6918.877, 7036.749, 7040.93, 7226.887, 
    7286.588, 7321.617, 7380.125, 7489.38500000001, 7620.69100000001, 
    7676.239), RS.cost = c(7.24461, 14.93319, 1.1453, 5.00199, 
    3.88601, 0.9014, 6.47888, 12.93508, 2.88098, 1.8714, 5.28955
    ), RS.gamma = c(-4.85692, -2.22474, -2.56297, -3.08935, -3.21166, 
    -3.08481, -3.26568, -3.06565, -3.07367, -2.78585, -2.03506
    ), RS.data.balancing = c(0, 0, 0, 0, 0, 0, 0, 0, 0, 0, 0), 
    RS.feature.selection = c(0, 0, 0, 0, 0, 0, 0, 0, 0, 0, 0), 
    RS.valid.acc = c(0.94182, 0.94364, 0.94924, 0.95321, 0.93604, 
    0.95369, 0.9812, 0.92941, 0.96108, 0.96257, 0.94921), RS.test.acc = c(0.93091, 
    0.92545, 0.93182, 0.95321, 0.91297, 0.95994, 0.96912, 0.91728, 
    0.94441, 0.95702, 0.94947), RS.train.time = c(0.0188, 0.0203, 
    0.0208, 0.0214, 0.022, 0.0229, 0.0224, 0.0258, 0.0272, 0.0276, 
    0.0309), RS.n.support.vectors = c(27.5, 68.9, 66, 59.1, 55.1, 
    67.9, 58.3, 69.2, 76.4, 85, 110.5), RS.index = c(1, 141, 
    106, 26, 1, 302, 284, 215, 294, 5, 17), RS.n.solutions = c(71, 
    4, 5, 38, 9, 1, 7, 30, 3, 9, 100), RS.generations = c(100, 
    100, 100, 100, 100, 100, 100, 100, 100, 100, 100), RS.n.evaluations = c(2500, 
    2500, 2500, 2500, 2500, 2500, 2500, 2500, 2500, 2500, 2500
    ), RS.cpu.time = c(6904.049, 6957.493, 7050.932, 7098.97, 
    7285.084, 7307.406, 7300.41100000001, 7429.905, 7492.973, 
    7604.636, 7620.77600000001), DF.cost = c(1, 1, 1, 1, 1, 1, 
    1, 1, 1, 1, 1), DF.gamma = c(0.04545, 0.04545, 0.04545, 0.04545, 
    0.04545, 0.04545, 0.04545, 0.04545, 0.04545, 0.04545, 0.04545
    ), DF.data.balancing = c(0, 0, 0, 0, 0, 0, 0, 0, 0, 0, 0), 
    DF.feature.selection = c(0, 0, 0, 0, 0, 0, 0, 0, 0, 0, 0), 
    DF.valid.acc = c(0.87556, 0.86985, 0.8803, 0.87436, 0.88227, 
    0.87839, 0.88652, 0.86324, 0.87578, 0.87275, 0.87711), DF.test.acc = c(0.87667, 
    0.89803, 0.87273, 0.88141, 0.88227, 0.88506, 0.88069, 0.86912, 
    0.8699, 0.86749, 0.87711), DF.train.time = c(0.0193, 0.0226, 
    0.0199, 0.0215, 0.0208, 0.0217, 0.0237, 0.0246, 0.0245, 0.0263, 
    0.0278), DF.n.support.vectors = c(38.8, 42.6, 45.3, 50.2, 
    53.3, 57, 63, 68.5, 73.6, 76.7, 76.9), DF.index = c(1, 1, 
    1, 1, 1, 1, 1, 1, 1, 1, 1), DF.n.solutions = c(1, 1, 1, 1, 
    1, 1, 1, 1, 1, 1, 1), DF.generations = c(1, 1, 1, 1, 1, 1, 
    1, 1, 1, 1, 1), DF.n.evaluations = c(1, 1, 1, 1, 1, 1, 1, 
    1, 1, 1, 1), DF.cpu.time = c(2.757, 2.788, 2.87, 2.857, 2.879, 
    2.93, 2.922, 2.986, 2.96, 3.056, 3.025), SMBO.cost = c(5.50632422343566, 
    5.50632422343566, 5.50632422343566, 5.50632422343566, 5.50632422343566, 
    5.50632422343566, 5.50632422343566, 5.50632422343566, 5.50632422343566, 
    5.50632422343566, 5.50632422343566), SMBO.gamma = c(-3.30015291045536, 
    -3.30015291045536, -3.30015291045536, -3.30015291045536, 
    -3.30015291045536, -3.30015291045536, -3.30015291045536, 
    -3.30015291045536, -3.30015291045536, -3.30015291045536, 
    -3.30015291045536), SMBO.balanced.test.accuracy = c(0.958811327561328, 
    0.958811327561328, 0.958811327561328, 0.958811327561328, 
    0.958811327561328, 0.958811327561328, 0.958811327561328, 
    0.958811327561328, 0.958811327561328, 0.958811327561328, 
    0.958811327561328)), .Names = c("Sampling", "PSO.cost", "PSO.gamma", 
"PSO.data.balancing", "PSO.feature.selection", "PSO.valid.acc", 
"PSO.test.acc", "PSO.train.time", "PSO.n.support.vectors", "PSO.index", 
"PSO.n.solutions", "PSO.generations", "PSO.n.evaluations", "PSO.cpu.time", 
"RS.cost", "RS.gamma", "RS.data.balancing", "RS.feature.selection", 
"RS.valid.acc", "RS.test.acc", "RS.train.time", "RS.n.support.vectors", 
"RS.index", "RS.n.solutions", "RS.generations", "RS.n.evaluations", 
"RS.cpu.time", "DF.cost", "DF.gamma", "DF.data.balancing", "DF.feature.selection", 
"DF.valid.acc", "DF.test.acc", "DF.train.time", "DF.n.support.vectors", 
"DF.index", "DF.n.solutions", "DF.generations", "DF.n.evaluations", 
"DF.cpu.time", "SMBO.cost", "SMBO.gamma", "SMBO.balanced.test.accuracy"
), row.names = c(NA, -11L), class = "data.frame")
