new.sol <-
structure(list(Sampling = c(50, 55, 60, 65, 70, 75, 80, 85, 90, 
95, 100), PSO.cost = c(10.87867, 6.84332, 10.36874, 9.10836, 
6.05463, 6.44592, 9.55505, 2.24051, 13.56964, 2.40637, 1.9347
), PSO.gamma = c(-2.53587, -2.47497, -2.45778, -2.81352, -3.64096, 
-2.75437, -3.05982, -2.74164, -2.07119, -2.69631, -2.90395), 
    PSO.data.balancing = c(0, 0, 0, 0, 0, 0, 0, 0, 0, 0, 0), 
    PSO.feature.selection = c(0, 0, 0, 0, 0, 0, 0, 0, 0, 0, 0
    ), PSO.valid.acc = c(0.91869, 0.92636, 0.89942, 0.93059, 
    0.92637, 0.94661, 0.95032, 0.95768, 0.9601, 0.96287, 0.9431
    ), PSO.test.acc = c(0.90667, 0.92636, 0.89044, 0.93718, 0.90495, 
    0.92655, 0.9249, 0.94624, 0.94928, 0.93652, 0.91228), PSO.train.time = c(0.0239, 
    0.0243, 0.0255, 0.026, 0.0275, 0.0284, 0.0289, 0.0293, 0.0364, 
    0.0328, 0.0325), PSO.n.support.vectors = c(58.6, 65.5, 70.9, 
    65.5, 51.9, 71.4, 66.7, 79, 102.9, 86.2, 85.1), PSO.index = c(13, 
    29, 81, 105, 2, 25, 46, 710, 13, 976, 658), PSO.n.solutions = c(1529, 
    1006, 1270, 1233, 1247, 1363, 1187, 91, 1353, 57, 608), PSO.generations = c(100, 
    100, 100, 100, 100, 100, 100, 100, 100, 100, 100), PSO.n.evaluations = c(2500, 
    2500, 2500, 2500, 2500, 2500, 2500, 2500, 2500, 2500, 2500
    ), PSO.cpu.time = c(9332.163, 9537.074, 9554.819, 9906.929, 
    9780.24400000001, 9813.63799999999, 9930.254, 9713.326, 12719.641, 
    11517.505, 11382.785), RS.cost = c(11.52735, 13.91407, 13.05109, 
    13.95498, 11.52252, 9.07834, 4.50812, 14.3018, 7.85323, 11.8741, 
    2.1518), RS.gamma = c(-2.68018, -2.28806, -2.47927, -2.82598, 
    -3.83036, -2.73201, -3.13697, -8.96673, -2.0342, -2.64216, 
    -3.0135), RS.data.balancing = c(0, 0, 0, 0, 0, 0, 0, 0, 0, 
    0, 0), RS.feature.selection = c(0, 0, 0, 0, 0, 0, 0, 0, 0, 
    0, 0), RS.valid.acc = c(0.91869, 0.92636, 0.89942, 0.93059, 
    0.92637, 0.94661, 0.95032, 0.95253, 0.9601, 0.95731, 0.9431
    ), RS.test.acc = c(0.90667, 0.92636, 0.89044, 0.93718, 0.8978, 
    0.92655, 0.93115, 0.90474, 0.94928, 0.93652, 0.91228), RS.train.time = c(0.023, 
    0.0242, 0.0254, 0.0266, 0.026, 0.0287, 0.0296, 0.0429, 0.037, 
    0.0344, 0.0329), RS.n.support.vectors = c(56.1, 68.5, 70.5, 
    65.1, 49.1, 72.2, 65.8, 34.9, 104.7, 86.8, 82.8), RS.index = c(42, 
    1, 54, 69, 13, 107, 10, 1094, 84, 87, 1339), RS.n.solutions = c(35, 
    73, 9, 8, 113, 51, 29, 3, 27, 28, 1), RS.generations = c(100, 
    100, 100, 100, 100, 100, 100, 100, 100, 100, 100), RS.n.evaluations = c(2500, 
    2500, 2500, 2500, 2500, 2500, 2500, 2500, 2500, 2500, 2500
    ), RS.cpu.time = c(9438.499, 9500.682, 9752.504, 9764.747, 
    9659.198, 9895.488, 9785.68800000001, 11815.299, 12178.741, 
    11383.773, 11312.275), DF.cost = c(1, 1, 1, 1, 1, 1, 1, 1, 
    1, 1, 1), DF.gamma = c(0.04545, 0.04545, 0.04545, 0.04545, 
    0.04545, 0.04545, 0.04545, 0.04545, 0.04545, 0.04545, 0.04545
    ), DF.data.balancing = c(0, 0, 0, 0, 0, 0, 0, 0, 0, 0, 0), 
    DF.feature.selection = c(0, 0, 0, 0, 0, 0, 0, 0, 0, 0, 0), 
    DF.valid.acc = c(0.84758, 0.86091, 0.83881, 0.85284, 0.85495, 
    0.8647, 0.85485, 0.869, 0.87571, 0.87746, 0.88152), DF.test.acc = c(0.84758, 
    0.84273, 0.83817, 0.83681, 0.86209, 0.85089, 0.86819, 0.8683, 
    0.87074, 0.87746, 0.88152), DF.train.time = c(0.0215, 0.0229, 
    0.0247, 0.0245, 0.0253, 0.0264, 0.0271, 0.0305, 0.0326, 0.0297, 
    0.0319), DF.n.support.vectors = c(49.6, 53.7, 57.8, 60.2, 
    62.5, 66, 69.4, 70.9, 74.3, 75.9, 77.2), DF.index = c(1, 
    1, 1, 1, 1, 1, 1, 1, 1, 1, 1), DF.n.solutions = c(1, 1, 1, 
    1, 1, 1, 1, 1, 1, 1, 1), DF.generations = c(1, 1, 1, 1, 1, 
    1, 1, 1, 1, 1, 1), DF.n.evaluations = c(1, 1, 1, 1, 1, 1, 
    1, 1, 1, 1, 1), DF.cpu.time = c(3.499, 3.669, 4.034, 3.572, 
    3.864, 3.792, 3.953, 4.871, 4.902, 4.396, 4.555), SMBO.cost = c(13.3322364523807, 
    13.3322364523807, 13.3322364523807, 13.3322364523807, 13.3322364523807, 
    13.3322364523807, 13.3322364523807, 13.3322364523807, 13.3322364523807, 
    13.3322364523807, 13.3322364523807), SMBO.gamma = c(-3.64091496798908, 
    -3.64091496798908, -3.64091496798908, -3.64091496798908, 
    -3.64091496798908, -3.64091496798908, -3.64091496798908, 
    -3.64091496798908, -3.64091496798908, -3.64091496798908, 
    -3.64091496798908), SMBO.balanced.test.accuracy = c(0.970450885668277, 
    0.970450885668277, 0.970450885668277, 0.970450885668277, 
    0.970450885668277, 0.970450885668277, 0.970450885668277, 
    0.970450885668277, 0.970450885668277, 0.970450885668277, 
    0.970450885668277)), .Names = c("Sampling", "PSO.cost", "PSO.gamma", 
"PSO.data.balancing", "PSO.feature.selection", "PSO.valid.acc", 
"PSO.test.acc", "PSO.train.time", "PSO.n.support.vectors", "PSO.index", 
"PSO.n.solutions", "PSO.generations", "PSO.n.evaluations", "PSO.cpu.time", 
"RS.cost", "RS.gamma", "RS.data.balancing", "RS.feature.selection", 
"RS.valid.acc", "RS.test.acc", "RS.train.time", "RS.n.support.vectors", 
"RS.index", "RS.n.solutions", "RS.generations", "RS.n.evaluations", 
"RS.cpu.time", "DF.cost", "DF.gamma", "DF.data.balancing", "DF.feature.selection", 
"DF.valid.acc", "DF.test.acc", "DF.train.time", "DF.n.support.vectors", 
"DF.index", "DF.n.solutions", "DF.generations", "DF.n.evaluations", 
"DF.cpu.time", "SMBO.cost", "SMBO.gamma", "SMBO.balanced.test.accuracy"
), row.names = c(NA, -11L), class = "data.frame")
