new.sol <-
structure(list(Sampling = c(50, 55, 60, 65, 70, 75, 80, 85, 90, 
95, 100), PSO.cost = c(0.7834, 10.76334, 3.16641, 8.24339, 1.17635, 
3.80168, 7.93565, 7.61281, 1.34192, 8.0331, 3.15423), PSO.gamma = c(-1.757, 
-1.78922, -3.98337, -2.07566, -2.79417, -4.33911, -2.14589, -2.08064, 
-2.01659, -2.17519, -3.68714), PSO.data.balancing = c(0, 0, 0, 
0, 0, 0, 0, 0, 0, 0, 0), PSO.feature.selection = c(0, 0, 0, 0, 
0, 0, 0, 0, 0, 0, 0), PSO.valid.acc = c(0.94667, 0.92591, 0.93526, 
0.95385, 0.96429, 0.95315, 0.94402, 0.93521, 0.95574, 0.94181, 
0.94816), PSO.test.acc = c(0.92758, 0.90773, 0.90169, 0.93846, 
0.92088, 0.91393, 0.9186, 0.92859, 0.9446, 0.93626, 0.91184), 
    PSO.train.time = c(0.0216, 0.022, 0.0197, 0.0236, 0.0239, 
    0.0231, 0.0279, 0.0289, 0.0302, 0.0331, 0.0258), PSO.n.support.vectors = c(70.3, 
    73.5, 44.2, 81.1, 73.8, 53, 93.8, 99.8, 108.3, 104.7, 68.3
    ), PSO.index = c(975, 24, 486, 164, 2352, 242, 26, 214, 2280, 
    17, 313), PSO.n.solutions = c(47, 1200, 250, 354, 1, 632, 
    1403, 1110, 1, 916, 354), PSO.generations = c(100, 100, 100, 
    100, 100, 100, 100, 100, 100, 100, 100), PSO.n.evaluations = c(2500, 
    2500, 2500, 2500, 2500, 2500, 2500, 2500, 2500, 2500, 2500
    ), PSO.cpu.time = c(8264.226, 8131.719, 7432.275, 7609.262, 
    8001.484, 7916.61, 8402.224, 8443.175, 8584.60900000001, 
    8714.91500000001, 8844.579), RS.cost = c(6.30454, 14.62751, 
    3.17032, 12.49781, 5.27459, 4.35193, 13.41028, 10.88263, 
    7.87517, 4.15435, 2.58728), RS.gamma = c(-1.6544, -1.71833, 
    -3.92085, -2.09185, -2.77292, -4.555, -2.15921, -2.03776, 
    -2.00742, -2.05251, -3.14354), RS.data.balancing = c(0, 0, 
    0, 0, 0, 0, 0, 0, 0, 0, 0), RS.feature.selection = c(0, 0, 
    0, 0, 0, 0, 0, 0, 0, 0, 0), RS.valid.acc = c(0.93667, 0.92591, 
    0.93526, 0.95385, 0.95, 0.94065, 0.94402, 0.93521, 0.95545, 
    0.94181, 0.94816), RS.test.acc = c(0.92758, 0.89864, 0.90169, 
    0.93077, 0.93516, 0.9081, 0.9186, 0.92859, 0.9446, 0.93626, 
    0.93263), RS.train.time = c(0.0222, 0.0214, 0.0219, 0.0234, 
    0.0237, 0.0225, 0.0261, 0.0291, 0.0304, 0.031, 0.0313), RS.n.support.vectors = c(69.7, 
    76, 44.9, 80.5, 69.4, 49.9, 93.6, 101, 106.5, 108.7, 80), 
    RS.index = c(17, 3, 1230, 589, 171, 147, 80, 404, 571, 40, 
    1296), RS.n.solutions = c(52, 72, 2, 2, 16, 2, 13, 6, 5, 
    52, 4), RS.generations = c(100, 100, 100, 100, 100, 100, 
    100, 100, 100, 100, 100), RS.n.evaluations = c(2500, 2500, 
    2500, 2500, 2500, 2500, 2500, 2500, 2500, 2500, 2500), RS.cpu.time = c(8578.904, 
    7506.709, 7546.125, 7812.181, 7744.929, 8088.96000000001, 
    8437.452, 7991.037, 8580.61300000001, 8692.54199999999, 9465.128
    ), DF.cost = c(1, 1, 1, 1, 1, 1, 1, 1, 1, 1, 1), DF.gamma = c(0.04545, 
    0.04545, 0.04545, 0.04545, 0.04545, 0.04545, 0.04545, 0.04545, 
    0.04545, 0.04545, 0.04545), DF.data.balancing = c(0, 0, 0, 
    0, 0, 0, 0, 0, 0, 0, 0), DF.feature.selection = c(0, 0, 0, 
    0, 0, 0, 0, 0, 0, 0, 0), DF.valid.acc = c(0.88646, 0.88955, 
    0.88502, 0.89936, 0.88407, 0.86714, 0.87439, 0.86895, 0.85499, 
    0.86784, 0.87737), DF.test.acc = c(0.87737, 0.88955, 0.89336, 
    0.89936, 0.86264, 0.86625, 0.88105, 0.8627, 0.8547, 0.8731, 
    0.87711), DF.train.time = c(0.0193, 0.0198, 0.0195, 0.021, 
    0.022, 0.0239, 0.0242, 0.0238, 0.0258, 0.0261, 0.0294), DF.n.support.vectors = c(39.3, 
    45.2, 47.8, 50.7, 57.5, 63.7, 66, 68.7, 73.1, 74.8, 78.2), 
    DF.index = c(1, 1, 1, 1, 1, 1, 1, 1, 1, 1, 1), DF.n.solutions = c(1, 
    1, 1, 1, 1, 1, 1, 1, 1, 1, 1), DF.generations = c(1, 1, 1, 
    1, 1, 1, 1, 1, 1, 1, 1), DF.n.evaluations = c(1, 1, 1, 1, 
    1, 1, 1, 1, 1, 1, 1), DF.cpu.time = c(3.093, 3.05, 3.075, 
    3.186, 2.921, 3.282, 3.593, 3.024, 3.259, 3.225, 3.932), 
    SMBO.cost = c(10.6571444674004, 10.6571444674004, 10.6571444674004, 
    10.6571444674004, 10.6571444674004, 10.6571444674004, 10.6571444674004, 
    10.6571444674004, 10.6571444674004, 10.6571444674004, 10.6571444674004
    ), SMBO.gamma = c(-2.8215732206293, -2.8215732206293, -2.8215732206293, 
    -2.8215732206293, -2.8215732206293, -2.8215732206293, -2.8215732206293, 
    -2.8215732206293, -2.8215732206293, -2.8215732206293, -2.8215732206293
    ), SMBO.balanced.test.accuracy = c(0.949627224627225, 0.949627224627225, 
    0.949627224627225, 0.949627224627225, 0.949627224627225, 
    0.949627224627225, 0.949627224627225, 0.949627224627225, 
    0.949627224627225, 0.949627224627225, 0.949627224627225)), .Names = c("Sampling", 
"PSO.cost", "PSO.gamma", "PSO.data.balancing", "PSO.feature.selection", 
"PSO.valid.acc", "PSO.test.acc", "PSO.train.time", "PSO.n.support.vectors", 
"PSO.index", "PSO.n.solutions", "PSO.generations", "PSO.n.evaluations", 
"PSO.cpu.time", "RS.cost", "RS.gamma", "RS.data.balancing", "RS.feature.selection", 
"RS.valid.acc", "RS.test.acc", "RS.train.time", "RS.n.support.vectors", 
"RS.index", "RS.n.solutions", "RS.generations", "RS.n.evaluations", 
"RS.cpu.time", "DF.cost", "DF.gamma", "DF.data.balancing", "DF.feature.selection", 
"DF.valid.acc", "DF.test.acc", "DF.train.time", "DF.n.support.vectors", 
"DF.index", "DF.n.solutions", "DF.generations", "DF.n.evaluations", 
"DF.cpu.time", "SMBO.cost", "SMBO.gamma", "SMBO.balanced.test.accuracy"
), row.names = c(NA, -11L), class = "data.frame")
