new.sol <-
structure(list(Sampling = c(50, 55, 60, 65, 70, 75, 80, 85, 90, 
95, 100), PSO.cost = c(5.44385, 11.08608, 1.15101, 10.76255, 
1.33407, 1.14485, 5.33829, 3.43805, 4.71111, 1.18548, 3.77718
), PSO.gamma = c(-2.99654, -4.07044, -2.09024, -4.96702, -2.42135, 
-2.06063, -4.23209, -3.0363, -2.11708, -2.09817, -2.45518), PSO.data.balancing = c(0, 
0, 0, 0, 0, 0, 0, 0, 0, 0, 0), PSO.feature.selection = c(0, 0, 
0, 0, 0, 0, 0, 0, 0, 0, 0), PSO.valid.acc = c(0.93, 0.93773, 
0.94091, 0.93819, 0.93516, 0.95905, 0.9425, 0.94624, 0.94467, 
0.9412, 0.95921), PSO.test.acc = c(0.91, 0.9103, 0.93397, 0.91557, 
0.91978, 0.92524, 0.92375, 0.92721, 0.94405, 0.91956, 0.93421
), PSO.train.time = c(0.0323, 0.0291, 0.0315, 0.0261, 0.0326, 
0.0349, 0.0312, 0.0409, 0.0447, 0.0415, 0.0371), PSO.n.support.vectors = c(53.2, 
38.4, 78.3, 31.6, 79.5, 94.1, 46.6, 71.5, 101.5, 108.2, 93.7), 
    PSO.index = c(322, 64, 519, 103, 506, 1348, 878, 1091, 34, 
    1185, 60), PSO.n.solutions = c(587, 1316, 76, 690, 398, 152, 
    67, 138, 1343, 54, 1363), PSO.generations = c(100, 100, 100, 
    100, 100, 100, 100, 100, 100, 100, 100), PSO.n.evaluations = c(2500, 
    2500, 2500, 2500, 2500, 2500, 2500, 2500, 2500, 2500, 2500
    ), PSO.cpu.time = c(19513.567, 20062.965, 18665.358, 18623.914, 
    19034.642, 20027.447, 19493.36, 18966.463, 19178.577, 19551.599, 
    17730.721), RS.cost = c(8.37179, 6.32421, 1.59721, 8.49748, 
    1.26615, 1.13959, 5.71533, 14.4276, 3.39898, 2.01139, 7.46067
    ), RS.gamma = c(-2.99791, -3.80869, -2.43924, -4.9271, -2.39183, 
    -2.00439, -4.39952, -3.01464, -3.76784, -2.59742, -2.40516
    ), RS.data.balancing = c(0, 0, 0, 0, 0, 0, 0, 0, 0, 0, 0), 
    RS.feature.selection = c(0, 0, 0, 0, 0, 0, 0, 0, 0, 0, 0), 
    RS.valid.acc = c(0.93, 0.93773, 0.93322, 0.93819, 0.93516, 
    0.95238, 0.9425, 0.93999, 0.9496, 0.9412, 0.95921), RS.test.acc = c(0.91, 
    0.91939, 0.94231, 0.91557, 0.91209, 0.92524, 0.92375, 0.93309, 
    0.93232, 0.92482, 0.93921), RS.train.time = c(0.0277, 0.0308, 
    0.0322, 0.0312, 0.0315, 0.0381, 0.0304, 0.0378, 0.032, 0.0459, 
    0.0376), RS.n.support.vectors = c(53.2, 43.1, 73.1, 31.7, 
    80.3, 95, 44.5, 71.3, 64.1, 91.3, 96), RS.index = c(1764, 
    11, 2222, 487, 737, 1614, 1957, 42, 2204, 558, 191), RS.n.solutions = c(1, 
    31, 1, 8, 1, 2, 1, 111, 1, 2, 21), RS.generations = c(100, 
    100, 100, 100, 100, 100, 100, 100, 100, 100, 100), RS.n.evaluations = c(2500, 
    2500, 2500, 2500, 2500, 2500, 2500, 2500, 2500, 2500, 2500
    ), RS.cpu.time = c(20047.039, 18865.096, 18625.903, 19086.863, 
    19426.013, 20009.116, 19108.671, 18995.053, 19416.72, 18094.129, 
    16621.853), DF.cost = c(1, 1, 1, 1, 1, 1, 1, 1, 1, 1, 1), 
    DF.gamma = c(0.04545, 0.04545, 0.04545, 0.04545, 0.04545, 
    0.04545, 0.04545, 0.04545, 0.04545, 0.04545, 0.04545), DF.data.balancing = c(0, 
    0, 0, 0, 0, 0, 0, 0, 0, 0, 0), DF.feature.selection = c(0, 
    0, 0, 0, 0, 0, 0, 0, 0, 0, 0), DF.valid.acc = c(0.85889, 
    0.85045, 0.88322, 0.87445, 0.83956, 0.86476, 0.87333, 0.87418, 
    0.87172, 0.87766, 0.86681), DF.test.acc = c(0.85889, 0.85136, 
    0.87413, 0.86731, 0.86154, 0.87143, 0.86708, 0.88043, 0.8714, 
    0.8724, 0.86681), DF.train.time = c(0.0254, 0.0271, 0.0289, 
    0.0263, 0.0359, 0.0311, 0.0295, 0.041, 0.0279, 0.031, 0.0363
    ), DF.n.support.vectors = c(49.8, 55.1, 56.5, 59.6, 62.6, 
    67.5, 67.7, 71.2, 74.4, 77, 77.7), DF.index = c(1, 1, 1, 
    1, 1, 1, 1, 1, 1, 1, 1), DF.n.solutions = c(1, 1, 1, 1, 1, 
    1, 1, 1, 1, 1, 1), DF.generations = c(1, 1, 1, 1, 1, 1, 1, 
    1, 1, 1, 1), DF.n.evaluations = c(1, 1, 1, 1, 1, 1, 1, 1, 
    1, 1, 1), DF.cpu.time = c(8.029, 7.326, 7.588, 7.529, 7.788, 
    7.887, 7.664, 7.543, 7.709, 7.454, 6.879), SMBO.cost = c(11.3398683286118, 
    11.3398683286118, 11.3398683286118, 11.3398683286118, 11.3398683286118, 
    11.3398683286118, 11.3398683286118, 11.3398683286118, 11.3398683286118, 
    11.3398683286118, 11.3398683286118), SMBO.gamma = c(-2.31907437302376, 
    -2.31907437302376, -2.31907437302376, -2.31907437302376, 
    -2.31907437302376, -2.31907437302376, -2.31907437302376, 
    -2.31907437302376, -2.31907437302376, -2.31907437302376, 
    -2.31907437302376), SMBO.balanced.test.accuracy = c(0.921669798982034, 
    0.921669798982034, 0.921669798982034, 0.921669798982034, 
    0.921669798982034, 0.921669798982034, 0.921669798982034, 
    0.921669798982034, 0.921669798982034, 0.921669798982034, 
    0.921669798982034)), .Names = c("Sampling", "PSO.cost", "PSO.gamma", 
"PSO.data.balancing", "PSO.feature.selection", "PSO.valid.acc", 
"PSO.test.acc", "PSO.train.time", "PSO.n.support.vectors", "PSO.index", 
"PSO.n.solutions", "PSO.generations", "PSO.n.evaluations", "PSO.cpu.time", 
"RS.cost", "RS.gamma", "RS.data.balancing", "RS.feature.selection", 
"RS.valid.acc", "RS.test.acc", "RS.train.time", "RS.n.support.vectors", 
"RS.index", "RS.n.solutions", "RS.generations", "RS.n.evaluations", 
"RS.cpu.time", "DF.cost", "DF.gamma", "DF.data.balancing", "DF.feature.selection", 
"DF.valid.acc", "DF.test.acc", "DF.train.time", "DF.n.support.vectors", 
"DF.index", "DF.n.solutions", "DF.generations", "DF.n.evaluations", 
"DF.cpu.time", "SMBO.cost", "SMBO.gamma", "SMBO.balanced.test.accuracy"
), row.names = c(NA, -11L), class = "data.frame")
