new.sol <-
structure(list(Sampling = c(50, 55, 60, 65, 70, 75, 80, 85, 90, 
95, 100), PSO.cost = c(-1.07789, 3.99398, 8.87928, 2.39224, 6.31314, 
8.55362, 7.35986, 8.82252, 13.44214, 9.74663, 12.30447), PSO.gamma = c(-1.25424, 
-0.69266, -1.17379, -0.98861, -0.11769, -6.91065, -3.9862, -4.15151, 
-6.43794, -4.07028, -5.5092), PSO.data.balancing = c(0, 0, 0, 
0, 0, 0, 0, 0, 0, 0, 0), PSO.feature.selection = c(0, 0, 0, 0, 
0, 0, 0, 0, 0, 0, 0), PSO.valid.acc = c(0.86476, 0.8756, 0.87202, 
0.85536, 0.85377, 0.86611, 0.87306, 0.86071, 0.88606, 0.85803, 
0.85332), PSO.test.acc = c(0.86476, 0.8756, 0.87202, 0.85536, 
0.85377, 0.82028, 0.83083, 0.84071, 0.82864, 0.84894, 0.86381
), PSO.train.time = c(0.0476, 0.0477, 0.0484, 0.0509, 0.0516, 
0.0511, 0.052, 0.0537, 0.0588, 0.0603, 0.0592), PSO.n.support.vectors = c(45.3, 
49.1, 52.2, 55.8, 60.8, 45.5, 55.7, 56.6, 53.6, 63.5, 59.1), 
    PSO.index = c(4, 5, 3, 5, 8, 27, 1120, 199, 94, 87, 18), 
    PSO.n.solutions = c(1569, 1628, 1492, 1734, 1916, 1117, 16, 
    1337, 1404, 1195, 1222), PSO.generations = c(100, 100, 100, 
    100, 100, 100, 100, 100, 100, 100, 100), PSO.n.evaluations = c(2500, 
    2500, 2500, 2500, 2500, 2500, 2500, 2500, 2500, 2500, 2500
    ), PSO.cpu.time = c(8514.415, 8520.244, 8527.75799999999, 
    8541.514, 8620.958, 8606.99000000001, 8656.09699999999, 10058.516, 
    9371.13100000002, 9090.84899999999, 8979.11600000001), RS.cost = c(12.21211, 
    7.20045, 14.14059, 5.73894, 5.36784, 9.95618, 9.94331, 12.29113, 
    12.61984, 13.25528, 9.92656), RS.gamma = c(-0.64301, -12.01678, 
    -0.75068, 0.3691, -0.3163, -6.90582, -4.12498, -4.27903, 
    -6.44137, -4.0602, -5.75432), RS.data.balancing = c(0, 0, 
    0, 0, 0, 0, 0, 0, 0, 0, 0), RS.feature.selection = c(0, 0, 
    0, 0, 0, 0, 0, 0, 0, 0, 0), RS.valid.acc = c(0.86476, 0.8881, 
    0.87202, 0.85536, 0.85377, 0.86611, 0.86306, 0.86071, 0.88606, 
    0.85803, 0.85332), RS.test.acc = c(0.86476, 0.83381, 0.87202, 
    0.85536, 0.85377, 0.83278, 0.83083, 0.84071, 0.82864, 0.84894, 
    0.86381), RS.train.time = c(0.0475, 0.0484, 0.0499, 0.0504, 
    0.0526, 0.0495, 0.0516, 0.0602, 0.0554, 0.06, 0.0557), RS.n.support.vectors = c(44.9, 
    43.2, 52.4, 58, 60.4, 44.7, 54.7, 56.1, 53.6, 63.5, 57.9), 
    RS.index = c(1, 983, 3, 20, 10, 201, 417, 85, 174, 753, 139
    ), RS.n.solutions = c(269, 1, 238, 328, 375, 12, 11, 11, 
    29, 15, 44), RS.generations = c(100, 100, 100, 100, 100, 
    100, 100, 100, 100, 100, 100), RS.n.evaluations = c(2500, 
    2500, 2500, 2500, 2500, 2500, 2500, 2500, 2500, 2500, 2500
    ), RS.cpu.time = c(8520.825, 8509.397, 8505.612, 8481.463, 
    8640.147, 8651.79300000001, 8690.74000000001, 11399.937, 
    9101.51999999999, 9130.70799999998, 9000.74000000002), DF.cost = c(1, 
    1, 1, 1, 1, 1, 1, 1, 1, 1, 1), DF.gamma = c(0.01111, 0.01111, 
    0.01111, 0.01111, 0.01111, 0.01111, 0.01111, 0.01111, 0.01111, 
    0.01111, 0.01111), DF.data.balancing = c(0, 0, 0, 0, 0, 0, 
    0, 0, 0, 0, 0), DF.feature.selection = c(0, 0, 0, 0, 0, 0, 
    0, 0, 0, 0, 0), DF.valid.acc = c(0.66095, 0.66155, 0.64524, 
    0.67143, 0.69504, 0.72833, 0.73389, 0.74232, 0.75712, 0.75242, 
    0.74376), DF.test.acc = c(0.66095, 0.66155, 0.63274, 0.65893, 
    0.69504, 0.72833, 0.73389, 0.74232, 0.73712, 0.75242, 0.74376
    ), DF.train.time = c(0.0475, 0.0473, 0.0475, 0.049, 0.0501, 
    0.0529, 0.052, 0.0607, 0.0573, 0.0603, 0.0582), DF.n.support.vectors = c(42.9, 
    47.6, 50.9, 54.4, 58.2, 58.2, 62.9, 65.2, 69, 73.4, 75.8), 
    DF.index = c(1, 1, 1, 1, 1, 1, 1, 1, 1, 1, 1), DF.n.solutions = c(1, 
    1, 1, 1, 1, 1, 1, 1, 1, 1, 1), DF.generations = c(1, 1, 1, 
    1, 1, 1, 1, 1, 1, 1, 1), DF.n.evaluations = c(1, 1, 1, 1, 
    1, 1, 1, 1, 1, 1, 1), DF.cpu.time = c(3.491, 3.459, 3.457, 
    3.357, 3.399, 3.465, 3.461, 4.561, 3.6, 3.59, 3.691), SMBO.cost = c(8.8162893580785, 
    8.8162893580785, 8.8162893580785, 8.8162893580785, 8.8162893580785, 
    8.8162893580785, 8.8162893580785, 8.8162893580785, 8.8162893580785, 
    8.8162893580785, 8.8162893580785), SMBO.gamma = c(-5.47067721399944, 
    -5.47067721399944, -5.47067721399944, -5.47067721399944, 
    -5.47067721399944, -5.47067721399944, -5.47067721399944, 
    -5.47067721399944, -5.47067721399944, -5.47067721399944, 
    -5.47067721399944), SMBO.balanced.test.accuracy = c(0.935429606625259, 
    0.935429606625259, 0.935429606625259, 0.935429606625259, 
    0.935429606625259, 0.935429606625259, 0.935429606625259, 
    0.935429606625259, 0.935429606625259, 0.935429606625259, 
    0.935429606625259)), .Names = c("Sampling", "PSO.cost", "PSO.gamma", 
"PSO.data.balancing", "PSO.feature.selection", "PSO.valid.acc", 
"PSO.test.acc", "PSO.train.time", "PSO.n.support.vectors", "PSO.index", 
"PSO.n.solutions", "PSO.generations", "PSO.n.evaluations", "PSO.cpu.time", 
"RS.cost", "RS.gamma", "RS.data.balancing", "RS.feature.selection", 
"RS.valid.acc", "RS.test.acc", "RS.train.time", "RS.n.support.vectors", 
"RS.index", "RS.n.solutions", "RS.generations", "RS.n.evaluations", 
"RS.cpu.time", "DF.cost", "DF.gamma", "DF.data.balancing", "DF.feature.selection", 
"DF.valid.acc", "DF.test.acc", "DF.train.time", "DF.n.support.vectors", 
"DF.index", "DF.n.solutions", "DF.generations", "DF.n.evaluations", 
"DF.cpu.time", "SMBO.cost", "SMBO.gamma", "SMBO.balanced.test.accuracy"
), row.names = c(NA, -11L), class = "data.frame")
