new.sol <-
structure(list(Sampling = c(50, 55, 60, 65, 70, 75, 80, 85, 90, 
95, 100), PSO.cost = c(-0.34427, -2, 11.96728, 7.91118, 6.69509, 
13.56118, 5.14118, 5.29943, 7.7082, 4.19947, 6.28632), PSO.gamma = c(1.01076, 
0.73458, -6.70398, -5.60073, -7.52959, -5.05156, -7.14647, -5.16429, 
-5.73618, -6.33173, -4.31094), PSO.data.balancing = c(0, 0, 0, 
0, 0, 0, 0, 0, 0, 0, 0), PSO.feature.selection = c(0, 0, 0, 0, 
0, 0, 0, 0, 0, 0, 0), PSO.valid.acc = c(0.81143, 0.81429, 0.81369, 
0.81528, 0.84266, 0.85488, 0.86306, 0.85162, 0.85929, 0.88598, 
0.88147), PSO.test.acc = c(0.77714, 0.81429, 0.78274, 0.78214, 
0.83016, 0.84377, 0.82083, 0.84162, 0.81217, 0.84344, 0.85571
), PSO.train.time = c(0.0529, 0.0539, 0.0529, 0.0493, 0.0493, 
0.0578, 0.0547, 0.0559, 0.0573, 0.0587, 0.0616), PSO.n.support.vectors = c(44, 
51.2, 39.8, 44.2, 49.5, 48.9, 59.8, 58.8, 56.5, 73.4, 64.9), 
    PSO.index = c(17, 29, 44, 846, 136, 689, 2461, 1219, 819, 
    842, 1133), PSO.n.solutions = c(1815, 1176, 1011, 41, 510, 
    46, 1, 34, 16, 154, 135), PSO.generations = c(100, 100, 100, 
    100, 100, 100, 100, 100, 100, 100, 100), PSO.n.evaluations = c(2500, 
    2500, 2500, 2500, 2500, 2500, 2500, 2500, 2500, 2500, 2500
    ), PSO.cpu.time = c(8574.114, 8701.641, 8664.931, 8713.923, 
    8899.49399999999, 8838.12699999999, 8995.96000000001, 9006.50899999999, 
    9024.96100000001, 9118.56599999999, 9114.50100000002), RS.cost = c(10.28507, 
    5.67824, 12.53211, 10.07157, 7.63237, 10.09048, 5.33075, 
    9.06682, 7.88113, 3.91679, 10.19464), RS.gamma = c(1.09008, 
    -7.72818, -6.45894, -5.78367, -7.33196, -5.05055, -7.27422, 
    -4.70736, -5.74074, -5.98502, -4.32891), RS.data.balancing = c(0, 
    0, 0, 0, 0, 0, 0, 0, 0, 0, 0), RS.feature.selection = c(0, 
    0, 0, 0, 0, 0, 0, 0, 0, 0, 0), RS.valid.acc = c(0.81143, 
    0.83333, 0.81369, 0.8121, 0.84266, 0.85488, 0.84306, 0.84162, 
    0.85929, 0.86689, 0.87314), RS.test.acc = c(0.79714, 0.82857, 
    0.78274, 0.78214, 0.81627, 0.85488, 0.82083, 0.83162, 0.81217, 
    0.84086, 0.87238), RS.train.time = c(0.0485, 0.0487, 0.0494, 
    0.0505, 0.054, 0.0505, 0.0565, 0.0558, 0.0551, 0.0599, 0.0598
    ), RS.n.support.vectors = c(43.4, 43.3, 40, 44.3, 45.6, 49, 
    59.5, 57.4, 56, 74.2, 64.1), RS.index = c(4, 2019, 199, 40, 
    63, 1374, 207, 15, 1743, 2365, 426), RS.n.solutions = c(185, 
    1, 38, 31, 6, 1, 1, 38, 1, 1, 6), RS.generations = c(100, 
    100, 100, 100, 100, 100, 100, 100, 100, 100, 100), RS.n.evaluations = c(2500, 
    2500, 2500, 2500, 2500, 2500, 2500, 2500, 2500, 2500, 2500
    ), RS.cpu.time = c(8700.565, 8580.398, 8695.86799999999, 
    8707.768, 8997.25899999999, 8778.83199999999, 8996.554, 8970.37999999998, 
    9126.16, 9123.715, 9175.42299999998), DF.cost = c(1, 1, 1, 
    1, 1, 1, 1, 1, 1, 1, 1), DF.gamma = c(0.01111, 0.01111, 0.01111, 
    0.01111, 0.01111, 0.01111, 0.01111, 0.01111, 0.01111, 0.01111, 
    0.01111), DF.data.balancing = c(0, 0, 0, 0, 0, 0, 0, 0, 0, 
    0, 0), DF.feature.selection = c(0, 0, 0, 0, 0, 0, 0, 0, 0, 
    0, 0), DF.valid.acc = c(0.75571, 0.76905, 0.72976, 0.7371, 
    0.72798, 0.73976, 0.74611, 0.75051, 0.72606, 0.7609, 0.74411
    ), DF.test.acc = c(0.75571, 0.76905, 0.7131, 0.7371, 0.72798, 
    0.72976, 0.72389, 0.76051, 0.73606, 0.74411, 0.75245), DF.train.time = c(0.0515, 
    0.0515, 0.0513, 0.0506, 0.0543, 0.0534, 0.0564, 0.0569, 0.0588, 
    0.0583, 0.0579), DF.n.support.vectors = c(40.9, 43.5, 49.5, 
    52.7, 56.4, 59.3, 61.7, 64.9, 68.3, 73.7, 75.5), DF.index = c(1, 
    1, 1, 1, 1, 1, 1, 1, 1, 1, 1), DF.n.solutions = c(1, 1, 1, 
    1, 1, 1, 1, 1, 1, 1, 1), DF.generations = c(1, 1, 1, 1, 1, 
    1, 1, 1, 1, 1, 1), DF.n.evaluations = c(1, 1, 1, 1, 1, 1, 
    1, 1, 1, 1, 1), DF.cpu.time = c(3.624, 3.59, 3.492, 3.476, 
    3.705, 3.551, 3.714, 3.592, 3.551, 3.638, 3.572), SMBO.cost = c(5.73927384018141, 
    5.73927384018141, 5.73927384018141, 5.73927384018141, 5.73927384018141, 
    5.73927384018141, 5.73927384018141, 5.73927384018141, 5.73927384018141, 
    5.73927384018141, 5.73927384018141), SMBO.gamma = c(-6.20882246163441, 
    -6.20882246163441, -6.20882246163441, -6.20882246163441, 
    -6.20882246163441, -6.20882246163441, -6.20882246163441, 
    -6.20882246163441, -6.20882246163441, -6.20882246163441, 
    -6.20882246163441), SMBO.balanced.test.accuracy = c(0.928341384863124, 
    0.928341384863124, 0.928341384863124, 0.928341384863124, 
    0.928341384863124, 0.928341384863124, 0.928341384863124, 
    0.928341384863124, 0.928341384863124, 0.928341384863124, 
    0.928341384863124)), .Names = c("Sampling", "PSO.cost", "PSO.gamma", 
"PSO.data.balancing", "PSO.feature.selection", "PSO.valid.acc", 
"PSO.test.acc", "PSO.train.time", "PSO.n.support.vectors", "PSO.index", 
"PSO.n.solutions", "PSO.generations", "PSO.n.evaluations", "PSO.cpu.time", 
"RS.cost", "RS.gamma", "RS.data.balancing", "RS.feature.selection", 
"RS.valid.acc", "RS.test.acc", "RS.train.time", "RS.n.support.vectors", 
"RS.index", "RS.n.solutions", "RS.generations", "RS.n.evaluations", 
"RS.cpu.time", "DF.cost", "DF.gamma", "DF.data.balancing", "DF.feature.selection", 
"DF.valid.acc", "DF.test.acc", "DF.train.time", "DF.n.support.vectors", 
"DF.index", "DF.n.solutions", "DF.generations", "DF.n.evaluations", 
"DF.cpu.time", "SMBO.cost", "SMBO.gamma", "SMBO.balanced.test.accuracy"
), row.names = c(NA, -11L), class = "data.frame")
