new.sol <-
structure(list(Sampling = c(50, 55, 60, 65, 70, 75, 80, 85, 90, 
95, 100), PSO.cost = c(9.96439, 7.08642, 8.4345, 5.94493, 6.6691, 
5.82362, 8.06259, 7.93223, 4.66705, 11.69338, 7.96763), PSO.gamma = c(-8.43018, 
-7.78694, -7.06487, -4.45035, -5.94875, -5.79807, -5.95596, -4.0956, 
-6.54433, -5.40506, -7.20469), PSO.data.balancing = c(0, 0, 0, 
0, 0, 0, 0, 0, 0, 0, 0), PSO.feature.selection = c(0, 0, 0, 0, 
0, 0, 0, 0, 0, 0, 0), PSO.valid.acc = c(0.93, 0.94048, 0.87619, 
0.90675, 0.87921, 0.87083, 0.87, 0.84869, 0.85621, 0.86561, 0.85355
), PSO.test.acc = c(0.86476, 0.82857, 0.84762, 0.84067, 0.82921, 
0.82194, 0.87, 0.83051, 0.80818, 0.85727, 0.83537), PSO.train.time = c(0.0484, 
0.0484, 0.0513, 0.0494, 0.0607, 0.0628, 0.0612, 0.0644, 0.0657, 
0.0675, 0.0667), PSO.n.support.vectors = c(31.9, 39.7, 39, 43.4, 
49.1, 53, 49.6, 59, 69.5, 57.7, 62.3), PSO.index = c(132, 407, 
57, 796, 526, 944, 55, 123, 1373, 100, 838), PSO.n.solutions = c(929, 
93, 619, 591, 290, 93, 1476, 539, 28, 602, 66), PSO.generations = c(100, 
100, 100, 100, 100, 100, 100, 100, 100, 100, 100), PSO.n.evaluations = c(2500, 
2500, 2500, 2500, 2500, 2500, 2500, 2500, 2500, 2500, 2500), 
    PSO.cpu.time = c(8711.839, 8793.031, 8822.834, 10253.286, 
    11987.798, 11992.59, 11796.787, 12220.621, 12279.166, 12101.197, 
    11747.89), RS.cost = c(10.13044, 5.52743, 11.45139, 6.54476, 
    6.65072, 5.33835, 12.27511, 1.45513, 4.46999, 13.30037, 11.01306
    ), RS.gamma = c(-8.89563, -7.35018, -8.13448, -4.3778, -5.9131, 
    -6.18007, -5.89952, -4.06788, -6.73141, -5.34507, -7.21741
    ), RS.data.balancing = c(0, 0, 0, 0, 0, 0, 0, 0, 0, 0, 0), 
    RS.feature.selection = c(0, 0, 0, 0, 0, 0, 0, 0, 0, 0, 0), 
    RS.valid.acc = c(0.93, 0.92381, 0.87619, 0.89425, 0.87921, 
    0.85833, 0.87, 0.8696, 0.85455, 0.86561, 0.85204), RS.test.acc = c(0.87905, 
    0.84524, 0.83095, 0.82956, 0.81921, 0.80972, 0.85889, 0.82869, 
    0.84894, 0.85727, 0.81643), RS.train.time = c(0.0479, 0.0489, 
    0.0493, 0.0596, 0.0607, 0.0613, 0.0598, 0.0642, 0.0686, 0.0656, 
    0.0657), RS.n.support.vectors = c(31, 41.8, 36.4, 42.7, 49.1, 
    55.5, 48.6, 72.9, 70, 57.9, 57.1), RS.index = c(18, 1611, 
    21, 1160, 368, 593, 24, 235, 2165, 634, 962), RS.n.solutions = c(12, 
    1, 26, 1, 2, 2, 39, 2, 1, 6, 3), RS.generations = c(100, 
    100, 100, 100, 100, 100, 100, 100, 100, 100, 100), RS.n.evaluations = c(2500, 
    2500, 2500, 2500, 2500, 2500, 2500, 2500, 2500, 2500, 2500
    ), RS.cpu.time = c(8798.631, 8761.577, 8830.636, 11958.676, 
    11978.83, 11915.476, 11928.726, 12245.94, 12241.556, 11802.032, 
    11625.771), DF.cost = c(1, 1, 1, 1, 1, 1, 1, 1, 1, 1, 1), 
    DF.gamma = c(0.01111, 0.01111, 0.01111, 0.01111, 0.01111, 
    0.01111, 0.01111, 0.01111, 0.01111, 0.01111, 0.01111), DF.data.balancing = c(0, 
    0, 0, 0, 0, 0, 0, 0, 0, 0, 0), DF.feature.selection = c(0, 
    0, 0, 0, 0, 0, 0, 0, 0, 0, 0), DF.valid.acc = c(0.7419, 0.78333, 
    0.78333, 0.77718, 0.7802, 0.77306, 0.76556, 0.75121, 0.75591, 
    0.75773, 0.74312), DF.test.acc = c(0.7419, 0.78333, 0.78333, 
    0.77718, 0.7702, 0.77306, 0.75444, 0.76121, 0.74682, 0.74939, 
    0.75221), DF.train.time = c(0.0479, 0.0492, 0.0498, 0.0589, 
    0.0602, 0.061, 0.0622, 0.0635, 0.0651, 0.0658, 0.0652), DF.n.support.vectors = c(40.1, 
    42.1, 44.7, 49.3, 52.3, 56.9, 59.6, 65.2, 69.9, 72.6, 75.9
    ), DF.index = c(1, 1, 1, 1, 1, 1, 1, 1, 1, 1, 1), DF.n.solutions = c(1, 
    1, 1, 1, 1, 1, 1, 1, 1, 1, 1), DF.generations = c(1, 1, 1, 
    1, 1, 1, 1, 1, 1, 1, 1), DF.n.evaluations = c(1, 1, 1, 1, 
    1, 1, 1, 1, 1, 1, 1), DF.cpu.time = c(3.609, 3.589, 3.56, 
    4.792, 4.716, 4.617, 4.763, 4.929, 4.721, 4.661, 4.576), 
    SMBO.cost = c(7.43353666970506, 7.43353666970506, 7.43353666970506, 
    7.43353666970506, 7.43353666970506, 7.43353666970506, 7.43353666970506, 
    7.43353666970506, 7.43353666970506, 7.43353666970506, 7.43353666970506
    ), SMBO.gamma = c(-7.97257610131055, -7.97257610131055, -7.97257610131055, 
    -7.97257610131055, -7.97257610131055, -7.97257610131055, 
    -7.97257610131055, -7.97257610131055, -7.97257610131055, 
    -7.97257610131055, -7.97257610131055), SMBO.balanced.test.accuracy = c(0.947167755991285, 
    0.947167755991285, 0.947167755991285, 0.947167755991285, 
    0.947167755991285, 0.947167755991285, 0.947167755991285, 
    0.947167755991285, 0.947167755991285, 0.947167755991285, 
    0.947167755991285)), .Names = c("Sampling", "PSO.cost", "PSO.gamma", 
"PSO.data.balancing", "PSO.feature.selection", "PSO.valid.acc", 
"PSO.test.acc", "PSO.train.time", "PSO.n.support.vectors", "PSO.index", 
"PSO.n.solutions", "PSO.generations", "PSO.n.evaluations", "PSO.cpu.time", 
"RS.cost", "RS.gamma", "RS.data.balancing", "RS.feature.selection", 
"RS.valid.acc", "RS.test.acc", "RS.train.time", "RS.n.support.vectors", 
"RS.index", "RS.n.solutions", "RS.generations", "RS.n.evaluations", 
"RS.cpu.time", "DF.cost", "DF.gamma", "DF.data.balancing", "DF.feature.selection", 
"DF.valid.acc", "DF.test.acc", "DF.train.time", "DF.n.support.vectors", 
"DF.index", "DF.n.solutions", "DF.generations", "DF.n.evaluations", 
"DF.cpu.time", "SMBO.cost", "SMBO.gamma", "SMBO.balanced.test.accuracy"
), row.names = c(NA, -11L), class = "data.frame")
