new.sol <-
structure(list(Sampling = c(50, 55, 60, 65, 70, 75, 80, 85, 90, 
95, 100), PSO.cost = c(2.09122, 4.25746, 1.76715, 1.70128, 4.69907, 
3.65644, 7.66622, 7.46436, 6.4976, 3.89491, 11.57972), PSO.gamma = c(-1.18122, 
-0.39069, -0.9893, -5.26208, -5.05561, -6.25726, -6.40043, -4.78539, 
-4.29433, -6.30518, -7.80217), PSO.data.balancing = c(0, 0, 0, 
0, 0, 0, 0, 0, 0, 0, 0), PSO.feature.selection = c(0, 0, 0, 0, 
0, 0, 0, 0, 0, 0, 0), PSO.valid.acc = c(0.88238, 0.89464, 0.87202, 
0.89425, 0.90417, 0.89111, 0.86667, 0.89232, 0.89606, 0.87652, 
0.85455), PSO.test.acc = c(0.88238, 0.89464, 0.87202, 0.88353, 
0.86667, 0.845, 0.80444, 0.88434, 0.88697, 0.82273, 0.83561), 
    PSO.train.time = c(0.0539, 0.0533, 0.0529, 0.0542, 0.0636, 
    0.0549, 0.0567, 0.0596, 0.0576, 0.06, 0.0608), PSO.n.support.vectors = c(42.4, 
    48.3, 48.7, 51.8, 48.5, 60.4, 49.6, 55.6, 59.5, 74.3, 53.5
    ), PSO.index = c(5, 6, 2, 190, 684, 892, 29, 44, 103, 1319, 
    70), PSO.n.solutions = c(1618, 1736, 1736, 414, 241, 8, 1443, 
    1424, 1246, 41, 770), PSO.generations = c(100, 100, 100, 
    100, 100, 100, 100, 100, 100, 100, 100), PSO.n.evaluations = c(2500, 
    2500, 2500, 2500, 2500, 2500, 2500, 2500, 2500, 2500, 2500
    ), PSO.cpu.time = c(9490.474, 9427.309, 9551.17200000001, 
    9640.804, 11935.105, 9716.59600000001, 9789.19200000001, 
    9785.666, 9814.53899999999, 9927.677, 9652.92299999998), 
    RS.cost = c(7.54549, 11.32542, 10.93535, 1.7629, 14.82547, 
    2.29121, 10.22654, 7.17805, 8.61977, 3.91925, 11.28954), 
    RS.gamma = c(-0.94193, -1.96057, -5.80392, -5.19216, -5.02021, 
    -5.0233, -6.64221, -4.70572, -4.12288, -6.30929, -7.80902
    ), RS.data.balancing = c(0, 0, 0, 0, 0, 0, 0, 0, 0, 0, 0), 
    RS.feature.selection = c(0, 0, 0, 0, 0, 0, 0, 0, 0, 0, 0), 
    RS.valid.acc = c(0.88238, 0.89464, 0.8756, 0.89425, 0.89306, 
    0.89083, 0.86667, 0.89232, 0.89606, 0.86742, 0.85455), RS.test.acc = c(0.88238, 
    0.89464, 0.84524, 0.89603, 0.86667, 0.85472, 0.79333, 0.88434, 
    0.89606, 0.82273, 0.83561), RS.train.time = c(0.0528, 0.0514, 
    0.053, 0.0636, 0.0531, 0.0563, 0.0555, 0.0558, 0.0586, 0.0596, 
    0.0611), RS.n.support.vectors = c(42.9, 45.2, 35.7, 51.3, 
    46.2, 61.6, 48.6, 56.1, 60.4, 74.4, 53.5), RS.index = c(30, 
    2, 151, 558, 8, 2248, 25, 56, 18, 453, 603), RS.n.solutions = c(200, 
    297, 10, 3, 42, 1, 43, 26, 18, 1, 3), RS.generations = c(100, 
    100, 100, 100, 100, 100, 100, 100, 100, 100, 100), RS.n.evaluations = c(2500, 
    2500, 2500, 2500, 2500, 2500, 2500, 2500, 2500, 2500, 2500
    ), RS.cpu.time = c(9404.372, 9426.236, 9555.45800000001, 
    14388.952, 9703.042, 9808.992, 9764.614, 9689.87099999998, 
    9908.024, 9768.66700000002, 9861.992), DF.cost = c(1, 1, 
    1, 1, 1, 1, 1, 1, 1, 1, 1), DF.gamma = c(0.01111, 0.01111, 
    0.01111, 0.01111, 0.01111, 0.01111, 0.01111, 0.01111, 0.01111, 
    0.01111, 0.01111), DF.data.balancing = c(0, 0, 0, 0, 0, 0, 
    0, 0, 0, 0, 0), DF.feature.selection = c(0, 0, 0, 0, 0, 0, 
    0, 0, 0, 0, 0), DF.valid.acc = c(0.67714, 0.63821, 0.71905, 
    0.7256, 0.74444, 0.73988, 0.73389, 0.73222, 0.71848, 0.73333, 
    0.74242), DF.test.acc = c(0.64381, 0.64833, 0.71905, 0.7256, 
    0.73194, 0.73988, 0.73389, 0.73222, 0.73848, 0.74242, 0.74242
    ), DF.train.time = c(0.05, 0.0522, 0.0525, 0.0629, 0.0537, 
    0.0554, 0.0582, 0.0557, 0.058, 0.0612, 0.0599), DF.n.support.vectors = c(40.5, 
    43.6, 47.2, 51, 54.2, 58.4, 62.8, 65.3, 70.1, 72.9, 75.8), 
    DF.index = c(1, 1, 1, 1, 1, 1, 1, 1, 1, 1, 1), DF.n.solutions = c(1, 
    1, 1, 1, 1, 1, 1, 1, 1, 1, 1), DF.generations = c(1, 1, 1, 
    1, 1, 1, 1, 1, 1, 1, 1), DF.n.evaluations = c(1, 1, 1, 1, 
    1, 1, 1, 1, 1, 1, 1), DF.cpu.time = c(3.772, 3.765, 3.845, 
    5.77, 3.812, 3.995, 3.907, 3.981, 4.026, 3.894, 3.941), SMBO.cost = c(14.8661048724805, 
    14.8661048724805, 14.8661048724805, 14.8661048724805, 14.8661048724805, 
    14.8661048724805, 14.8661048724805, 14.8661048724805, 14.8661048724805, 
    14.8661048724805, 14.8661048724805), SMBO.gamma = c(-5.6663572207457, 
    -5.6663572207457, -5.6663572207457, -5.6663572207457, -5.6663572207457, 
    -5.6663572207457, -5.6663572207457, -5.6663572207457, -5.6663572207457, 
    -5.6663572207457, -5.6663572207457), SMBO.balanced.test.accuracy = c(0.928630846277905, 
    0.928630846277905, 0.928630846277905, 0.928630846277905, 
    0.928630846277905, 0.928630846277905, 0.928630846277905, 
    0.928630846277905, 0.928630846277905, 0.928630846277905, 
    0.928630846277905)), .Names = c("Sampling", "PSO.cost", "PSO.gamma", 
"PSO.data.balancing", "PSO.feature.selection", "PSO.valid.acc", 
"PSO.test.acc", "PSO.train.time", "PSO.n.support.vectors", "PSO.index", 
"PSO.n.solutions", "PSO.generations", "PSO.n.evaluations", "PSO.cpu.time", 
"RS.cost", "RS.gamma", "RS.data.balancing", "RS.feature.selection", 
"RS.valid.acc", "RS.test.acc", "RS.train.time", "RS.n.support.vectors", 
"RS.index", "RS.n.solutions", "RS.generations", "RS.n.evaluations", 
"RS.cpu.time", "DF.cost", "DF.gamma", "DF.data.balancing", "DF.feature.selection", 
"DF.valid.acc", "DF.test.acc", "DF.train.time", "DF.n.support.vectors", 
"DF.index", "DF.n.solutions", "DF.generations", "DF.n.evaluations", 
"DF.cpu.time", "SMBO.cost", "SMBO.gamma", "SMBO.balanced.test.accuracy"
), row.names = c(NA, -11L), class = "data.frame")
