new.sol <-
structure(list(Sampling = c(50, 55, 60, 65, 70, 75, 80, 85, 90, 
95, 100), PSO.cost = c(5.91995, 5.69893, 4.7556, 1.92882, 11.43957, 
6.90013, 4.22883, 11.50525, 8.42343, 11.6967, 6.48463), PSO.gamma = c(-7.46368, 
-8.98252, -7.14244, -6.66846, -10.04235, -9.71636, -7.88163, 
-15, -10.08775, -11.05619, -8.47566), PSO.data.balancing = c(0, 
0, 0, 0, 0, 0, 0, 0, 0, 0, 0), PSO.feature.selection = c(0, 0, 
0, 0, 0, 0, 0, 0, 0, 0, 0), PSO.valid.acc = c(0.91811, 0.91383, 
0.91681, 0.91855, 0.92213, 0.91817, 0.90307, 0.91131, 0.92698, 
0.92131, 0.92044), PSO.test.acc = c(0.89042, 0.90915, 0.89786, 
0.90796, 0.91245, 0.9032, 0.89735, 0.8978, 0.91415, 0.91655, 
0.91811), PSO.train.time = c(0.0097, 0.0107, 0.0108, 0.0123, 
0.0132, 0.0131, 0.0146, 0.0156, 0.016, 0.0179, 0.0177), PSO.n.support.vectors = c(48.6, 
65.7, 63.9, 84, 56.9, 75.7, 89.8, 89.6, 80.1, 74.2, 87.3), PSO.index = c(883, 
1875, 1694, 4, 551, 41, 35, 107, 711, 217, 477), PSO.n.solutions = c(75, 
5, 30, 646, 11, 705, 492, 319, 47, 323, 32), PSO.generations = c(100, 
100, 100, 100, 100, 100, 100, 100, 100, 100, 100), PSO.n.evaluations = c(2500, 
2500, 2500, 2500, 2500, 2500, 2500, 2500, 2500, 2500, 2500), 
    PSO.cpu.time = c(6065.494, 6084.497, 6108.741, 6178.333, 
    6216.468, 6182.18000000001, 6252.249, 6242.57399999999, 6267.338, 
    8198.06000000001, 8308.72500000002), RS.cost = c(5.7772, 
    6.05672, 0.64258, 2.40051, 11.76481, 8.17329, 6.07896, 9.81651, 
    8.17061, 11.00855, 10.57419), RS.gamma = c(-7.78122, -9.19416, 
    -4.31114, -7.10245, -10.85273, -10.94181, -10.15613, -13.19074, 
    -9.90335, -10.53253, -12.61699), RS.data.balancing = c(0, 
    0, 0, 0, 0, 0, 0, 0, 0, 0, 0), RS.feature.selection = c(0, 
    0, 0, 0, 0, 0, 0, 0, 0, 0, 0), RS.valid.acc = c(0.91376, 
    0.90983, 0.90556, 0.91855, 0.92203, 0.91817, 0.90307, 0.91131, 
    0.92448, 0.92131, 0.92039), RS.test.acc = c(0.88647, 0.90515, 
    0.90185, 0.91141, 0.92213, 0.90026, 0.88616, 0.8978, 0.91428, 
    0.91655, 0.92039), RS.train.time = c(0.0096, 0.0105, 0.0114, 
    0.0124, 0.013, 0.0133, 0.015, 0.0149, 0.0156, 0.0179, 0.0184
    ), RS.n.support.vectors = c(50, 65, 80.7, 82.9, 57.8, 75.6, 
    93, 88.4, 80.6, 74, 89.3), RS.index = c(1014, 1104, 16, 666, 
    2319, 192, 20, 701, 1254, 57, 606), RS.n.solutions = c(1, 
    3, 1, 4, 1, 17, 18, 6, 2, 2, 6), RS.generations = c(100, 
    100, 100, 100, 100, 100, 100, 100, 100, 100, 100), RS.n.evaluations = c(2500, 
    2500, 2500, 2500, 2500, 2500, 2500, 2500, 2500, 2500, 2500
    ), RS.cpu.time = c(6121.713, 6156.379, 6215.536, 6257.10200000001, 
    6305.89, 6358.78, 6430.692, 6439.94899999999, 6511.416, 8443.038, 
    8536.27800000002), DF.cost = c(1, 1, 1, 1, 1, 1, 1, 1, 1, 
    1, 1), DF.gamma = c(0.14286, 0.14286, 0.14286, 0.14286, 0.14286, 
    0.14286, 0.14286, 0.14286, 0.14286, 0.14286, 0.14286), DF.data.balancing = c(0, 
    0, 0, 0, 0, 0, 0, 0, 0, 0, 0), DF.feature.selection = c(0, 
    0, 0, 0, 0, 0, 0, 0, 0, 0, 0), DF.valid.acc = c(0.89103, 
    0.89347, 0.88632, 0.88714, 0.9061, 0.88777, 0.88029, 0.8978, 
    0.91191, 0.91185, 0.89988), DF.test.acc = c(0.91356, 0.8853, 
    0.89402, 0.88344, 0.90256, 0.8909, 0.88307, 0.90853, 0.90672, 
    0.90232, 0.89988), DF.train.time = c(0.0104, 0.0111, 0.0121, 
    0.0128, 0.0133, 0.0148, 0.016, 0.0169, 0.0175, 0.0191, 0.0201
    ), DF.n.support.vectors = c(73.2, 81.7, 84.9, 87.6, 93.1, 
    99.2, 108, 111.1, 112.3, 117, 121.8), DF.index = c(1, 1, 
    1, 1, 1, 1, 1, 1, 1, 1, 1), DF.n.solutions = c(1, 1, 1, 1, 
    1, 1, 1, 1, 1, 1, 1), DF.generations = c(1, 1, 1, 1, 1, 1, 
    1, 1, 1, 1, 1), DF.n.evaluations = c(1, 1, 1, 1, 1, 1, 1, 
    1, 1, 1, 1), DF.cpu.time = c(2.445, 2.43, 2.484, 2.44, 2.411, 
    2.452, 2.549, 2.481, 2.483, 3.326, 3.266), SMBO.cost = c(11.3447386113225, 
    11.3447386113225, 11.3447386113225, 11.3447386113225, 11.3447386113225, 
    11.3447386113225, 11.3447386113225, 11.3447386113225, 11.3447386113225, 
    11.3447386113225, 11.3447386113225), SMBO.gamma = c(-10.5410809932694, 
    -10.5410809932694, -10.5410809932694, -10.5410809932694, 
    -10.5410809932694, -10.5410809932694, -10.5410809932694, 
    -10.5410809932694, -10.5410809932694, -10.5410809932694, 
    -10.5410809932694), SMBO.balanced.test.accuracy = c(0.925219456469456, 
    0.925219456469456, 0.925219456469456, 0.925219456469456, 
    0.925219456469456, 0.925219456469456, 0.925219456469456, 
    0.925219456469456, 0.925219456469456, 0.925219456469456, 
    0.925219456469456)), .Names = c("Sampling", "PSO.cost", "PSO.gamma", 
"PSO.data.balancing", "PSO.feature.selection", "PSO.valid.acc", 
"PSO.test.acc", "PSO.train.time", "PSO.n.support.vectors", "PSO.index", 
"PSO.n.solutions", "PSO.generations", "PSO.n.evaluations", "PSO.cpu.time", 
"RS.cost", "RS.gamma", "RS.data.balancing", "RS.feature.selection", 
"RS.valid.acc", "RS.test.acc", "RS.train.time", "RS.n.support.vectors", 
"RS.index", "RS.n.solutions", "RS.generations", "RS.n.evaluations", 
"RS.cpu.time", "DF.cost", "DF.gamma", "DF.data.balancing", "DF.feature.selection", 
"DF.valid.acc", "DF.test.acc", "DF.train.time", "DF.n.support.vectors", 
"DF.index", "DF.n.solutions", "DF.generations", "DF.n.evaluations", 
"DF.cpu.time", "SMBO.cost", "SMBO.gamma", "SMBO.balanced.test.accuracy"
), row.names = c(NA, -11L), class = "data.frame")
