new.sol <-
structure(list(Sampling = c(50, 55, 60, 65, 70, 75, 80, 85, 90, 
95, 100), PSO.cost = c(13.27018, 6.9905, 6.45208, 6.09697, 11.24262, 
13.4287, 6.96375, 14.0194, 6.91557, 8.90865, 11.14062), PSO.gamma = c(-12.16754, 
-7.49989, -7.53216, -7.7837, -8.16153, -7.4243, -8.15984, -10.24174, 
-8.40489, -8.37188, -11.56445), PSO.data.balancing = c(0, 0, 
0, 0, 0, 0, 0, 0, 0, 0, 0), PSO.feature.selection = c(0, 0, 0, 
0, 0, 0, 0, 0, 0, 0, 0), PSO.valid.acc = c(0.93117, 0.92929, 
0.92066, 0.93362, 0.92527, 0.93636, 0.93753, 0.92773, 0.91692, 
0.9235, 0.92979), PSO.test.acc = c(0.92641, 0.92096, 0.91311, 
0.93005, 0.89559, 0.92424, 0.92348, 0.91428, 0.90929, 0.91613, 
0.91605), PSO.train.time = c(0.0159, 0.016, 0.0165, 0.0175, 0.0216, 
0.0497, 0.0202, 0.0308, 0.023, 0.0247, 0.0265), PSO.n.support.vectors = c(40.5, 
46, 52.5, 56.2, 50.9, 52.3, 62.3, 57.9, 77.3, 71.6, 81.3), PSO.index = c(17, 
193, 78, 4, 290, 887, 31, 654, 1138, 877, 360), PSO.n.solutions = c(1109, 
273, 893, 494, 48, 26, 269, 84, 110, 51, 405), PSO.generations = c(100, 
100, 100, 100, 100, 100, 100, 100, 100, 100, 100), PSO.n.evaluations = c(2500, 
2500, 2500, 2500, 2500, 2500, 2500, 2500, 2500, 2500, 2500), 
    PSO.cpu.time = c(6879.855, 6927.8, 6903.063, 6987.681, 7175.146, 
    7757.924, 7089.25900000001, 7242.27899999999, 7212.334, 7279.24399999999, 
    7246.913), RS.cost = c(14.36427, 7.48314, 8.29217, 7.49215, 
    11.19634, 14.31202, 6.11529, 6.09048, 7.14242, 9.7663, 10.97508
    ), RS.gamma = c(-13.26979, -7.71882, -8.68224, -9.35628, 
    -8.13108, -7.84547, -7.63831, -7.62566, -8.56359, -8.70925, 
    -11.48316), RS.data.balancing = c(0, 0, 0, 0, 0, 0, 0, 0, 
    0, 0, 0), RS.feature.selection = c(0, 0, 0, 0, 0, 0, 0, 0, 
    0, 0, 0), RS.valid.acc = c(0.93117, 0.92929, 0.92066, 0.93362, 
    0.92527, 0.93333, 0.93475, 0.92766, 0.91692, 0.92344, 0.92979
    ), RS.test.acc = c(0.91732, 0.92096, 0.91311, 0.9266, 0.89559, 
    0.92727, 0.92626, 0.91684, 0.91179, 0.91868, 0.91832), RS.train.time = c(0.0165, 
    0.0157, 0.0171, 0.0173, 0.0229, 0.0584, 0.0203, 0.022, 0.0232, 
    0.025, 0.0269), RS.n.support.vectors = c(40.6, 45.6, 50.2, 
    56.6, 50.8, 51.8, 63.3, 68.4, 76.5, 71.3, 81.5), RS.index = c(77, 
    591, 340, 258, 50, 86, 268, 43, 1881, 649, 1442), RS.n.solutions = c(18, 
    4, 14, 3, 1, 2, 5, 2, 1, 6, 2), RS.generations = c(100, 100, 
    100, 100, 100, 100, 100, 100, 100, 100, 100), RS.n.evaluations = c(2500, 
    2500, 2500, 2500, 2500, 2500, 2500, 2500, 2500, 2500, 2500
    ), RS.cpu.time = c(6941.052, 6953.839, 7059.887, 7120.9, 
    7158.423, 7224.735, 7291.746, 7332.909, 7477.466, 7486.10800000001, 
    7609.345), DF.cost = c(1, 1, 1, 1, 1, 1, 1, 1, 1, 1, 1), 
    DF.gamma = c(0.14286, 0.14286, 0.14286, 0.14286, 0.14286, 
    0.14286, 0.14286, 0.14286, 0.14286, 0.14286, 0.14286), DF.data.balancing = c(0, 
    0, 0, 0, 0, 0, 0, 0, 0, 0, 0), DF.feature.selection = c(0, 
    0, 0, 0, 0, 0, 0, 0, 0, 0, 0), DF.valid.acc = c(0.90427, 
    0.88776, 0.90199, 0.90924, 0.91548, 0.90303, 0.90912, 0.91436, 
    0.90173, 0.89696, 0.90225), DF.test.acc = c(0.89929, 0.90009, 
    0.90214, 0.91626, 0.90247, 0.9, 0.91197, 0.91428, 0.89667, 
    0.89446, 0.9022), DF.train.time = c(0.0159, 0.0166, 0.0182, 
    0.0199, 0.0205, 0.0221, 0.0231, 0.0242, 0.0251, 0.0266, 0.0297
    ), DF.n.support.vectors = c(70.1, 73.5, 81.1, 85.2, 90, 94.2, 
    97.3, 103.3, 112.6, 116.1, 122.2), DF.index = c(1, 1, 1, 
    1, 1, 1, 1, 1, 1, 1, 1), DF.n.solutions = c(1, 1, 1, 1, 1, 
    1, 1, 1, 1, 1, 1), DF.generations = c(1, 1, 1, 1, 1, 1, 1, 
    1, 1, 1, 1), DF.n.evaluations = c(1, 1, 1, 1, 1, 1, 1, 1, 
    1, 1, 1), DF.cpu.time = c(2.747, 2.724, 2.808, 2.864, 2.797, 
    2.897, 2.885, 2.929, 2.868, 2.893, 2.96), SMBO.cost = c(11.2486170885013, 
    11.2486170885013, 11.2486170885013, 11.2486170885013, 11.2486170885013, 
    11.2486170885013, 11.2486170885013, 11.2486170885013, 11.2486170885013, 
    11.2486170885013, 11.2486170885013), SMBO.gamma = c(-9.95408775891177, 
    -9.95408775891177, -9.95408775891177, -9.95408775891177, 
    -9.95408775891177, -9.95408775891177, -9.95408775891177, 
    -9.95408775891177, -9.95408775891177, -9.95408775891177, 
    -9.95408775891177), SMBO.balanced.test.accuracy = c(0.921116377370906, 
    0.921116377370906, 0.921116377370906, 0.921116377370906, 
    0.921116377370906, 0.921116377370906, 0.921116377370906, 
    0.921116377370906, 0.921116377370906, 0.921116377370906, 
    0.921116377370906)), .Names = c("Sampling", "PSO.cost", "PSO.gamma", 
"PSO.data.balancing", "PSO.feature.selection", "PSO.valid.acc", 
"PSO.test.acc", "PSO.train.time", "PSO.n.support.vectors", "PSO.index", 
"PSO.n.solutions", "PSO.generations", "PSO.n.evaluations", "PSO.cpu.time", 
"RS.cost", "RS.gamma", "RS.data.balancing", "RS.feature.selection", 
"RS.valid.acc", "RS.test.acc", "RS.train.time", "RS.n.support.vectors", 
"RS.index", "RS.n.solutions", "RS.generations", "RS.n.evaluations", 
"RS.cpu.time", "DF.cost", "DF.gamma", "DF.data.balancing", "DF.feature.selection", 
"DF.valid.acc", "DF.test.acc", "DF.train.time", "DF.n.support.vectors", 
"DF.index", "DF.n.solutions", "DF.generations", "DF.n.evaluations", 
"DF.cpu.time", "SMBO.cost", "SMBO.gamma", "SMBO.balanced.test.accuracy"
), row.names = c(NA, -11L), class = "data.frame")
