new.sol <-
structure(list(Sampling = c(50, 55, 60, 65, 70, 75, 80, 85, 90, 
95, 100), PSO.cost = c(11.31214, 15, 9.14109, 11.55941, 12.20784, 
15, 12.05447, 9.11264, 14.88873, 11.71574, 6.39465), PSO.gamma = c(-12.87144, 
-13.56515, -10.7411, -11.14269, -14.26243, -12.06998, -9.6201, 
-10.87428, -12.92122, -8.45489, -9.73927), PSO.data.balancing = c(0, 
0, 0, 0, 0, 0, 0, 0, 0, 0, 0), PSO.feature.selection = c(0, 0, 
0, 0, 0, 0, 0, 0, 0, 0, 0), PSO.valid.acc = c(0.93172, 0.934, 
0.9356, 0.92315, 0.90901, 0.91826, 0.90348, 0.90917, 0.91167, 
0.92352, 0.92266), PSO.test.acc = c(0.89511, 0.92967, 0.92421, 
0.90924, 0.90547, 0.89383, 0.89499, 0.89829, 0.91154, 0.90441, 
0.91129), PSO.train.time = c(0.0159, 0.0172, 0.0168, 0.0189, 
0.02, 0.0291, 0.0263, 0.0236, 0.0292, 0.0356, 0.0272), PSO.n.support.vectors = c(43.2, 
38.6, 51.9, 55.1, 70.5, 66.4, 68.7, 78.7, 73.9, 73.4, 98.3), 
    PSO.index = c(637, 149, 190, 1473, 519, 933, 961, 16, 121, 
    18, 641), PSO.n.solutions = c(60, 338, 69, 5, 44, 148, 15, 
    339, 103, 462, 96), PSO.generations = c(100, 100, 100, 100, 
    100, 100, 100, 100, 100, 100, 100), PSO.n.evaluations = c(2500, 
    2500, 2500, 2500, 2500, 2500, 2500, 2500, 2500, 2500, 2500
    ), PSO.cpu.time = c(7681.352, 7753.741, 7633.139, 7644.946, 
    7743.44499999999, 7916.28600000001, 7871.323, 7691.52100000001, 
    7806.38300000002, 8214.883, 7426.43700000001), RS.cost = c(12.70202, 
    13.68507, 12.94039, 11.32419, 10.07134, 14.97985, 13.35306, 
    7.87884, 12.49526, 13.86946, 6.11704), RS.gamma = c(-14.22704, 
    -12.40126, -14.5694, -10.85866, -12.10794, -12.09847, -13.79316, 
    -8.70327, -11.04231, -9.48212, -9.38817), RS.data.balancing = c(0, 
    0, 0, 0, 0, 0, 0, 0, 0, 0, 0), RS.feature.selection = c(0, 
    0, 0, 0, 0, 0, 0, 0, 0, 0, 0), RS.valid.acc = c(0.93172, 
    0.934, 0.9356, 0.92315, 0.90901, 0.91826, 0.90331, 0.90917, 
    0.91167, 0.92352, 0.92266), RS.test.acc = c(0.89965, 0.92967, 
    0.92421, 0.91281, 0.90547, 0.89686, 0.91173, 0.89573, 0.92179, 
    0.90197, 0.90902), RS.train.time = c(0.0152, 0.0165, 0.0167, 
    0.0193, 0.0202, 0.0274, 0.0223, 0.023, 0.0264, 0.0456, 0.0266
    ), RS.n.support.vectors = c(43.1, 39, 51.9, 55.1, 70.2, 66.1, 
    72.1, 75.4, 74, 72.8, 97.1), RS.index = c(318, 241, 2388, 
    698, 15, 1560, 11, 67, 96, 103, 1326), RS.n.solutions = c(3, 
    13, 1, 1, 7, 1, 6, 9, 7, 14, 1), RS.generations = c(100, 
    100, 100, 100, 100, 100, 100, 100, 100, 100, 100), RS.n.evaluations = c(2500, 
    2500, 2500, 2500, 2500, 2500, 2500, 2500, 2500, 2500, 2500
    ), RS.cpu.time = c(7779.004, 7770.489, 7743.347, 7819.985, 
    7921.685, 7991.91100000001, 8014.20600000001, 7934.322, 7978.31299999999, 
    8041.791, 7727.95799999998), DF.cost = c(1, 1, 1, 1, 1, 1, 
    1, 1, 1, 1, 1), DF.gamma = c(0.14286, 0.14286, 0.14286, 0.14286, 
    0.14286, 0.14286, 0.14286, 0.14286, 0.14286, 0.14286, 0.14286
    ), DF.data.balancing = c(0, 0, 0, 0, 0, 0, 0, 0, 0, 0, 0), 
    DF.feature.selection = c(0, 0, 0, 0, 0, 0, 0, 0, 0, 0, 0), 
    DF.valid.acc = c(0.89182, 0.905, 0.90526, 0.87796, 0.86965, 
    0.87886, 0.88372, 0.89061, 0.89654, 0.90186, 0.9066), DF.test.acc = c(0.89554, 
    0.8965, 0.89756, 0.89187, 0.87298, 0.88795, 0.88936, 0.89331, 
    0.89154, 0.89942, 0.90221), DF.train.time = c(0.0164, 0.017, 
    0.0192, 0.0191, 0.0214, 0.0226, 0.0239, 0.0251, 0.0263, 0.0273, 
    0.0308), DF.n.support.vectors = c(66, 69, 77.3, 85.6, 95.4, 
    101.6, 106.3, 109.6, 112, 117.2, 121.5), DF.index = c(1, 
    1, 1, 1, 1, 1, 1, 1, 1, 1, 1), DF.n.solutions = c(1, 1, 1, 
    1, 1, 1, 1, 1, 1, 1, 1), DF.generations = c(1, 1, 1, 1, 1, 
    1, 1, 1, 1, 1, 1), DF.n.evaluations = c(1, 1, 1, 1, 1, 1, 
    1, 1, 1, 1, 1), DF.cpu.time = c(2.973, 2.902, 3.212, 2.99, 
    3.021, 3.008, 3.062, 3.029, 3.173, 2.758, 3.067), SMBO.cost = c(12.5844131476309, 
    12.5844131476309, 12.5844131476309, 12.5844131476309, 12.5844131476309, 
    12.5844131476309, 12.5844131476309, 12.5844131476309, 12.5844131476309, 
    12.5844131476309, 12.5844131476309), SMBO.gamma = c(-10.1882965768834, 
    -10.1882965768834, -10.1882965768834, -10.1882965768834, 
    -10.1882965768834, -10.1882965768834, -10.1882965768834, 
    -10.1882965768834, -10.1882965768834, -10.1882965768834, 
    -10.1882965768834), SMBO.balanced.test.accuracy = c(0.913041430114601, 
    0.913041430114601, 0.913041430114601, 0.913041430114601, 
    0.913041430114601, 0.913041430114601, 0.913041430114601, 
    0.913041430114601, 0.913041430114601, 0.913041430114601, 
    0.913041430114601)), .Names = c("Sampling", "PSO.cost", "PSO.gamma", 
"PSO.data.balancing", "PSO.feature.selection", "PSO.valid.acc", 
"PSO.test.acc", "PSO.train.time", "PSO.n.support.vectors", "PSO.index", 
"PSO.n.solutions", "PSO.generations", "PSO.n.evaluations", "PSO.cpu.time", 
"RS.cost", "RS.gamma", "RS.data.balancing", "RS.feature.selection", 
"RS.valid.acc", "RS.test.acc", "RS.train.time", "RS.n.support.vectors", 
"RS.index", "RS.n.solutions", "RS.generations", "RS.n.evaluations", 
"RS.cpu.time", "DF.cost", "DF.gamma", "DF.data.balancing", "DF.feature.selection", 
"DF.valid.acc", "DF.test.acc", "DF.train.time", "DF.n.support.vectors", 
"DF.index", "DF.n.solutions", "DF.generations", "DF.n.evaluations", 
"DF.cpu.time", "SMBO.cost", "SMBO.gamma", "SMBO.balanced.test.accuracy"
), row.names = c(NA, -11L), class = "data.frame")
