new.sol <-
structure(list(Sampling = c(50, 55, 60, 65, 70, 75, 80, 85, 90, 
95, 100), PSO.cost = c(4.50015, 6.0153, 11.51058, 10.99618, 13.91384, 
9.8087, 9.23534, 9.73923, 5.90657, 12.29459, 9.50589), PSO.gamma = c(-4.88615, 
-9.16707, -8.31052, -9.24578, -10.63046, -6.43525, -6.68907, 
-6.75555, -4.3601, -9.08192, -6.53739), PSO.data.balancing = c(0, 
0, 0, 0, 0, 0, 0, 0, 0, 0, 0), PSO.feature.selection = c(0, 0, 
0, 0, 0, 0, 0, 0, 0, 0, 0), PSO.valid.acc = c(0.93009, 0.91917, 
0.9264, 0.94307, 0.93271, 0.95084, 0.94754, 0.9536, 0.94743, 
0.93999, 0.92529), PSO.test.acc = c(0.90533, 0.91008, 0.91806, 
0.92808, 0.91827, 0.93093, 0.94127, 0.94494, 0.93354, 0.93189, 
0.91541), PSO.train.time = c(0.0163, 0.0183, 0.0176, 0.0183, 
0.0198, 0.0203, 0.0213, 0.0232, 0.0245, 0.0265, 0.0265), PSO.n.support.vectors = c(83.4, 
119, 56.2, 60.7, 55.3, 69.1, 71.6, 72.2, 100.9, 71.6, 82.6), 
    PSO.index = c(1345, 68, 80, 335, 272, 968, 217, 456, 210, 
    1101, 467), PSO.n.solutions = c(34, 101, 577, 214, 158, 26, 
    280, 614, 247, 56, 69), PSO.generations = c(100, 100, 100, 
    100, 100, 100, 100, 100, 100, 100, 100), PSO.n.evaluations = c(2500, 
    2500, 2500, 2500, 2500, 2500, 2500, 2500, 2500, 2500, 2500
    ), PSO.cpu.time = c(6842.111, 6967.606, 6956.692, 7012.81, 
    7083.669, 7095.42599999999, 7124.04800000001, 7147.49400000001, 
    7247.128, 7272.943, 7407.503), RS.cost = c(4.51526, 3.17377, 
    2.06617, 11.46852, 14.58503, 12.10728, 8.40683, 10.01772, 
    7.1386, 13.74052, 9.023), RS.gamma = c(-4.81163, -6.36529, 
    -3.40042, -9.50628, -11.25873, -8.01611, -6.32009, -6.85536, 
    -4.67439, -10.0352, -8.30635), RS.data.balancing = c(0, 0, 
    0, 0, 0, 0, 0, 0, 0, 0, 0), RS.feature.selection = c(0, 0, 
    0, 0, 0, 0, 0, 0, 0, 0, 0), RS.valid.acc = c(0.92555, 0.91937, 
    0.92658, 0.94307, 0.92927, 0.95062, 0.94754, 0.9536, 0.94743, 
    0.93979, 0.92302), RS.test.acc = c(0.89579, 0.91897, 0.91039, 
    0.92423, 0.91482, 0.9306, 0.94127, 0.93906, 0.93091, 0.92682, 
    0.92053), RS.train.time = c(0.0172, 0.0185, 0.0191, 0.0184, 
    0.0193, 0.0219, 0.021, 0.0228, 0.0246, 0.0282, 0.0253), RS.n.support.vectors = c(82.9, 
    122.3, 115.9, 59.6, 55.2, 61.2, 75.1, 71, 91.6, 67.9, 90), 
    RS.index = c(1608, 1093, 48, 365, 1629, 184, 1288, 2180, 
    34, 87, 265), RS.n.solutions = c(1, 1, 1, 4, 1, 4, 3, 1, 
    2, 5, 4), RS.generations = c(100, 100, 100, 100, 100, 100, 
    100, 100, 100, 100, 100), RS.n.evaluations = c(2500, 2500, 
    2500, 2500, 2500, 2500, 2500, 2500, 2500, 2500, 2500), RS.cpu.time = c(7001.304, 
    7029.259, 7047.068, 7235.034, 7257.83299999999, 7316.09400000001, 
    7323.091, 7475.988, 7536.00999999999, 7691.53999999998, 7861.23299999998
    ), DF.cost = c(1, 1, 1, 1, 1, 1, 1, 1, 1, 1, 1), DF.gamma = c(0.2, 
    0.2, 0.2, 0.2, 0.2, 0.2, 0.2, 0.2, 0.2, 0.2, 0.2), DF.data.balancing = c(0, 
    0, 0, 0, 0, 0, 0, 0, 0, 0, 0), DF.feature.selection = c(0, 
    0, 0, 0, 0, 0, 0, 0, 0, 0, 0), DF.valid.acc = c(0.86095, 
    0.87826, 0.88186, 0.90839, 0.88671, 0.88124, 0.91303, 0.90426, 
    0.90344, 0.89285, 0.89088), DF.test.acc = c(0.87693, 0.87411, 
    0.88082, 0.89656, 0.89398, 0.89125, 0.90727, 0.90668, 0.88677, 
    0.893, 0.88832), DF.train.time = c(0.0194, 0.0215, 0.0221, 
    0.0245, 0.0266, 0.0277, 0.0289, 0.0314, 0.0339, 0.036, 0.0397
    ), DF.n.support.vectors = c(136.2, 146.5, 154.2, 163.4, 173.5, 
    182.1, 188.8, 196.3, 206.2, 217, 223.8), DF.index = c(1, 
    1, 1, 1, 1, 1, 1, 1, 1, 1, 1), DF.n.solutions = c(1, 1, 1, 
    1, 1, 1, 1, 1, 1, 1, 1), DF.generations = c(1, 1, 1, 1, 1, 
    1, 1, 1, 1, 1, 1), DF.n.evaluations = c(1, 1, 1, 1, 1, 1, 
    1, 1, 1, 1, 1), DF.cpu.time = c(2.818, 2.88, 2.819, 2.941, 
    2.951, 2.924, 2.845, 2.907, 3.006, 3.115, 3.193), SMBO.cost = c(4.23424037797318, 
    4.23424037797318, 4.23424037797318, 4.23424037797318, 4.23424037797318, 
    4.23424037797318, 4.23424037797318, 4.23424037797318, 4.23424037797318, 
    4.23424037797318, 4.23424037797318), SMBO.gamma = c(-4.01048764176609, 
    -4.01048764176609, -4.01048764176609, -4.01048764176609, 
    -4.01048764176609, -4.01048764176609, -4.01048764176609, 
    -4.01048764176609, -4.01048764176609, -4.01048764176609, 
    -4.01048764176609), SMBO.balanced.test.accuracy = c(0.881540448442963, 
    0.881540448442963, 0.881540448442963, 0.881540448442963, 
    0.881540448442963, 0.881540448442963, 0.881540448442963, 
    0.881540448442963, 0.881540448442963, 0.881540448442963, 
    0.881540448442963)), .Names = c("Sampling", "PSO.cost", "PSO.gamma", 
"PSO.data.balancing", "PSO.feature.selection", "PSO.valid.acc", 
"PSO.test.acc", "PSO.train.time", "PSO.n.support.vectors", "PSO.index", 
"PSO.n.solutions", "PSO.generations", "PSO.n.evaluations", "PSO.cpu.time", 
"RS.cost", "RS.gamma", "RS.data.balancing", "RS.feature.selection", 
"RS.valid.acc", "RS.test.acc", "RS.train.time", "RS.n.support.vectors", 
"RS.index", "RS.n.solutions", "RS.generations", "RS.n.evaluations", 
"RS.cpu.time", "DF.cost", "DF.gamma", "DF.data.balancing", "DF.feature.selection", 
"DF.valid.acc", "DF.test.acc", "DF.train.time", "DF.n.support.vectors", 
"DF.index", "DF.n.solutions", "DF.generations", "DF.n.evaluations", 
"DF.cpu.time", "SMBO.cost", "SMBO.gamma", "SMBO.balanced.test.accuracy"
), row.names = c(NA, -11L), class = "data.frame")
