new.sol <-
structure(list(Sampling = c(50, 55, 60, 65, 70, 75, 80, 85, 90, 
95, 100), PSO.cost = c(10.30766, 12.9308, 14.50939, 11.58438, 
10.35357, 8.87718, 8.95051, 10.39431, 15, 8.2333, 13.57407), 
    PSO.gamma = c(-5.71842, -9.78567, -9.66224, -9.5621, -10.83198, 
    -9.34268, -7.53225, -8.53641, -12.26936, -7.57391, -10.22307
    ), PSO.data.balancing = c(0, 0, 0, 0, 0, 0, 0, 0, 0, 0, 0
    ), PSO.feature.selection = c(0, 0, 0, 0, 0, 0, 0, 0, 0, 0, 
    0), PSO.valid.acc = c(0.95012, 0.95097, 0.96299, 0.95049, 
    0.95134, 0.94705, 0.94467, 0.93903, 0.93934, 0.9323, 0.9331
    ), PSO.test.acc = c(0.92959, 0.93235, 0.93396, 0.94202, 0.95134, 
    0.94026, 0.92881, 0.93313, 0.92822, 0.92205, 0.92328), PSO.train.time = c(0.0153, 
    0.0156, 0.0177, 0.0182, 0.019, 0.0204, 0.0223, 0.0224, 0.0259, 
    0.0251, 0.0293), PSO.n.support.vectors = c(57.6, 43.3, 43.4, 
    53.7, 78.3, 85.9, 69.4, 67.5, 67.6, 89.9, 70.8), PSO.index = c(1015, 
    1440, 747, 740, 7, 2254, 24, 102, 101, 98, 215), PSO.n.solutions = c(59, 
    38, 147, 194, 105, 1, 681, 248, 729, 233, 269), PSO.generations = c(100, 
    100, 100, 100, 100, 100, 100, 100, 100, 100, 100), PSO.n.evaluations = c(2500, 
    2500, 2500, 2500, 2500, 2500, 2500, 2500, 2500, 2500, 2500
    ), PSO.cpu.time = c(6651.514, 6748.913, 6811.233, 6845.765, 
    6870.418, 6948.81300000001, 7263.95600000001, 7345.72499999999, 
    7446.89999999999, 7677.10199999998, 7722.91399999999), RS.cost = c(10.24279, 
    9.13355, 13.18411, 10.2715, 9.5463, 9.96577, 9.09736, 10.47232, 
    13.63663, 8.44119, 13.34891), RS.gamma = c(-5.69972, -6.52119, 
    -9.5566, -8.10444, -10.05784, -10.40571, -7.41749, -8.41869, 
    -11.37866, -8.5833, -10.10451), RS.data.balancing = c(0, 
    0, 0, 0, 0, 0, 0, 0, 0, 0, 0), RS.feature.selection = c(0, 
    0, 0, 0, 0, 0, 0, 0, 0, 0, 0), RS.valid.acc = c(0.94557, 
    0.95057, 0.95882, 0.94989, 0.95134, 0.94371, 0.94467, 0.93903, 
    0.93934, 0.9323, 0.9331), RS.test.acc = c(0.92959, 0.93609, 
    0.92996, 0.94202, 0.95134, 0.94048, 0.93193, 0.93313, 0.92822, 
    0.91934, 0.92078), RS.train.time = c(0.0162, 0.0168, 0.0177, 
    0.018, 0.019, 0.0202, 0.0218, 0.0226, 0.0264, 0.027, 0.0282
    ), RS.n.support.vectors = c(57.8, 54, 45.1, 56.1, 79.5, 84.6, 
    68.2, 66.8, 70.5, 97.2, 71.2), RS.index = c(1551, 1453, 535, 
    133, 374, 6, 591, 63, 145, 1879, 108), RS.n.solutions = c(1, 
    2, 8, 5, 6, 7, 7, 6, 3, 2, 3), RS.generations = c(100, 100, 
    100, 100, 100, 100, 100, 100, 100, 100, 100), RS.n.evaluations = c(2500, 
    2500, 2500, 2500, 2500, 2500, 2500, 2500, 2500, 2500, 2500
    ), RS.cpu.time = c(6743.797, 6851.284, 6933.132, 7014.225, 
    7062.429, 7168.644, 7580.86799999999, 7661.114, 7989.75999999999, 
    8041.81600000002, 8098.92800000001), DF.cost = c(1, 1, 1, 
    1, 1, 1, 1, 1, 1, 1, 1), DF.gamma = c(0.2, 0.2, 0.2, 0.2, 
    0.2, 0.2, 0.2, 0.2, 0.2, 0.2, 0.2), DF.data.balancing = c(0, 
    0, 0, 0, 0, 0, 0, 0, 0, 0, 0), DF.feature.selection = c(0, 
    0, 0, 0, 0, 0, 0, 0, 0, 0, 0), DF.valid.acc = c(0.83829, 
    0.86971, 0.87137, 0.86138, 0.86625, 0.88387, 0.88594, 0.89174, 
    0.88948, 0.89004, 0.88407), DF.test.acc = c(0.82276, 0.85088, 
    0.86755, 0.86507, 0.8728, 0.88376, 0.87969, 0.90067, 0.88715, 
    0.88241, 0.8839), DF.train.time = c(0.0184, 0.0214, 0.0227, 
    0.0235, 0.0252, 0.0296, 0.0314, 0.0335, 0.038, 0.0401, 0.0433
    ), DF.n.support.vectors = c(129.2, 140.9, 151.7, 160.8, 169.8, 
    182.1, 190.8, 200.9, 208.9, 217.5, 225.1), DF.index = c(1, 
    1, 1, 1, 1, 1, 1, 1, 1, 1, 1), DF.n.solutions = c(1, 1, 1, 
    1, 1, 1, 1, 1, 1, 1, 1), DF.generations = c(1, 1, 1, 1, 1, 
    1, 1, 1, 1, 1, 1), DF.n.evaluations = c(1, 1, 1, 1, 1, 1, 
    1, 1, 1, 1, 1), DF.cpu.time = c(2.637, 2.895, 2.828, 2.798, 
    2.833, 2.942, 2.998, 3.075, 3.174, 3.179, 3.331), SMBO.cost = c(14.3172937916978, 
    14.3172937916978, 14.3172937916978, 14.3172937916978, 14.3172937916978, 
    14.3172937916978, 14.3172937916978, 14.3172937916978, 14.3172937916978, 
    14.3172937916978, 14.3172937916978), SMBO.gamma = c(-10.2124967755032, 
    -10.2124967755032, -10.2124967755032, -10.2124967755032, 
    -10.2124967755032, -10.2124967755032, -10.2124967755032, 
    -10.2124967755032, -10.2124967755032, -10.2124967755032, 
    -10.2124967755032), SMBO.balanced.test.accuracy = c(0.860531483194022, 
    0.860531483194022, 0.860531483194022, 0.860531483194022, 
    0.860531483194022, 0.860531483194022, 0.860531483194022, 
    0.860531483194022, 0.860531483194022, 0.860531483194022, 
    0.860531483194022)), .Names = c("Sampling", "PSO.cost", "PSO.gamma", 
"PSO.data.balancing", "PSO.feature.selection", "PSO.valid.acc", 
"PSO.test.acc", "PSO.train.time", "PSO.n.support.vectors", "PSO.index", 
"PSO.n.solutions", "PSO.generations", "PSO.n.evaluations", "PSO.cpu.time", 
"RS.cost", "RS.gamma", "RS.data.balancing", "RS.feature.selection", 
"RS.valid.acc", "RS.test.acc", "RS.train.time", "RS.n.support.vectors", 
"RS.index", "RS.n.solutions", "RS.generations", "RS.n.evaluations", 
"RS.cpu.time", "DF.cost", "DF.gamma", "DF.data.balancing", "DF.feature.selection", 
"DF.valid.acc", "DF.test.acc", "DF.train.time", "DF.n.support.vectors", 
"DF.index", "DF.n.solutions", "DF.generations", "DF.n.evaluations", 
"DF.cpu.time", "SMBO.cost", "SMBO.gamma", "SMBO.balanced.test.accuracy"
), row.names = c(NA, -11L), class = "data.frame")
