new.sol <-
structure(list(Sampling = c(50, 55, 60, 65, 70, 75, 80, 85, 90, 
95, 100), PSO.cost = c(13.54982, 12.39085, 2.31544, 12.45097, 
9.27197, 9.03255, 15, 8.49312, 5.24491, 15, 14.23201), PSO.gamma = c(-9.83154, 
-14.98424, -4.2527, -12.66548, -9.60276, -7.73667, -13.29635, 
-8.01537, -7.16582, -10.91762, -15), PSO.data.balancing = c(0, 
0, 0, 0, 0, 0, 0, 0, 0, 0, 0), PSO.feature.selection = c(0, 0, 
0, 0, 0, 0, 0, 0, 0, 0, 0), PSO.valid.acc = c(0.93246, 0.93232, 
0.93845, 0.93219, 0.93607, 0.93062, 0.92818, 0.93021, 0.9282, 
0.93708, 0.93038), PSO.test.acc = c(0.92726, 0.91928, 0.92227, 
0.90468, 0.91489, 0.91727, 0.90071, 0.91254, 0.91446, 0.90583, 
0.91818), PSO.train.time = c(0.0162, 0.0175, 0.0197, 0.0182, 
0.0198, 0.0197, 0.0217, 0.0216, 0.026, 0.0306, 0.0272), PSO.n.support.vectors = c(46.2, 
102.3, 110.1, 72.3, 77.9, 68.4, 66, 82.6, 129.4, 67.3, 108.1), 
    PSO.index = c(61, 127, 155, 92, 210, 79, 155, 684, 293, 167, 
    553), PSO.n.solutions = c(468, 270, 173, 110, 138, 589, 668, 
    123, 62, 272, 55), PSO.generations = c(100, 100, 100, 100, 
    100, 100, 100, 100, 100, 100, 100), PSO.n.evaluations = c(2500, 
    2500, 2500, 2500, 2500, 2500, 2500, 2500, 2500, 2500, 2500
    ), PSO.cpu.time = c(6580.063, 7075.081, 7262.106, 7133.394, 
    7457.197, 7342.91100000001, 7218.375, 7280.13400000001, 7203.572, 
    7264.86799999999, 7268.758), RS.cost = c(8.75548, 11.99631, 
    2.54184, 4.55271, 8.67756, 7.99436, 13.89487, 8.60977, 12.29851, 
    14.80879, 11.30458), RS.gamma = c(-8.61023, -14.47981, -4.45993, 
    -7.39767, -9.14004, -7.12444, -12.11751, -8.0531, -14.35058, 
    -10.86097, -9.03223), RS.data.balancing = c(0, 0, 0, 0, 0, 
    0, 0, 0, 0, 0, 0), RS.feature.selection = c(0, 0, 0, 0, 0, 
    0, 0, 0, 0, 0, 0), RS.valid.acc = c(0.93246, 0.93232, 0.93845, 
    0.93546, 0.93607, 0.92729, 0.92818, 0.93021, 0.9282, 0.93708, 
    0.93033), RS.test.acc = c(0.9222, 0.91928, 0.92227, 0.93175, 
    0.91144, 0.91716, 0.90071, 0.91532, 0.91446, 0.90583, 0.92288
    ), RS.train.time = c(0.016, 0.0184, 0.0192, 0.0207, 0.0206, 
    0.0199, 0.0213, 0.0221, 0.0252, 0.0292, 0.0272), RS.n.support.vectors = c(59.6, 
    99.9, 108.6, 123.5, 80.8, 73.1, 65.2, 81.4, 128.8, 67.9, 
    76.8), RS.index = c(29, 326, 2076, 282, 552, 913, 1182, 1942, 
    30, 1208, 411), RS.n.solutions = c(26, 7, 2, 2, 1, 2, 2, 
    2, 4, 1, 3), RS.generations = c(100, 100, 100, 100, 100, 
    100, 100, 100, 100, 100, 100), RS.n.evaluations = c(2500, 
    2500, 2500, 2500, 2500, 2500, 2500, 2500, 2500, 2500, 2500
    ), RS.cpu.time = c(6775.399, 7181.107, 7296.907, 7511.598, 
    7612.71399999999, 7521.68800000001, 7431.694, 7379.27499999999, 
    7485.836, 7582.5, 7617.39199999999), DF.cost = c(1, 1, 1, 
    1, 1, 1, 1, 1, 1, 1, 1), DF.gamma = c(0.2, 0.2, 0.2, 0.2, 
    0.2, 0.2, 0.2, 0.2, 0.2, 0.2, 0.2), DF.data.balancing = c(0, 
    0, 0, 0, 0, 0, 0, 0, 0, 0, 0), DF.feature.selection = c(0, 
    0, 0, 0, 0, 0, 0, 0, 0, 0, 0), DF.valid.acc = c(0.88309, 
    0.90992, 0.90175, 0.89312, 0.90084, 0.88726, 0.88831, 0.88363, 
    0.88421, 0.88193, 0.88597), DF.test.acc = c(0.86419, 0.89227, 
    0.87692, 0.88601, 0.88348, 0.88081, 0.87874, 0.89212, 0.87857, 
    0.87943, 0.87829), DF.train.time = c(0.0193, 0.0204, 0.0221, 
    0.0267, 0.0256, 0.0284, 0.0299, 0.032, 0.0367, 0.0377, 0.038
    ), DF.n.support.vectors = c(129.8, 141.1, 150.3, 162.7, 172.2, 
    183.6, 192.9, 200.7, 210.5, 217.1, 223.9), DF.index = c(1, 
    1, 1, 1, 1, 1, 1, 1, 1, 1, 1), DF.n.solutions = c(1, 1, 1, 
    1, 1, 1, 1, 1, 1, 1, 1), DF.generations = c(1, 1, 1, 1, 1, 
    1, 1, 1, 1, 1, 1), DF.n.evaluations = c(1, 1, 1, 1, 1, 1, 
    1, 1, 1, 1, 1), DF.cpu.time = c(2.776, 2.839, 2.835, 3.035, 
    2.964, 3.019, 2.994, 2.891, 3.051, 3.02, 2.948), SMBO.cost = c(11.9397521794981, 
    11.9397521794981, 11.9397521794981, 11.9397521794981, 11.9397521794981, 
    11.9397521794981, 11.9397521794981, 11.9397521794981, 11.9397521794981, 
    11.9397521794981, 11.9397521794981), SMBO.gamma = c(-7.82528718155396, 
    -7.82528718155396, -7.82528718155396, -7.82528718155396, 
    -7.82528718155396, -7.82528718155396, -7.82528718155396, 
    -7.82528718155396, -7.82528718155396, -7.82528718155396, 
    -7.82528718155396), SMBO.balanced.test.accuracy = c(0.86445388228283, 
    0.86445388228283, 0.86445388228283, 0.86445388228283, 0.86445388228283, 
    0.86445388228283, 0.86445388228283, 0.86445388228283, 0.86445388228283, 
    0.86445388228283, 0.86445388228283)), .Names = c("Sampling", 
"PSO.cost", "PSO.gamma", "PSO.data.balancing", "PSO.feature.selection", 
"PSO.valid.acc", "PSO.test.acc", "PSO.train.time", "PSO.n.support.vectors", 
"PSO.index", "PSO.n.solutions", "PSO.generations", "PSO.n.evaluations", 
"PSO.cpu.time", "RS.cost", "RS.gamma", "RS.data.balancing", "RS.feature.selection", 
"RS.valid.acc", "RS.test.acc", "RS.train.time", "RS.n.support.vectors", 
"RS.index", "RS.n.solutions", "RS.generations", "RS.n.evaluations", 
"RS.cpu.time", "DF.cost", "DF.gamma", "DF.data.balancing", "DF.feature.selection", 
"DF.valid.acc", "DF.test.acc", "DF.train.time", "DF.n.support.vectors", 
"DF.index", "DF.n.solutions", "DF.generations", "DF.n.evaluations", 
"DF.cpu.time", "SMBO.cost", "SMBO.gamma", "SMBO.balanced.test.accuracy"
), row.names = c(NA, -11L), class = "data.frame")
