new.sol <-
structure(list(Sampling = c(50, 55, 60, 65, 70, 75, 80, 85, 90, 
95, 100), PSO.cost = c(12.20791, 15, 13.86212, 12.39978, 14.9689, 
7.64247, 4.94832, 14.11116, 14.52408, 8.61907, 5.27444), PSO.gamma = c(-8.05167, 
-13.54465, -11.29782, -9.27259, -10.22739, -6.37619, -6.02676, 
-11.52881, -14.35801, -7.08172, -3.98629), PSO.data.balancing = c(0, 
0, 0, 0, 0, 0, 0, 0, 0, 0, 0), PSO.feature.selection = c(0, 0, 
0, 0, 0, 0, 0, 0, 0, 0, 0), PSO.valid.acc = c(0.93961, 0.94144, 
0.94664, 0.9436, 0.94001, 0.93695, 0.93522, 0.92981, 0.92852, 
0.92685, 0.92086), PSO.test.acc = c(0.9205, 0.9369, 0.94296, 
0.93232, 0.92929, 0.92061, 0.91646, 0.9299, 0.91741, 0.92678, 
0.91329), PSO.train.time = c(0.0169, 0.0164, 0.0176, 0.0201, 
0.0248, 0.0206, 0.0234, 0.0232, 0.0227, 0.0278, 0.0306), PSO.n.support.vectors = c(48.2, 
52.6, 47.7, 51.5, 51.9, 75, 106.2, 64.2, 86.8, 82.6, 117.4), 
    PSO.index = c(296, 66, 424, 486, 410, 557, 1001, 787, 210, 
    940, 674), PSO.n.solutions = c(216, 501, 275, 109, 638, 188, 
    22, 181, 585, 66, 337), PSO.generations = c(100, 100, 100, 
    100, 100, 100, 100, 100, 100, 100, 100), PSO.n.evaluations = c(2500, 
    2500, 2500, 2500, 2500, 2500, 2500, 2500, 2500, 2500, 2500
    ), PSO.cpu.time = c(6716.752, 6716.559, 6669.337, 6823.54300000001, 
    6919.718, 7036.711, 7300.47200000001, 7317.933, 7252.935, 
    9512.84599999999, 9612.08599999998), RS.cost = c(4.9293, 
    14.08218, 13.59765, 12.17929, 8.5081, 7.88338, 7.18771, 13.89911, 
    8.06924, 8.8312, 5.17022), RS.gamma = c(-6.63567, -12.14696, 
    -11.19553, -9.09426, -8.41217, -6.61677, -5.18816, -11.51637, 
    -8.5503, -7.18894, -3.98996), RS.data.balancing = c(0, 0, 
    0, 0, 0, 0, 0, 0, 0, 0, 0), RS.feature.selection = c(0, 0, 
    0, 0, 0, 0, 0, 0, 0, 0, 0), RS.valid.acc = c(0.93531, 0.94144, 
    0.94664, 0.93975, 0.93975, 0.93695, 0.93237, 0.92981, 0.92852, 
    0.92429, 0.92086), RS.test.acc = c(0.91526, 0.93255, 0.94296, 
    0.93232, 0.91487, 0.92706, 0.92603, 0.9299, 0.92011, 0.92415, 
    0.91091), RS.train.time = c(0.0165, 0.0168, 0.0177, 0.0199, 
    0.0193, 0.021, 0.0224, 0.022, 0.0234, 0.0274, 0.0306), RS.n.support.vectors = c(87.9, 
    51.2, 48.7, 52.3, 76.4, 73.6, 83.9, 64.6, 96.5, 81.5, 118.2
    ), RS.index = c(202, 12, 2058, 426, 871, 94, 1679, 1680, 
    19, 223, 1993), RS.n.solutions = c(6, 5, 1, 3, 1, 4, 1, 1, 
    9, 4, 1), RS.generations = c(100, 100, 100, 100, 100, 100, 
    100, 100, 100, 100, 100), RS.n.evaluations = c(2500, 2500, 
    2500, 2500, 2500, 2500, 2500, 2500, 2500, 2500, 2500), RS.cpu.time = c(6784.729, 
    6810.42, 6867.418, 6919.151, 7039.29300000001, 7287.728, 
    7506.14700000001, 7549.72199999999, 7917.356, 9885.239, 10112.795
    ), DF.cost = c(1, 1, 1, 1, 1, 1, 1, 1, 1, 1, 1), DF.gamma = c(0.2, 
    0.2, 0.2, 0.2, 0.2, 0.2, 0.2, 0.2, 0.2, 0.2, 0.2), DF.data.balancing = c(0, 
    0, 0, 0, 0, 0, 0, 0, 0, 0, 0), DF.feature.selection = c(0, 
    0, 0, 0, 0, 0, 0, 0, 0, 0, 0), DF.valid.acc = c(0.85545, 
    0.8649, 0.87225, 0.86704, 0.88286, 0.87759, 0.86985, 0.88005, 
    0.87303, 0.86921, 0.87613), DF.test.acc = c(0.84661, 0.8601, 
    0.86392, 0.86447, 0.87215, 0.86803, 0.89477, 0.88308, 0.89525, 
    0.87698, 0.87131), DF.train.time = c(0.0198, 0.0208, 0.0233, 
    0.0245, 0.0264, 0.0294, 0.0301, 0.0336, 0.038, 0.0399, 0.0456
    ), DF.n.support.vectors = c(132.4, 141.4, 149.8, 160.6, 170, 
    178.3, 188.1, 196.4, 202.1, 213.6, 223), DF.index = c(1, 
    1, 1, 1, 1, 1, 1, 1, 1, 1, 1), DF.n.solutions = c(1, 1, 1, 
    1, 1, 1, 1, 1, 1, 1, 1), DF.generations = c(1, 1, 1, 1, 1, 
    1, 1, 1, 1, 1, 1), DF.n.evaluations = c(1, 1, 1, 1, 1, 1, 
    1, 1, 1, 1, 1), DF.cpu.time = c(2.696, 2.728, 2.719, 2.844, 
    2.862, 2.955, 2.958, 2.935, 3.916, 3.926, 4.051), SMBO.cost = c(9.43983992589983, 
    9.43983992589983, 9.43983992589983, 9.43983992589983, 9.43983992589983, 
    9.43983992589983, 9.43983992589983, 9.43983992589983, 9.43983992589983, 
    9.43983992589983, 9.43983992589983), SMBO.gamma = c(-8.29739980412061, 
    -8.29739980412061, -8.29739980412061, -8.29739980412061, 
    -8.29739980412061, -8.29739980412061, -8.29739980412061, 
    -8.29739980412061, -8.29739980412061, -8.29739980412061, 
    -8.29739980412061), SMBO.balanced.test.accuracy = c(0.846379092110799, 
    0.846379092110799, 0.846379092110799, 0.846379092110799, 
    0.846379092110799, 0.846379092110799, 0.846379092110799, 
    0.846379092110799, 0.846379092110799, 0.846379092110799, 
    0.846379092110799)), .Names = c("Sampling", "PSO.cost", "PSO.gamma", 
"PSO.data.balancing", "PSO.feature.selection", "PSO.valid.acc", 
"PSO.test.acc", "PSO.train.time", "PSO.n.support.vectors", "PSO.index", 
"PSO.n.solutions", "PSO.generations", "PSO.n.evaluations", "PSO.cpu.time", 
"RS.cost", "RS.gamma", "RS.data.balancing", "RS.feature.selection", 
"RS.valid.acc", "RS.test.acc", "RS.train.time", "RS.n.support.vectors", 
"RS.index", "RS.n.solutions", "RS.generations", "RS.n.evaluations", 
"RS.cpu.time", "DF.cost", "DF.gamma", "DF.data.balancing", "DF.feature.selection", 
"DF.valid.acc", "DF.test.acc", "DF.train.time", "DF.n.support.vectors", 
"DF.index", "DF.n.solutions", "DF.generations", "DF.n.evaluations", 
"DF.cpu.time", "SMBO.cost", "SMBO.gamma", "SMBO.balanced.test.accuracy"
), row.names = c(NA, -11L), class = "data.frame")
