new.sol <-
structure(list(Sampling = c(50, 55, 60, 65, 70, 75, 80, 85, 90, 
95, 100), PSO.cost = c(4.22717, 7.56404, 15, 7.43471, 15, 14.61705, 
13.3467, 8.97321, 9.81227, 15, 8.95459), PSO.gamma = c(-3.73492, 
-7.25399, -12.21629, -6.88688, -12.61415, -12.63773, -10.74599, 
-7.83821, -9.89349, -11.75997, -8.3423), PSO.data.balancing = c(0, 
0, 0, 0, 0, 0, 0, 0, 0, 0, 0), PSO.feature.selection = c(0, 0, 
0, 0, 0, 0, 0, 0, 0, 0, 0), PSO.valid.acc = c(0.92011, 0.93288, 
0.93808, 0.9353, 0.91799, 0.92055, 0.93521, 0.92712, 0.93096, 
0.91599, 0.93329), PSO.test.acc = c(0.89133, 0.92399, 0.93406, 
0.92358, 0.90739, 0.90397, 0.91938, 0.91232, 0.92207, 0.91057, 
0.92829), PSO.train.time = c(0.0169, 0.0175, 0.0188, 0.0181, 
0.0194, 0.0213, 0.0214, 0.0216, 0.0247, 0.0273, 0.0175), PSO.n.support.vectors = c(86, 
71.4, 51.4, 73.9, 60, 63.4, 64.6, 81.2, 93.8, 67.3, 93), PSO.index = c(1219, 
328, 68, 1807, 32, 83, 533, 399, 732, 143, 150), PSO.n.solutions = c(158, 
77, 1184, 8, 529, 266, 313, 276, 118, 800, 355), PSO.generations = c(100, 
100, 100, 100, 100, 100, 100, 100, 100, 100, 100), PSO.n.evaluations = c(2500, 
2500, 2500, 2500, 2500, 2500, 2500, 2500, 2500, 2500, 2500), 
    PSO.cpu.time = c(7434.149, 7620.648, 7202.86400000001, 7409, 
    7547.99100000001, 7595.35800000001, 7159.88500000001, 7042.19799999999, 
    7927.523, 8068.255, 7889.00399999999), RS.cost = c(5.09215, 
    14.55988, 14.68044, 7.44768, 13.65046, 13.93543, 13.76417, 
    7.045, 3.85372, 14.65277, 5.6207), RS.gamma = c(-3.95401, 
    -12.40323, -11.95684, -6.94045, -11.05389, -11.88195, -11.1154, 
    -7.08951, -3.51153, -11.41239, -6.35204), RS.data.balancing = c(0, 
    0, 0, 0, 0, 0, 0, 0, 0, 0, 0), RS.feature.selection = c(0, 
    0, 0, 0, 0, 0, 0, 0, 0, 0, 0), RS.valid.acc = c(0.91561, 
    0.92934, 0.93808, 0.93901, 0.91799, 0.92055, 0.93521, 0.92712, 
    0.9312, 0.91599, 0.93097), RS.test.acc = c(0.90109, 0.92379, 
    0.93424, 0.91987, 0.90739, 0.90397, 0.92251, 0.92106, 0.9088, 
    0.90801, 0.92835), RS.train.time = c(0.0116, 0.0182, 0.0186, 
    0.0174, 0.0211, 0.0205, 0.0218, 0.0226, 0.0185, 0.0273, 0.0274
    ), RS.n.support.vectors = c(82.6, 53.5, 51.9, 74.6, 60.1, 
    63.8, 63.3, 93.6, 126.9, 67.8, 116.6), RS.index = c(711, 
    67, 542, 1602, 750, 741, 1220, 2217, 1023, 1108, 76), RS.n.solutions = c(1, 
    11, 3, 1, 8, 1, 1, 1, 1, 3, 3), RS.generations = c(100, 100, 
    100, 100, 100, 100, 100, 100, 100, 100, 100), RS.n.evaluations = c(2500, 
    2500, 2500, 2500, 2500, 2500, 2500, 2500, 2500, 2500, 2500
    ), RS.cpu.time = c(7373.901, 7401.633, 7272.781, 7500.335, 
    7912.42200000001, 7593.034, 7423.60500000001, 7570.31200000001, 
    8137.21800000001, 8536.45600000001, 8592.65099999998), DF.cost = c(1, 
    1, 1, 1, 1, 1, 1, 1, 1, 1, 1), DF.gamma = c(0.2, 0.2, 0.2, 
    0.2, 0.2, 0.2, 0.2, 0.2, 0.2, 0.2, 0.2), DF.data.balancing = c(0, 
    0, 0, 0, 0, 0, 0, 0, 0, 0, 0), DF.feature.selection = c(0, 
    0, 0, 0, 0, 0, 0, 0, 0, 0, 0), DF.valid.acc = c(0.82173, 
    0.81121, 0.83971, 0.84736, 0.84338, 0.86195, 0.87296, 0.86299, 
    0.87319, 0.87169, 0.89119), DF.test.acc = c(0.82697, 0.82981, 
    0.84353, 0.85045, 0.84005, 0.85206, 0.87296, 0.8603, 0.87805, 
    0.86926, 0.90108), DF.train.time = c(0.0194, 0.0207, 0.023, 
    0.0243, 0.0254, 0.0278, 0.0295, 0.0336, 0.0357, 0.0382, 0.0413
    ), DF.n.support.vectors = c(132.4, 144.8, 152.9, 161.2, 175.2, 
    181.5, 185.7, 196, 209.5, 215.7, 222.8), DF.index = c(1, 
    1, 1, 1, 1, 1, 1, 1, 1, 1, 1), DF.n.solutions = c(1, 1, 1, 
    1, 1, 1, 1, 1, 1, 1, 1), DF.generations = c(1, 1, 1, 1, 1, 
    1, 1, 1, 1, 1, 1), DF.n.evaluations = c(1, 1, 1, 1, 1, 1, 
    1, 1, 1, 1, 1), DF.cpu.time = c(3.083, 2.944, 3.019, 2.991, 
    2.984, 2.989, 2.975, 3.32, 3.374, 3.421, 3.371), SMBO.cost = c(5.19389281171316, 
    5.19389281171316, 5.19389281171316, 5.19389281171316, 5.19389281171316, 
    5.19389281171316, 5.19389281171316, 5.19389281171316, 5.19389281171316, 
    5.19389281171316, 5.19389281171316), SMBO.gamma = c(-5.60048503784754, 
    -5.60048503784754, -5.60048503784754, -5.60048503784754, 
    -5.60048503784754, -5.60048503784754, -5.60048503784754, 
    -5.60048503784754, -5.60048503784754, -5.60048503784754, 
    -5.60048503784754), SMBO.balanced.test.accuracy = c(0.900780288655051, 
    0.900780288655051, 0.900780288655051, 0.900780288655051, 
    0.900780288655051, 0.900780288655051, 0.900780288655051, 
    0.900780288655051, 0.900780288655051, 0.900780288655051, 
    0.900780288655051)), .Names = c("Sampling", "PSO.cost", "PSO.gamma", 
"PSO.data.balancing", "PSO.feature.selection", "PSO.valid.acc", 
"PSO.test.acc", "PSO.train.time", "PSO.n.support.vectors", "PSO.index", 
"PSO.n.solutions", "PSO.generations", "PSO.n.evaluations", "PSO.cpu.time", 
"RS.cost", "RS.gamma", "RS.data.balancing", "RS.feature.selection", 
"RS.valid.acc", "RS.test.acc", "RS.train.time", "RS.n.support.vectors", 
"RS.index", "RS.n.solutions", "RS.generations", "RS.n.evaluations", 
"RS.cpu.time", "DF.cost", "DF.gamma", "DF.data.balancing", "DF.feature.selection", 
"DF.valid.acc", "DF.test.acc", "DF.train.time", "DF.n.support.vectors", 
"DF.index", "DF.n.solutions", "DF.generations", "DF.n.evaluations", 
"DF.cpu.time", "SMBO.cost", "SMBO.gamma", "SMBO.balanced.test.accuracy"
), row.names = c(NA, -11L), class = "data.frame")
