new.sol <-
structure(list(Sampling = c(50, 55, 60, 65, 70, 75, 80, 85, 90, 
95, 100), PSO.cost = c(11.42849, 14.24656, 5.54845, 7.92942, 
3.83454, 12.70313, 7.40469, 13.05973, 6.98467, 11.74115, 11.38628
), PSO.gamma = c(-11.20997, -12.11931, -5.15764, -8.76025, -4.50994, 
-11.13877, -6.78005, -9.59776, -7.24075, -8.16709, -9.2528), 
    PSO.data.balancing = c(0, 0, 0, 0, 0, 0, 0, 0, 0, 0, 0), 
    PSO.feature.selection = c(0, 0, 0, 0, 0, 0, 0, 0, 0, 0, 0
    ), PSO.valid.acc = c(0.94569, 0.92388, 0.93525, 0.91647, 
    0.90771, 0.91809, 0.93226, 0.91864, 0.931, 0.92164, 0.926
    ), PSO.test.acc = c(0.94093, 0.90589, 0.91857, 0.90832, 0.89343, 
    0.91074, 0.90716, 0.91266, 0.91441, 0.92163, 0.91326), PSO.train.time = c(0.0149, 
    0.017, 0.0174, 0.0183, 0.0202, 0.0201, 0.0208, 0.016, 0.0227, 
    0.0274, 0.0254), PSO.n.support.vectors = c(56.8, 52, 77.5, 
    81.9, 104.6, 66.4, 83, 64.9, 95.9, 73.5, 78.9), PSO.index = c(545, 
    44, 534, 129, 614, 237, 59, 1362, 303, 857, 644), PSO.n.solutions = c(55, 
    618, 200, 108, 396, 42, 356, 4, 743, 106, 218), PSO.generations = c(100, 
    100, 100, 100, 100, 100, 100, 100, 100, 100, 100), PSO.n.evaluations = c(2500, 
    2500, 2500, 2500, 2500, 2500, 2500, 2500, 2500, 2500, 2500
    ), PSO.cpu.time = c(7361.652, 7194.934, 7034.18, 6326.567, 
    7583.95, 7767.67999999999, 7783.281, 6688.65299999999, 7719.28599999999, 
    7873.049, 7875.78100000002), RS.cost = c(13.53482, 14.38444, 
    5.91186, 7.51719, 3.64222, 9.58479, 6.18141, 12.87013, 6.96494, 
    3.89262, 11.95995), RS.gamma = c(-13.3029, -12.32045, -5.408, 
    -8.42474, -4.28743, -9.07652, -6.05245, -9.51393, -7.26323, 
    -4.69524, -9.68571), RS.data.balancing = c(0, 0, 0, 0, 0, 
    0, 0, 0, 0, 0, 0), RS.feature.selection = c(0, 0, 0, 0, 0, 
    0, 0, 0, 0, 0, 0), RS.valid.acc = c(0.94569, 0.92388, 0.93125, 
    0.91647, 0.90771, 0.91474, 0.92913, 0.91864, 0.931, 0.92137, 
    0.926), RS.test.acc = c(0.94093, 0.90589, 0.91857, 0.90832, 
    0.88998, 0.90738, 0.91341, 0.91552, 0.91441, 0.90799, 0.91814
    ), RS.train.time = c(0.0146, 0.0168, 0.0174, 0.0121, 0.0207, 
    0.0203, 0.0224, 0.0247, 0.0235, 0.0268, 0.0265), RS.n.support.vectors = c(56.4, 
    52.5, 75.4, 83.3, 105.9, 76.6, 90.1, 65.3, 97, 125.4, 78), 
    RS.index = c(425, 10, 271, 514, 920, 932, 383, 451, 878, 
    179, 1485), RS.n.solutions = c(4, 23, 2, 2, 1, 2, 4, 1, 1, 
    1, 1), RS.generations = c(100, 100, 100, 100, 100, 100, 100, 
    100, 100, 100, 100), RS.n.evaluations = c(2500, 2500, 2500, 
    2500, 2500, 2500, 2500, 2500, 2500, 2500, 2500), RS.cpu.time = c(7511.575, 
    7421.374, 7607.589, 6853.956, 7818.022, 7888.74299999999, 
    7988.83100000001, 7695.83500000001, 8109.59100000001, 8170.96799999999, 
    8285.89000000001), DF.cost = c(1, 1, 1, 1, 1, 1, 1, 1, 1, 
    1, 1), DF.gamma = c(0.2, 0.2, 0.2, 0.2, 0.2, 0.2, 0.2, 0.2, 
    0.2, 0.2, 0.2), DF.data.balancing = c(0, 0, 0, 0, 0, 0, 0, 
    0, 0, 0, 0), DF.feature.selection = c(0, 0, 0, 0, 0, 0, 0, 
    0, 0, 0, 0), DF.valid.acc = c(0.84297, 0.84222, 0.84853, 
    0.85116, 0.85412, 0.86408, 0.8665, 0.87163, 0.87304, 0.8872, 
    0.88605), DF.test.acc = c(0.86275, 0.84263, 0.84435, 0.84775, 
    0.8545, 0.85966, 0.87606, 0.86877, 0.86192, 0.86634, 0.89092
    ), DF.train.time = c(0.0188, 0.0208, 0.0218, 0.0247, 0.0263, 
    0.0278, 0.0299, 0.0316, 0.0336, 0.0359, 0.0259), DF.n.support.vectors = c(129.4, 
    139.1, 149.2, 157.7, 172, 179.6, 190.5, 200.2, 209.6, 213.7, 
    225.9), DF.index = c(1, 1, 1, 1, 1, 1, 1, 1, 1, 1, 1), DF.n.solutions = c(1, 
    1, 1, 1, 1, 1, 1, 1, 1, 1, 1), DF.generations = c(1, 1, 1, 
    1, 1, 1, 1, 1, 1, 1, 1), DF.n.evaluations = c(1, 1, 1, 1, 
    1, 1, 1, 1, 1, 1, 1), DF.cpu.time = c(3.044, 3.076, 3.029, 
    3.052, 3.233, 3.099, 3.202, 3.064, 3.197, 3.262, 2.57), SMBO.cost = c(14.9159763827929, 
    14.9159763827929, 14.9159763827929, 14.9159763827929, 14.9159763827929, 
    14.9159763827929, 14.9159763827929, 14.9159763827929, 14.9159763827929, 
    14.9159763827929, 14.9159763827929), SMBO.gamma = c(-10.5588381536209, 
    -10.5588381536209, -10.5588381536209, -10.5588381536209, 
    -10.5588381536209, -10.5588381536209, -10.5588381536209, 
    -10.5588381536209, -10.5588381536209, -10.5588381536209, 
    -10.5588381536209), SMBO.balanced.test.accuracy = c(0.867019919078743, 
    0.867019919078743, 0.867019919078743, 0.867019919078743, 
    0.867019919078743, 0.867019919078743, 0.867019919078743, 
    0.867019919078743, 0.867019919078743, 0.867019919078743, 
    0.867019919078743)), .Names = c("Sampling", "PSO.cost", "PSO.gamma", 
"PSO.data.balancing", "PSO.feature.selection", "PSO.valid.acc", 
"PSO.test.acc", "PSO.train.time", "PSO.n.support.vectors", "PSO.index", 
"PSO.n.solutions", "PSO.generations", "PSO.n.evaluations", "PSO.cpu.time", 
"RS.cost", "RS.gamma", "RS.data.balancing", "RS.feature.selection", 
"RS.valid.acc", "RS.test.acc", "RS.train.time", "RS.n.support.vectors", 
"RS.index", "RS.n.solutions", "RS.generations", "RS.n.evaluations", 
"RS.cpu.time", "DF.cost", "DF.gamma", "DF.data.balancing", "DF.feature.selection", 
"DF.valid.acc", "DF.test.acc", "DF.train.time", "DF.n.support.vectors", 
"DF.index", "DF.n.solutions", "DF.generations", "DF.n.evaluations", 
"DF.cpu.time", "SMBO.cost", "SMBO.gamma", "SMBO.balanced.test.accuracy"
), row.names = c(NA, -11L), class = "data.frame")
