new.sol <-
structure(list(Sampling = c(50, 55, 60, 65, 70, 75, 80, 85, 90, 
95, 100), PSO.cost = c(3.72336, 14.26945, 10.48378, 10.29728, 
8.52732, 7.58116, 6.90298, 15, 6.82715, 15, 4.60135), PSO.gamma = c(-5.83541, 
-9.84245, -7.03765, -8.73259, -8.28005, -6.26582, -8.34454, -11.70668, 
-5.47822, -10.50396, -5.04726), PSO.data.balancing = c(0, 0, 
0, 0, 0, 0, 0, 0, 0, 0, 0), PSO.feature.selection = c(0, 0, 0, 
0, 0, 0, 0, 0, 0, 0, 0), PSO.valid.acc = c(0.93153, 0.92316, 
0.91759, 0.91676, 0.9471, 0.924, 0.93804, 0.93855, 0.92557, 0.92135, 
0.93046), PSO.test.acc = c(0.912, 0.91426, 0.90473, 0.91661, 
0.93268, 0.92034, 0.93179, 0.91544, 0.91971, 0.93161, 0.91563
), PSO.train.time = c(0.0162, 0.0175, 0.019, 0.019, 0.0199, 0.0199, 
0.0224, 0.026, 0.0256, 0.0308, 0.0284), PSO.n.support.vectors = c(95.4, 
41.5, 60.8, 59.8, 69.9, 73.8, 101.7, 59.9, 89.1, 65.1, 120.2), 
    PSO.index = c(115, 155, 246, 706, 692, 190, 1013, 238, 1594, 
    161, 985), PSO.n.solutions = c(55, 901, 174, 119, 104, 283, 
    36, 1031, 25, 955, 74), PSO.generations = c(100, 100, 100, 
    100, 100, 100, 100, 100, 100, 100, 100), PSO.n.evaluations = c(2500, 
    2500, 2500, 2500, 2500, 2500, 2500, 2500, 2500, 2500, 2500
    ), PSO.cpu.time = c(7203.686, 7213.014, 7290.43, 7316.039, 
    7450.165, 7434.53899999999, 7514.39300000001, 7758.262, 7951.11199999999, 
    7984.84999999998, 7979.60499999998), RS.cost = c(9.30547, 
    13.73487, 12.17762, 10.48891, 8.73025, 7.50311, 8.88406, 
    14.47716, 4.91403, 7.01991, 2.59266), RS.gamma = c(-10.23279, 
    -9.48865, -9.71932, -8.83567, -8.31512, -6.22669, -10.33319, 
    -11.71772, -5.95153, -6.62797, -4.10287), RS.data.balancing = c(0, 
    0, 0, 0, 0, 0, 0, 0, 0, 0, 0), RS.feature.selection = c(0, 
    0, 0, 0, 0, 0, 0, 0, 0, 0, 0), RS.valid.acc = c(0.93103, 
    0.92316, 0.91743, 0.91676, 0.94365, 0.924, 0.93491, 0.93569, 
    0.92541, 0.92149, 0.93027), RS.test.acc = c(0.92126, 0.91426, 
    0.90908, 0.91661, 0.92898, 0.92034, 0.93179, 0.92116, 0.91445, 
    0.91352, 0.90825), RS.train.time = c(0.0159, 0.0178, 0.0178, 
    0.0184, 0.019, 0.0199, 0.0225, 0.0246, 0.0252, 0.0257, 0.0292
    ), RS.n.support.vectors = c(70.8, 42, 51.9, 58.7, 67.4, 74.5, 
    100.6, 59.9, 116, 95.3, 152.7), RS.index = c(45, 342, 134, 
    985, 1162, 1168, 105, 1670, 225, 401, 774), RS.n.solutions = c(43, 
    3, 5, 1, 1, 1, 5, 2, 1, 7, 3), RS.generations = c(100, 100, 
    100, 100, 100, 100, 100, 100, 100, 100, 100), RS.n.evaluations = c(2500, 
    2500, 2500, 2500, 2500, 2500, 2500, 2500, 2500, 2500, 2500
    ), RS.cpu.time = c(7341.465, 7367.585, 7361.452, 7550.25900000001, 
    7502.36200000001, 7655.61199999999, 7836.39, 8250.88800000001, 
    8195.57400000001, 8290.41700000002, 8242.36600000001), DF.cost = c(1, 
    1, 1, 1, 1, 1, 1, 1, 1, 1, 1), DF.gamma = c(0.2, 0.2, 0.2, 
    0.2, 0.2, 0.2, 0.2, 0.2, 0.2, 0.2, 0.2), DF.data.balancing = c(0, 
    0, 0, 0, 0, 0, 0, 0, 0, 0, 0), DF.feature.selection = c(0, 
    0, 0, 0, 0, 0, 0, 0, 0, 0, 0), DF.valid.acc = c(0.86267, 
    0.8735, 0.85069, 0.87439, 0.87264, 0.88419, 0.89113, 0.87407, 
    0.88463, 0.87153, 0.89587), DF.test.acc = c(0.87697, 0.8648, 
    0.85067, 0.87838, 0.89075, 0.89119, 0.88839, 0.87398, 0.87313, 
    0.87687, 0.88104), DF.train.time = c(0.019, 0.0207, 0.0232, 
    0.0247, 0.0257, 0.0281, 0.0312, 0.0335, 0.0356, 0.0393, 0.0397
    ), DF.n.support.vectors = c(137.1, 147.7, 156.9, 163.1, 170.7, 
    179.4, 187, 196.3, 209, 217.1, 225.6), DF.index = c(1, 1, 
    1, 1, 1, 1, 1, 1, 1, 1, 1), DF.n.solutions = c(1, 1, 1, 1, 
    1, 1, 1, 1, 1, 1, 1), DF.generations = c(1, 1, 1, 1, 1, 1, 
    1, 1, 1, 1, 1), DF.n.evaluations = c(1, 1, 1, 1, 1, 1, 1, 
    1, 1, 1, 1), DF.cpu.time = c(2.76, 2.766, 2.942, 2.984, 2.864, 
    2.947, 3.027, 3.255, 3.208, 3.393, 3.198), SMBO.cost = c(5.73133481726022, 
    5.73133481726022, 5.73133481726022, 5.73133481726022, 5.73133481726022, 
    5.73133481726022, 5.73133481726022, 5.73133481726022, 5.73133481726022, 
    5.73133481726022, 5.73133481726022), SMBO.gamma = c(-5.24557052383135, 
    -5.24557052383135, -5.24557052383135, -5.24557052383135, 
    -5.24557052383135, -5.24557052383135, -5.24557052383135, 
    -5.24557052383135, -5.24557052383135, -5.24557052383135, 
    -5.24557052383135), SMBO.balanced.test.accuracy = c(0.85277769793263, 
    0.85277769793263, 0.85277769793263, 0.85277769793263, 0.85277769793263, 
    0.85277769793263, 0.85277769793263, 0.85277769793263, 0.85277769793263, 
    0.85277769793263, 0.85277769793263)), .Names = c("Sampling", 
"PSO.cost", "PSO.gamma", "PSO.data.balancing", "PSO.feature.selection", 
"PSO.valid.acc", "PSO.test.acc", "PSO.train.time", "PSO.n.support.vectors", 
"PSO.index", "PSO.n.solutions", "PSO.generations", "PSO.n.evaluations", 
"PSO.cpu.time", "RS.cost", "RS.gamma", "RS.data.balancing", "RS.feature.selection", 
"RS.valid.acc", "RS.test.acc", "RS.train.time", "RS.n.support.vectors", 
"RS.index", "RS.n.solutions", "RS.generations", "RS.n.evaluations", 
"RS.cpu.time", "DF.cost", "DF.gamma", "DF.data.balancing", "DF.feature.selection", 
"DF.valid.acc", "DF.test.acc", "DF.train.time", "DF.n.support.vectors", 
"DF.index", "DF.n.solutions", "DF.generations", "DF.n.evaluations", 
"DF.cpu.time", "SMBO.cost", "SMBO.gamma", "SMBO.balanced.test.accuracy"
), row.names = c(NA, -11L), class = "data.frame")
