new.sol <-
structure(list(Sampling = c(50, 55, 60, 65, 70, 75, 80, 85, 90, 
95, 100), PSO.cost = c(13.53016, 15, 12.54793, 11.88982, 14.1007, 
5.42393, 5.00887, 14.74438, 10.96822, 15, 7.34223), PSO.gamma = c(-14.38429, 
-15, -8.86554, -9.41532, -15, -6.748, -6.55511, -10.79066, -8.78622, 
-11.42205, -5.45509), PSO.data.balancing = c(0, 0, 0, 0, 0, 0, 
0, 0, 0, 0, 0), PSO.feature.selection = c(0, 0, 0, 0, 0, 0, 0, 
0, 0, 0, 0), PSO.valid.acc = c(0.92038, 0.9371, 0.93011, 0.93247, 
0.93591, 0.94392, 0.93522, 0.93593, 0.93648, 0.92946, 0.93093
), PSO.test.acc = c(0.92038, 0.92344, 0.89778, 0.92032, 0.92507, 
0.93065, 0.93218, 0.92449, 0.91989, 0.92412, 0.91617), PSO.train.time = c(0.0155, 
0.0166, 0.0189, 0.0183, 0.0198, 0.0199, 0.0226, 0.0263, 0.0236, 
0.0285, 0.0282), PSO.n.support.vectors = c(70.1, 62.8, 56, 56.1, 
83.2, 98.3, 106, 56.8, 69.5, 62.2, 96), PSO.index = c(204, 30, 
371, 496, 541, 306, 1021, 166, 1163, 575, 2058), PSO.n.solutions = c(125, 
1197, 136, 71, 51, 120, 117, 1165, 35, 52, 1), PSO.generations = c(100, 
100, 100, 100, 100, 100, 100, 100, 100, 100, 100), PSO.n.evaluations = c(2500, 
2500, 2500, 2500, 2500, 2500, 2500, 2500, 2500, 2500, 2500), 
    PSO.cpu.time = c(6309.187, 6444.033, 6577.87, 6529.333, 6622.609, 
    6845.129, 6920.751, 7050.932, 7498.026, 7494.78699999998, 
    7628.198), RS.cost = c(9.5829, 12.66385, 10.72874, 6.61228, 
    10.63462, 4.97368, 9.13439, 14.62704, 11.71802, 13.07262, 
    7.38248), RS.gamma = c(-9.15202, -12.40287, -8.89108, -4.75874, 
    -11.49532, -6.34751, -5.5176, -11.06598, -9.18197, -9.67909, 
    -5.4843), RS.data.balancing = c(0, 0, 0, 0, 0, 0, 0, 0, 0, 
    0, 0), RS.feature.selection = c(0, 0, 0, 0, 0, 0, 0, 0, 0, 
    0, 0), RS.valid.acc = c(0.92038, 0.9371, 0.92646, 0.93573, 
    0.93591, 0.94392, 0.93463, 0.93593, 0.93378, 0.92946, 0.93093
    ), RS.test.acc = c(0.91153, 0.91433, 0.90961, 0.91692, 0.92507, 
    0.93065, 0.9192, 0.93046, 0.92266, 0.92419, 0.91617), RS.train.time = c(0.0151, 
    0.0168, 0.0171, 0.0195, 0.0192, 0.0207, 0.0219, 0.0259, 0.0245, 
    0.0273, 0.0264), RS.n.support.vectors = c(58, 60.8, 59.3, 
    82.4, 82.6, 100.6, 76.4, 57.4, 67.8, 65.1, 95.7), RS.index = c(163, 
    30, 549, 1046, 2, 1335, 1086, 309, 221, 1398, 698), RS.n.solutions = c(14, 
    29, 1, 3, 3, 2, 1, 1, 8, 2, 1), RS.generations = c(100, 100, 
    100, 100, 100, 100, 100, 100, 100, 100, 100), RS.n.evaluations = c(2500, 
    2500, 2500, 2500, 2500, 2500, 2500, 2500, 2500, 2500, 2500
    ), RS.cpu.time = c(6551.739, 6635.595, 6616.48, 6744.51, 
    6758.469, 7156.807, 7180.20599999999, 7637.414, 7727.599, 
    8051.34100000001, 7949.52900000001), DF.cost = c(1, 1, 1, 
    1, 1, 1, 1, 1, 1, 1, 1), DF.gamma = c(0.2, 0.2, 0.2, 0.2, 
    0.2, 0.2, 0.2, 0.2, 0.2, 0.2, 0.2), DF.data.balancing = c(0, 
    0, 0, 0, 0, 0, 0, 0, 0, 0, 0), DF.feature.selection = c(0, 
    0, 0, 0, 0, 0, 0, 0, 0, 0, 0), DF.valid.acc = c(0.84999, 
    0.88724, 0.88543, 0.89739, 0.8864, 0.90786, 0.91039, 0.90033, 
    0.87552, 0.89475, 0.8765), DF.test.acc = c(0.86526, 0.89655, 
    0.88543, 0.88939, 0.87899, 0.89164, 0.8978, 0.89176, 0.88377, 
    0.88206, 0.87859), DF.train.time = c(0.0185, 0.0206, 0.0213, 
    0.0247, 0.0259, 0.0282, 0.0287, 0.0325, 0.0356, 0.0369, 0.0405
    ), DF.n.support.vectors = c(128.3, 138.2, 150.6, 158.7, 168.7, 
    174.9, 181, 191.3, 202.1, 211.4, 224.4), DF.index = c(1, 
    1, 1, 1, 1, 1, 1, 1, 1, 1, 1), DF.n.solutions = c(1, 1, 1, 
    1, 1, 1, 1, 1, 1, 1, 1), DF.generations = c(1, 1, 1, 1, 1, 
    1, 1, 1, 1, 1, 1), DF.n.evaluations = c(1, 1, 1, 1, 1, 1, 
    1, 1, 1, 1, 1), DF.cpu.time = c(2.515, 2.647, 2.52, 2.803, 
    2.661, 2.883, 2.698, 2.972, 3.129, 3.172, 3.217), SMBO.cost = c(5.92447496785316, 
    5.92447496785316, 5.92447496785316, 5.92447496785316, 5.92447496785316, 
    5.92447496785316, 5.92447496785316, 5.92447496785316, 5.92447496785316, 
    5.92447496785316, 5.92447496785316), SMBO.gamma = c(-6.25862219557632, 
    -6.25862219557632, -6.25862219557632, -6.25862219557632, 
    -6.25862219557632, -6.25862219557632, -6.25862219557632, 
    -6.25862219557632, -6.25862219557632, -6.25862219557632, 
    -6.25862219557632), SMBO.balanced.test.accuracy = c(0.854805881406429, 
    0.854805881406429, 0.854805881406429, 0.854805881406429, 
    0.854805881406429, 0.854805881406429, 0.854805881406429, 
    0.854805881406429, 0.854805881406429, 0.854805881406429, 
    0.854805881406429)), .Names = c("Sampling", "PSO.cost", "PSO.gamma", 
"PSO.data.balancing", "PSO.feature.selection", "PSO.valid.acc", 
"PSO.test.acc", "PSO.train.time", "PSO.n.support.vectors", "PSO.index", 
"PSO.n.solutions", "PSO.generations", "PSO.n.evaluations", "PSO.cpu.time", 
"RS.cost", "RS.gamma", "RS.data.balancing", "RS.feature.selection", 
"RS.valid.acc", "RS.test.acc", "RS.train.time", "RS.n.support.vectors", 
"RS.index", "RS.n.solutions", "RS.generations", "RS.n.evaluations", 
"RS.cpu.time", "DF.cost", "DF.gamma", "DF.data.balancing", "DF.feature.selection", 
"DF.valid.acc", "DF.test.acc", "DF.train.time", "DF.n.support.vectors", 
"DF.index", "DF.n.solutions", "DF.generations", "DF.n.evaluations", 
"DF.cpu.time", "SMBO.cost", "SMBO.gamma", "SMBO.balanced.test.accuracy"
), row.names = c(NA, -11L), class = "data.frame")
