new.sol <-
structure(list(Sampling = c(50, 55, 60, 65, 70, 75, 80, 85, 90, 
95, 100), PSO.cost = c(7.44517, 6.49341, 0.21197, 0.12449, 1, 
0.5269, 1, 1, 1, 2.19527, 2.11605), PSO.gamma = c(-9.69378, -0.63279, 
0.01363, -0.14714, 0.0625, -1.97804, 0.0625, 0.0625, 0.0625, 
-2.32351, -3.12135), PSO.data.balancing = c(0, 0, 0, 0, 0, 0, 
0, 0, 0, 0, 0), PSO.feature.selection = c(0, 0, 0, 0, 0, 0, 0, 
0, 0, 0, 0), PSO.valid.acc = c(0.86425, 0.86123, 0.86219, 0.86978, 
0.86718, 0.87056, 0.86285, 0.85364, 0.85017, 0.85175, 0.85319
), PSO.test.acc = c(0.85139, 0.83431, 0.86219, 0.86978, 0.86718, 
0.87056, 0.86285, 0.85364, 0.85017, 0.84291, 0.84894), PSO.train.time = c(0.0301, 
0.038, 0.0458, 0.0481, 0.0358, 0.044, 0.0434, 0.0487, 0.052, 
0.0613, 0.0646), PSO.n.support.vectors = c(67.1, 114.7, 175.6, 
181.9, 108.5, 144, 123.6, 139.1, 147.6, 182.4, 176.1), PSO.index = c(180, 
1758, 1682, 51, 1, 50, 1, 1, 1, 353, 319), PSO.n.solutions = c(37, 
14, 45, 443, 1862, 315, 1891, 1762, 1689, 104, 138), PSO.generations = c(100, 
100, 100, 100, 100, 100, 100, 100, 100, 100, 100), PSO.n.evaluations = c(2500, 
2500, 2500, 2500, 2500, 2500, 2500, 2500, 2500, 2500, 2500), 
    PSO.cpu.time = c(9054.253, 10548.717, 11678.162, 8809.31799999999, 
    8581.696, 8602.75200000001, 8533.67199999999, 8790.01800000001, 
    9287.36499999999, 9272.076, 9197.147), RS.cost = c(6.52032, 
    6.64712, 0.2418, 0.05075, 1.08645, 0.99171, 0.3727, 1.44378, 
    4.75725, 2.11084, 2.49388), RS.gamma = c(-8.43597, -0.67152, 
    0.11796, -0.05743, -9.23419, -2.66188, -2.22527, -13.86529, 
    -7.70421, -2.75442, -3.42556), RS.data.balancing = c(0, 0, 
    0, 0, 0, 0, 0, 0, 0, 0, 0), RS.feature.selection = c(0, 0, 
    0, 0, 0, 0, 0, 0, 0, 0, 0), RS.valid.acc = c(0.86425, 0.86123, 
    0.86219, 0.86978, 0.86718, 0.87056, 0.86548, 0.85364, 0.85017, 
    0.85161, 0.85319), RS.test.acc = c(0.85121, 0.83431, 0.86219, 
    0.86978, 0.86718, 0.87056, 0.86548, 0.85364, 0.85017, 0.84508, 
    0.84894), RS.train.time = c(0.0292, 0.0377, 0.0416, 0.0449, 
    0.0359, 0.0405, 0.0453, 0.0366, 0.0558, 0.0595, 0.0629), 
    RS.n.support.vectors = c(68.9, 113.3, 177.7, 184.9, 115, 
    132.8, 152.3, 102.5, 132.9, 173.1, 172), RS.index = c(106, 
    278, 971, 554, 1, 522, 383, 1, 2, 114, 965), RS.n.solutions = c(6, 
    2, 1, 4, 924, 4, 2, 863, 899, 5, 1), RS.generations = c(100, 
    100, 100, 100, 100, 100, 100, 100, 100, 100, 100), RS.n.evaluations = c(2500, 
    2500, 2500, 2500, 2500, 2500, 2500, 2500, 2500, 2500, 2500
    ), RS.cpu.time = c(9124.5, 11673.922, 9573.471, 8907.97499999999, 
    8926.181, 9036.55900000001, 9184.24999999999, 9680.584, 9966.18999999997, 
    10182.973, 10358.01), DF.cost = c(1, 1, 1, 1, 1, 1, 1, 1, 
    1, 1, 1), DF.gamma = c(0.0625, 0.0625, 0.0625, 0.0625, 0.0625, 
    0.0625, 0.0625, 0.0625, 0.0625, 0.0625, 0.0625), DF.data.balancing = c(0, 
    0, 0, 0, 0, 0, 0, 0, 0, 0, 0), DF.feature.selection = c(0, 
    0, 0, 0, 0, 0, 0, 0, 0, 0, 0), DF.valid.acc = c(0.85991, 
    0.85723, 0.85862, 0.86645, 0.86718, 0.8677, 0.86285, 0.85364, 
    0.85017, 0.85155, 0.85106), DF.test.acc = c(0.85991, 0.85723, 
    0.85862, 0.86645, 0.86718, 0.8677, 0.86285, 0.85364, 0.85017, 
    0.85155, 0.85106), DF.train.time = c(0.0288, 0.0346, 0.0333, 
    0.0339, 0.0374, 0.0406, 0.0429, 0.0468, 0.0514, 0.0549, 0.0592
    ), DF.n.support.vectors = c(79.6, 90.9, 97.2, 102.7, 108.5, 
    114, 123.6, 139.1, 147.6, 156.7, 164.8), DF.index = c(1, 
    1, 1, 1, 1, 1, 1, 1, 1, 1, 1), DF.n.solutions = c(1, 1, 1, 
    1, 1, 1, 1, 1, 1, 1, 1), DF.generations = c(1, 1, 1, 1, 1, 
    1, 1, 1, 1, 1, 1), DF.n.evaluations = c(1, 1, 1, 1, 1, 1, 
    1, 1, 1, 1, 1), DF.cpu.time = c(3.552, 4.847, 3.467, 3.489, 
    3.497, 3.377, 3.422, 3.486, 3.492, 3.487, 3.542), SMBO.cost = c(10.2243779785702, 
    10.2243779785702, 10.2243779785702, 10.2243779785702, 10.2243779785702, 
    10.2243779785702, 10.2243779785702, 10.2243779785702, 10.2243779785702, 
    10.2243779785702, 10.2243779785702), SMBO.gamma = c(-6.21832871592022, 
    -6.21832871592022, -6.21832871592022, -6.21832871592022, 
    -6.21832871592022, -6.21832871592022, -6.21832871592022, 
    -6.21832871592022, -6.21832871592022, -6.21832871592022, 
    -6.21832871592022), SMBO.balanced.test.accuracy = c(0.580820807036537, 
    0.580820807036537, 0.580820807036537, 0.580820807036537, 
    0.580820807036537, 0.580820807036537, 0.580820807036537, 
    0.580820807036537, 0.580820807036537, 0.580820807036537, 
    0.580820807036537)), .Names = c("Sampling", "PSO.cost", "PSO.gamma", 
"PSO.data.balancing", "PSO.feature.selection", "PSO.valid.acc", 
"PSO.test.acc", "PSO.train.time", "PSO.n.support.vectors", "PSO.index", 
"PSO.n.solutions", "PSO.generations", "PSO.n.evaluations", "PSO.cpu.time", 
"RS.cost", "RS.gamma", "RS.data.balancing", "RS.feature.selection", 
"RS.valid.acc", "RS.test.acc", "RS.train.time", "RS.n.support.vectors", 
"RS.index", "RS.n.solutions", "RS.generations", "RS.n.evaluations", 
"RS.cpu.time", "DF.cost", "DF.gamma", "DF.data.balancing", "DF.feature.selection", 
"DF.valid.acc", "DF.test.acc", "DF.train.time", "DF.n.support.vectors", 
"DF.index", "DF.n.solutions", "DF.generations", "DF.n.evaluations", 
"DF.cpu.time", "SMBO.cost", "SMBO.gamma", "SMBO.balanced.test.accuracy"
), row.names = c(NA, -11L), class = "data.frame")
