new.sol <-
structure(list(Sampling = c(50, 55, 60, 65, 70, 75, 80, 85, 90, 
95, 100), PSO.cost = c(0.00278, 0.50809, 1, 12.88797, 1, 13.29636, 
1, 1, 1.47011, 1, 1), PSO.gamma = c(-1.06379, -1.51479, 0.0625, 
-14.19548, 0.0625, -14.47625, 0.0625, 0.0625, -1.90924, 0.0625, 
0.0625), PSO.data.balancing = c(0, 0, 0, 0, 0, 0, 0, 0, 0, 0, 
0), PSO.feature.selection = c(0, 0, 0, 0, 0, 0, 0, 0, 0, 0, 0
), PSO.valid.acc = c(0.8558, 0.85338, 0.84828, 0.85352, 0.85512, 
0.85651, 0.84706, 0.84378, 0.84799, 0.8493, 0.85106), PSO.test.acc = c(0.8558, 
0.84954, 0.84828, 0.8504, 0.85512, 0.85651, 0.84706, 0.84378, 
0.83597, 0.8493, 0.85106), PSO.train.time = c(0.0317, 0.0342, 
0.0325, 0.0903, 0.0393, 0.1173, 0.0451, 0.0503, 0.0592, 0.0541, 
0.0596), PSO.n.support.vectors = c(126, 128.8, 103.9, 97.1, 122.6, 
106.4, 138.1, 147.6, 188.2, 155.8, 162.4), PSO.index = c(28, 
80, 1, 22, 1, 231, 1, 1, 97, 1, 1), PSO.n.solutions = c(495, 
336, 1843, 125, 1857, 86, 1884, 1744, 84, 1875, 2046), PSO.generations = c(100, 
100, 100, 100, 100, 100, 100, 100, 100, 100, 100), PSO.n.evaluations = c(2500, 
2500, 2500, 2500, 2500, 2500, 2500, 2500, 2500, 2500, 2500), 
    PSO.cpu.time = c(7971.26, 8112.595, 8118.106, 8824.431, 8411.30499999999, 
    8691.295, 8359.965, 8539.671, 8594.57100000003, 8760.40700000001, 
    8909.33499999999), RS.cost = c(-0.24192, 0.49775, 2.81194, 
    6.84745, 2.42898, 6.89657, 1.96255, 1.20086, 1.81164, -1.21993, 
    -0.95224), RS.gamma = c(-0.59101, -0.52433, -11.65553, -8.05485, 
    -11.37829, -7.98956, -2.74814, -2.14092, -2.75616, -7.32428, 
    -0.29043), RS.data.balancing = c(0, 0, 0, 0, 0, 0, 0, 0, 
    0, 0, 0), RS.feature.selection = c(0, 0, 0, 0, 0, 0, 0, 0, 
    0, 0, 0), RS.valid.acc = c(0.8558, 0.85338, 0.84828, 0.85352, 
    0.85512, 0.85651, 0.84727, 0.84628, 0.84788, 0.8493, 0.85106
    ), RS.test.acc = c(0.85145, 0.85338, 0.84828, 0.85352, 0.85512, 
    0.85651, 0.84187, 0.8364, 0.84555, 0.8493, 0.85106), RS.train.time = c(0.0328, 
    0.0363, 0.0317, 0.0452, 0.0358, 0.0493, 0.0493, 0.0564, 0.0552, 
    0.0519, 0.0758), RS.n.support.vectors = c(139.3, 154.6, 91.4, 
    102.1, 105.1, 112.3, 153.3, 177.6, 169.5, 151.1, 268.9), 
    RS.index = c(375, 610, 3, 186, 1, 4, 1439, 2166, 2128, 4, 
    1), RS.n.solutions = c(16, 8, 959, 20, 1283, 17, 1, 1, 1, 
    870, 958), RS.generations = c(100, 100, 100, 100, 100, 100, 
    100, 100, 100, 100, 100), RS.n.evaluations = c(2500, 2500, 
    2500, 2500, 2500, 2500, 2500, 2500, 2500, 2500, 2500), RS.cpu.time = c(8114.605, 
    8239.365, 8440.082, 8619.511, 8778.712, 8864.136, 9085.68000000001, 
    9522.109, 9647.00399999999, 9982.65700000001, 10051.765), 
    DF.cost = c(1, 1, 1, 1, 1, 1, 1, 1, 1, 1, 1), DF.gamma = c(0.0625, 
    0.0625, 0.0625, 0.0625, 0.0625, 0.0625, 0.0625, 0.0625, 0.0625, 
    0.0625, 0.0625), DF.data.balancing = c(0, 0, 0, 0, 0, 0, 
    0, 0, 0, 0, 0), DF.feature.selection = c(0, 0, 0, 0, 0, 0, 
    0, 0, 0, 0, 0), DF.valid.acc = c(0.85145, 0.84954, 0.84828, 
    0.8504, 0.85512, 0.85357, 0.84706, 0.84378, 0.84555, 0.8493, 
    0.85106), DF.test.acc = c(0.85145, 0.84954, 0.84828, 0.8504, 
    0.85512, 0.85357, 0.84706, 0.84378, 0.84555, 0.8493, 0.85106
    ), DF.train.time = c(0.0284, 0.0307, 0.0343, 0.0374, 0.0412, 
    0.042, 0.0455, 0.0491, 0.0535, 0.0556, 0.0597), DF.n.support.vectors = c(87.9, 
    96.2, 103.9, 115.3, 122.6, 129.5, 138.1, 147.6, 151.7, 155.8, 
    162.4), DF.index = c(1, 1, 1, 1, 1, 1, 1, 1, 1, 1, 1), DF.n.solutions = c(1, 
    1, 1, 1, 1, 1, 1, 1, 1, 1, 1), DF.generations = c(1, 1, 1, 
    1, 1, 1, 1, 1, 1, 1, 1), DF.n.evaluations = c(1, 1, 1, 1, 
    1, 1, 1, 1, 1, 1, 1), DF.cpu.time = c(3.179, 3.252, 3.202, 
    3.163, 3.347, 3.195, 3.256, 3.238, 3.459, 3.304, 3.394), 
    SMBO.cost = c(7.46959149849156, 7.46959149849156, 7.46959149849156, 
    7.46959149849156, 7.46959149849156, 7.46959149849156, 7.46959149849156, 
    7.46959149849156, 7.46959149849156, 7.46959149849156, 7.46959149849156
    ), SMBO.gamma = c(-3.25945427402359, -3.25945427402359, -3.25945427402359, 
    -3.25945427402359, -3.25945427402359, -3.25945427402359, 
    -3.25945427402359, -3.25945427402359, -3.25945427402359, 
    -3.25945427402359, -3.25945427402359), SMBO.balanced.test.accuracy = c(0.601561065197429, 
    0.601561065197429, 0.601561065197429, 0.601561065197429, 
    0.601561065197429, 0.601561065197429, 0.601561065197429, 
    0.601561065197429, 0.601561065197429, 0.601561065197429, 
    0.601561065197429)), .Names = c("Sampling", "PSO.cost", "PSO.gamma", 
"PSO.data.balancing", "PSO.feature.selection", "PSO.valid.acc", 
"PSO.test.acc", "PSO.train.time", "PSO.n.support.vectors", "PSO.index", 
"PSO.n.solutions", "PSO.generations", "PSO.n.evaluations", "PSO.cpu.time", 
"RS.cost", "RS.gamma", "RS.data.balancing", "RS.feature.selection", 
"RS.valid.acc", "RS.test.acc", "RS.train.time", "RS.n.support.vectors", 
"RS.index", "RS.n.solutions", "RS.generations", "RS.n.evaluations", 
"RS.cpu.time", "DF.cost", "DF.gamma", "DF.data.balancing", "DF.feature.selection", 
"DF.valid.acc", "DF.test.acc", "DF.train.time", "DF.n.support.vectors", 
"DF.index", "DF.n.solutions", "DF.generations", "DF.n.evaluations", 
"DF.cpu.time", "SMBO.cost", "SMBO.gamma", "SMBO.balanced.test.accuracy"
), row.names = c(NA, -11L), class = "data.frame")
