new.sol <-
structure(list(Sampling = c(50, 55, 60, 65, 70, 75, 80, 85, 90, 
95, 100), PSO.cost = c(7.18745, 9.10019, 2.62142, 0.88866, 10.23767, 
1.35801, 1, 1, 1, 1, 0.10086), PSO.gamma = c(-6.21867, -7.85163, 
-3.78648, -2.70707, -10.78088, -2.60297, 0.0625, 0.0625, 0.0625, 
0.0625, 2.98802), PSO.data.balancing = c(0, 0, 0, 0, 0, 0, 0, 
0, 0, 0, 0), PSO.feature.selection = c(0, 0, 0, 0, 0, 0, 0, 0, 
0, 0, 0), PSO.valid.acc = c(0.88533, 0.87272, 0.86207, 0.84699, 
0.85196, 0.85087, 0.83905, 0.84132, 0.84555, 0.85148, 0.85319
), PSO.test.acc = c(0.87681, 0.85689, 0.85148, 0.84366, 0.84893, 
0.84532, 0.83905, 0.84132, 0.84555, 0.85148, 0.84894), PSO.train.time = c(0.0285, 
0.0348, 0.0317, 0.0386, 0.0712, 0.0425, 0.0443, 0.0456, 0.0486, 
0.0518, 0.0933), PSO.n.support.vectors = c(66.5, 76.6, 99.5, 
124.7, 108.4, 145.1, 139.8, 147.1, 148.7, 154.6, 351.5), PSO.index = c(656, 
1430, 1261, 134, 19, 740, 1, 1, 1, 1, 12), PSO.n.solutions = c(211, 
4, 21, 45, 1430, 130, 1677, 2034, 1767, 1966, 181), PSO.generations = c(100, 
100, 100, 100, 100, 100, 100, 100, 100, 100, 100), PSO.n.evaluations = c(2500, 
2500, 2500, 2500, 2500, 2500, 2500, 2500, 2500, 2500, 2500), 
    PSO.cpu.time = c(7120.971, 7599.503, 7278.978, 9814.493, 
    9387.75399999999, 7620.83100000001, 7698.76400000001, 7567.04399999999, 
    7618.41699999999, 7688.761, 8129.198), RS.cost = c(6.61127, 
    9.45592, 2.36189, 2.00106, 12.28167, 1.5954, -1.04364, 5.16353, 
    7.51483, 4.8796, 0.54245), RS.gamma = c(-5.88465, -10.013, 
    -3.50036, -2.65308, -12.29461, -2.42693, -14.19285, -12.36253, 
    -13.28963, -13.91641, -1.43456), RS.data.balancing = c(0, 
    0, 0, 0, 0, 0, 0, 0, 0, 0, 0), RS.feature.selection = c(0, 
    0, 0, 0, 0, 0, 0, 0, 0, 0, 0), RS.valid.acc = c(0.88514, 
    0.86888, 0.86564, 0.85011, 0.85196, 0.8481, 0.83905, 0.84132, 
    0.84555, 0.85148, 0.85319), RS.test.acc = c(0.87681, 0.86859, 
    0.84446, 0.84699, 0.84893, 0.83405, 0.83905, 0.84132, 0.84555, 
    0.85148, 0.85106), RS.train.time = c(0.0275, 0.0372, 0.0363, 
    0.0399, 0.1158, 0.0453, 0.0322, 0.0497, 0.0582, 0.0436, 0.0674
    ), RS.n.support.vectors = c(68.4, 76.1, 101.1, 124.1, 108, 
    149, 98.1, 172.7, 179.5, 130.2, 219.2), RS.index = c(196, 
    9, 1285, 513, 4, 637, 1, 3, 1, 1, 193), RS.n.solutions = c(2, 
    201, 1, 1, 90, 4, 872, 850, 994, 925, 1), RS.generations = c(100, 
    100, 100, 100, 100, 100, 100, 100, 100, 100, 100), RS.n.evaluations = c(2500, 
    2500, 2500, 2500, 2500, 2500, 2500, 2500, 2500, 2500, 2500
    ), RS.cpu.time = c(7236.602, 7490.218, 8893.06400000001, 
    8640.287, 7999.322, 8331.75499999999, 8422.12700000001, 8597.799, 
    8726.43400000001, 8938.52499999999, 9377.82000000001), DF.cost = c(1, 
    1, 1, 1, 1, 1, 1, 1, 1, 1, 1), DF.gamma = c(0.0625, 0.0625, 
    0.0625, 0.0625, 0.0625, 0.0625, 0.0625, 0.0625, 0.0625, 0.0625, 
    0.0625), DF.data.balancing = c(0, 0, 0, 0, 0, 0, 0, 0, 0, 
    0, 0), DF.feature.selection = c(0, 0, 0, 0, 0, 0, 0, 0, 0, 
    0, 0), DF.valid.acc = c(0.86812, 0.85734, 0.85517, 0.84376, 
    0.84599, 0.84802, 0.83905, 0.84132, 0.84555, 0.85148, 0.85106
    ), DF.test.acc = c(0.86812, 0.85734, 0.85517, 0.84376, 0.84599, 
    0.84802, 0.83905, 0.84132, 0.84555, 0.85148, 0.85106), DF.train.time = c(0.0266, 
    0.0281, 0.0325, 0.0325, 0.0374, 0.0395, 0.0428, 0.0471, 0.0315, 
    0.0528, 0.0572), DF.n.support.vectors = c(76.5, 88.2, 97.9, 
    112.2, 120.8, 125.8, 139.8, 147.1, 148.7, 154.6, 164), DF.index = c(1, 
    1, 1, 1, 1, 1, 1, 1, 1, 1, 1), DF.n.solutions = c(1, 1, 1, 
    1, 1, 1, 1, 1, 1, 1, 1), DF.generations = c(1, 1, 1, 1, 1, 
    1, 1, 1, 1, 1, 1), DF.n.evaluations = c(1, 1, 1, 1, 1, 1, 
    1, 1, 1, 1, 1), DF.cpu.time = c(2.863, 2.866, 3.757, 2.858, 
    2.934, 2.989, 2.99, 3.018, 2.315, 3.088, 3.119), SMBO.cost = c(14.897093846114, 
    14.897093846114, 14.897093846114, 14.897093846114, 14.897093846114, 
    14.897093846114, 14.897093846114, 14.897093846114, 14.897093846114, 
    14.897093846114, 14.897093846114), SMBO.gamma = c(-5.8505215388324, 
    -5.8505215388324, -5.8505215388324, -5.8505215388324, -5.8505215388324, 
    -5.8505215388324, -5.8505215388324, -5.8505215388324, -5.8505215388324, 
    -5.8505215388324, -5.8505215388324), SMBO.balanced.test.accuracy = c(0.607241190590807, 
    0.607241190590807, 0.607241190590807, 0.607241190590807, 
    0.607241190590807, 0.607241190590807, 0.607241190590807, 
    0.607241190590807, 0.607241190590807, 0.607241190590807, 
    0.607241190590807)), .Names = c("Sampling", "PSO.cost", "PSO.gamma", 
"PSO.data.balancing", "PSO.feature.selection", "PSO.valid.acc", 
"PSO.test.acc", "PSO.train.time", "PSO.n.support.vectors", "PSO.index", 
"PSO.n.solutions", "PSO.generations", "PSO.n.evaluations", "PSO.cpu.time", 
"RS.cost", "RS.gamma", "RS.data.balancing", "RS.feature.selection", 
"RS.valid.acc", "RS.test.acc", "RS.train.time", "RS.n.support.vectors", 
"RS.index", "RS.n.solutions", "RS.generations", "RS.n.evaluations", 
"RS.cpu.time", "DF.cost", "DF.gamma", "DF.data.balancing", "DF.feature.selection", 
"DF.valid.acc", "DF.test.acc", "DF.train.time", "DF.n.support.vectors", 
"DF.index", "DF.n.solutions", "DF.generations", "DF.n.evaluations", 
"DF.cpu.time", "SMBO.cost", "SMBO.gamma", "SMBO.balanced.test.accuracy"
), row.names = c(NA, -11L), class = "data.frame")
