new.sol <-
structure(list(Sampling = c(50, 55, 60, 65, 70, 75, 80, 85, 90, 
95, 100), PSO.cost = c(2.51467, 1, 1, 1, 1, 1, 2.44226, 2.90442, 
1, 1.57863, 1.84443), PSO.gamma = c(-3.37977, 0.0625, 0.0625, 
0.0625, 0.0625, 0.0625, -3.04241, -2.92046, 0.0625, -2.17874, 
-2.75726), PSO.data.balancing = c(0, 0, 0, 0, 0, 0, 0, 0, 0, 
0, 0), PSO.feature.selection = c(0, 0, 0, 0, 0, 0, 0, 0, 0, 0, 
0), PSO.valid.acc = c(0.85598, 0.8614, 0.85517, 0.85032, 0.84893, 
0.85363, 0.85766, 0.85122, 0.85253, 0.85606, 0.85319), PSO.test.acc = c(0.85598, 
0.8614, 0.85517, 0.85032, 0.84893, 0.85363, 0.84969, 0.84616, 
0.85253, 0.85814, 0.85319), PSO.train.time = c(0.0286, 0.0306, 
0.034, 0.0359, 0.0381, 0.0261, 0.0461, 0.0342, 0.0512, 0.0591, 
0.0601), PSO.n.support.vectors = c(93.1, 94.5, 100.6, 111.1, 
119.3, 124.9, 144, 160.4, 147.9, 187, 183.4), PSO.index = c(455, 
1, 1, 1, 1, 1, 489, 1497, 1, 103, 1442), PSO.n.solutions = c(42, 
1858, 1819, 1800, 1906, 1954, 165, 43, 1851, 282, 24), PSO.generations = c(100, 
100, 100, 100, 100, 100, 100, 100, 100, 100, 100), PSO.n.evaluations = c(2500, 
2500, 2500, 2500, 2500, 2500, 2500, 2500, 2500, 2500, 2500), 
    PSO.cpu.time = c(8289.917, 9585.34, 8106.064, 8203.889, 7986.87999999999, 
    7864.902, 9057.08, 9760.713, 10130.052, 10280.897, 10391.546
    ), RS.cost = c(3.6891, -0.08147, 5.19704, 0.87477, 10.50023, 
    5.10077, 0.50096, 2.40679, 8.51694, 1.60003, 1.78709), RS.gamma = c(-4.17984, 
    -13.34431, -11.15928, -9.56133, -10.41297, -14.95975, -2.0445, 
    -2.56008, -13.58856, -2.18599, -2.75939), RS.data.balancing = c(0, 
    0, 0, 0, 0, 0, 0, 0, 0, 0, 0), RS.feature.selection = c(0, 
    0, 0, 0, 0, 0, 0, 0, 0, 0, 0), RS.valid.acc = c(0.85598, 
    0.8614, 0.85517, 0.85032, 0.84893, 0.85363, 0.85766, 0.8536, 
    0.85253, 0.85606, 0.85319), RS.test.acc = c(0.84312, 0.8614, 
    0.85517, 0.85032, 0.84893, 0.85363, 0.84969, 0.84134, 0.85253, 
    0.85814, 0.85319), RS.train.time = c(0.03, 0.0259, 0.0227, 
    0.034, 0.0431, 0.034, 0.0484, 0.054, 0.0701, 0.0388, 0.0638
    ), RS.n.support.vectors = c(87.1, 61.3, 106.2, 110.8, 108.2, 
    102.4, 163.9, 166.2, 185.9, 186.8, 183.6), RS.index = c(2180, 
    1, 1, 2, 1, 1, 651, 2252, 1, 1242, 1095), RS.n.solutions = c(1, 
    961, 1110, 1009, 1133, 863, 2, 1, 977, 1, 3), RS.generations = c(100, 
    100, 100, 100, 100, 100, 100, 100, 100, 100, 100), RS.n.evaluations = c(2500, 
    2500, 2500, 2500, 2500, 2500, 2500, 2500, 2500, 2500, 2500
    ), RS.cpu.time = c(8965.662, 8453.519, 8928.834, 8108.37900000001, 
    7407.77600000001, 8381.96799999999, 9793.57400000001, 9657.29199999999, 
    10391.349, 11056.218, 10785.57), DF.cost = c(1, 1, 1, 1, 
    1, 1, 1, 1, 1, 1, 1), DF.gamma = c(0.0625, 0.0625, 0.0625, 
    0.0625, 0.0625, 0.0625, 0.0625, 0.0625, 0.0625, 0.0625, 0.0625
    ), DF.data.balancing = c(0, 0, 0, 0, 0, 0, 0, 0, 0, 0, 0), 
    DF.feature.selection = c(0, 0, 0, 0, 0, 0, 0, 0, 0, 0, 0), 
    DF.valid.acc = c(0.85145, 0.8614, 0.85517, 0.85032, 0.84893, 
    0.85363, 0.85496, 0.84866, 0.85253, 0.85152, 0.85106), DF.test.acc = c(0.85145, 
    0.8614, 0.85517, 0.85032, 0.84893, 0.85363, 0.85496, 0.84866, 
    0.85253, 0.85152, 0.85106), DF.train.time = c(0.0291, 0.0299, 
    0.0336, 0.0367, 0.0247, 0.0415, 0.045, 0.0466, 0.0499, 0.0556, 
    0.0585), DF.n.support.vectors = c(88, 94.5, 100.6, 111.1, 
    119.3, 124.9, 132.9, 145.1, 147.9, 160.2, 166.7), DF.index = c(1, 
    1, 1, 1, 1, 1, 1, 1, 1, 1, 1), DF.n.solutions = c(1, 1, 1, 
    1, 1, 1, 1, 1, 1, 1, 1), DF.generations = c(1, 1, 1, 1, 1, 
    1, 1, 1, 1, 1, 1), DF.n.evaluations = c(1, 1, 1, 1, 1, 1, 
    1, 1, 1, 1, 1), DF.cpu.time = c(3.734, 3.099, 3.082, 3.083, 
    2.414, 3.255, 3.207, 3.879, 3.967, 3.995, 3.332), SMBO.cost = c(10.0535886189515, 
    10.0535886189515, 10.0535886189515, 10.0535886189515, 10.0535886189515, 
    10.0535886189515, 10.0535886189515, 10.0535886189515, 10.0535886189515, 
    10.0535886189515, 10.0535886189515), SMBO.gamma = c(-2.57108113903378, 
    -2.57108113903378, -2.57108113903378, -2.57108113903378, 
    -2.57108113903378, -2.57108113903378, -2.57108113903378, 
    -2.57108113903378, -2.57108113903378, -2.57108113903378, 
    -2.57108113903378), SMBO.balanced.test.accuracy = c(0.600961817014357, 
    0.600961817014357, 0.600961817014357, 0.600961817014357, 
    0.600961817014357, 0.600961817014357, 0.600961817014357, 
    0.600961817014357, 0.600961817014357, 0.600961817014357, 
    0.600961817014357)), .Names = c("Sampling", "PSO.cost", "PSO.gamma", 
"PSO.data.balancing", "PSO.feature.selection", "PSO.valid.acc", 
"PSO.test.acc", "PSO.train.time", "PSO.n.support.vectors", "PSO.index", 
"PSO.n.solutions", "PSO.generations", "PSO.n.evaluations", "PSO.cpu.time", 
"RS.cost", "RS.gamma", "RS.data.balancing", "RS.feature.selection", 
"RS.valid.acc", "RS.test.acc", "RS.train.time", "RS.n.support.vectors", 
"RS.index", "RS.n.solutions", "RS.generations", "RS.n.evaluations", 
"RS.cpu.time", "DF.cost", "DF.gamma", "DF.data.balancing", "DF.feature.selection", 
"DF.valid.acc", "DF.test.acc", "DF.train.time", "DF.n.support.vectors", 
"DF.index", "DF.n.solutions", "DF.generations", "DF.n.evaluations", 
"DF.cpu.time", "SMBO.cost", "SMBO.gamma", "SMBO.balanced.test.accuracy"
), row.names = c(NA, -11L), class = "data.frame")
