new.sol <-
structure(list(Sampling = c(50, 55, 60, 65, 70, 75, 80, 85, 90, 
95, 100), PSO.cost = c(1, 0.93955, 1.41271, 1.07033, 1.67054, 
1.92599, 1, 1.25664, -0.08083, 0.7538, 1), PSO.gamma = c(0.0625, 
-1.36114, -0.49528, -0.48109, -3.08256, -2.48654, 0.0625, -1.93984, 
3, -1.17477, 0.0625), PSO.data.balancing = c(0, 0, 0, 0, 0, 0, 
0, 0, 0, 0, 0), PSO.feature.selection = c(0, 0, 0, 0, 0, 0, 0, 
0, 0, 0, 0), PSO.valid.acc = c(0.87663, 0.89185, 0.89433, 0.8961, 
0.89118, 0.88183, 0.86022, 0.86108, 0.85951, 0.85814, 0.85106
), PSO.test.acc = c(0.87663, 0.88415, 0.88719, 0.89277, 0.8852, 
0.87056, 0.86022, 0.85364, 0.85951, 0.85814, 0.85106), PSO.train.time = c(0.0282, 
0.036, 0.0426, 0.049, 0.0408, 0.0473, 0.0466, 0.0562, 0.0882, 
0.0749, 0.063), PSO.n.support.vectors = c(76, 119.3, 158.2, 170, 
117.4, 139.7, 133, 177.5, 322.8, 222.3, 163.8), PSO.index = c(1, 
343, 98, 46, 693, 312, 1, 445, 515, 1215, 1), PSO.n.solutions = c(2138, 
331, 717, 828, 51, 448, 1839, 83, 322, 47, 1847), PSO.generations = c(100, 
100, 100, 100, 100, 100, 100, 100, 100, 100, 100), PSO.n.evaluations = c(2500, 
2500, 2500, 2500, 2500, 2500, 2500, 2500, 2500, 2500, 2500), 
    PSO.cpu.time = c(8989.05, 8829.723, 8960.162, 8919.891, 10931.951, 
    10922.854, 11377.138, 11749.727, 13077.349, 12611.536, 12351.663
    ), RS.cost = c(8.26682, 0.76995, 9.48666, 1.06827, 1.79512, 
    1.9656, -1.83669, 0.76961, 0.43671, 0.44063, -1.92353), RS.gamma = c(-11.14482, 
    -0.67227, -7.63751, -1.05068, -2.34744, -1.97343, -11.28523, 
    -1.27475, -1.31964, -0.92819, 2.94037), RS.data.balancing = c(0, 
    0, 0, 0, 0, 0, 0, 0, 0, 0, 0), RS.feature.selection = c(0, 
    0, 0, 0, 0, 0, 0, 0, 0, 0, 0), RS.valid.acc = c(0.87663, 
    0.89185, 0.89433, 0.8961, 0.88832, 0.87905, 0.86022, 0.8562, 
    0.85729, 0.85596, 0.85106), RS.test.acc = c(0.87663, 0.89185, 
    0.88719, 0.88954, 0.88824, 0.86198, 0.86022, 0.8512, 0.85491, 
    0.85374, 0.85106), RS.train.time = c(0.0321, 0.0373, 0.0377, 
    0.045, 0.0434, 0.0469, 0.0365, 0.0655, 0.0639, 0.078, 0.1021
    ), RS.n.support.vectors = c(67.5, 141.2, 71, 147.7, 128, 
    147, 89.2, 197.3, 203.2, 231.4, 351.2), RS.index = c(2, 395, 
    137, 1741, 1580, 231, 2, 2126, 311, 1315, 1), RS.n.solutions = c(960, 
    4, 5, 2, 1, 1, 960, 1, 2, 1, 951), RS.generations = c(100, 
    100, 100, 100, 100, 100, 100, 100, 100, 100, 100), RS.n.evaluations = c(2500, 
    2500, 2500, 2500, 2500, 2500, 2500, 2500, 2500, 2500, 2500
    ), RS.cpu.time = c(8967.501, 8878.14, 8980.35, 10858.307, 
    11453.233, 11626.072, 12204.349, 13166.288, 13881.893, 13208.104, 
    13530.933), DF.cost = c(1, 1, 1, 1, 1, 1, 1, 1, 1, 1, 1), 
    DF.gamma = c(0.0625, 0.0625, 0.0625, 0.0625, 0.0625, 0.0625, 
    0.0625, 0.0625, 0.0625, 0.0625, 0.0625), DF.data.balancing = c(0, 
    0, 0, 0, 0, 0, 0, 0, 0, 0, 0), DF.feature.selection = c(0, 
    0, 0, 0, 0, 0, 0, 0, 0, 0, 0), DF.valid.acc = c(0.87663, 
    0.88415, 0.88362, 0.88298, 0.87914, 0.86484, 0.86022, 0.85364, 
    0.85718, 0.85374, 0.85106), DF.test.acc = c(0.87663, 0.88415, 
    0.88362, 0.88298, 0.87914, 0.86484, 0.86022, 0.85364, 0.85718, 
    0.85374, 0.85106), DF.train.time = c(0.0294, 0.0296, 0.0319, 
    0.0355, 0.0397, 0.0432, 0.0473, 0.0537, 0.0587, 0.0585, 0.0637
    ), DF.n.support.vectors = c(76, 76.7, 84.3, 95.7, 107.2, 
    124.4, 133, 143.1, 152.8, 156.6, 163.8), DF.index = c(1, 
    1, 1, 1, 1, 1, 1, 1, 1, 1, 1), DF.n.solutions = c(1, 1, 1, 
    1, 1, 1, 1, 1, 1, 1, 1), DF.generations = c(1, 1, 1, 1, 1, 
    1, 1, 1, 1, 1, 1), DF.n.evaluations = c(1, 1, 1, 1, 1, 1, 
    1, 1, 1, 1, 1), DF.cpu.time = c(3.661, 3.475, 3.584, 4.278, 
    4.26, 4.125, 4.436, 4.689, 4.958, 4.615, 4.698), SMBO.cost = c(10.333611669878, 
    10.333611669878, 10.333611669878, 10.333611669878, 10.333611669878, 
    10.333611669878, 10.333611669878, 10.333611669878, 10.333611669878, 
    10.333611669878, 10.333611669878), SMBO.gamma = c(-3.30259579672886, 
    -3.30259579672886, -3.30259579672886, -3.30259579672886, 
    -3.30259579672886, -3.30259579672886, -3.30259579672886, 
    -3.30259579672886, -3.30259579672886, -3.30259579672886, 
    -3.30259579672886), SMBO.balanced.test.accuracy = c(0.597985950998655, 
    0.597985950998655, 0.597985950998655, 0.597985950998655, 
    0.597985950998655, 0.597985950998655, 0.597985950998655, 
    0.597985950998655, 0.597985950998655, 0.597985950998655, 
    0.597985950998655)), .Names = c("Sampling", "PSO.cost", "PSO.gamma", 
"PSO.data.balancing", "PSO.feature.selection", "PSO.valid.acc", 
"PSO.test.acc", "PSO.train.time", "PSO.n.support.vectors", "PSO.index", 
"PSO.n.solutions", "PSO.generations", "PSO.n.evaluations", "PSO.cpu.time", 
"RS.cost", "RS.gamma", "RS.data.balancing", "RS.feature.selection", 
"RS.valid.acc", "RS.test.acc", "RS.train.time", "RS.n.support.vectors", 
"RS.index", "RS.n.solutions", "RS.generations", "RS.n.evaluations", 
"RS.cpu.time", "DF.cost", "DF.gamma", "DF.data.balancing", "DF.feature.selection", 
"DF.valid.acc", "DF.test.acc", "DF.train.time", "DF.n.support.vectors", 
"DF.index", "DF.n.solutions", "DF.generations", "DF.n.evaluations", 
"DF.cpu.time", "SMBO.cost", "SMBO.gamma", "SMBO.balanced.test.accuracy"
), row.names = c(NA, -11L), class = "data.frame")
