new.sol <-
structure(list(Sampling = c(50, 55, 60, 65, 70, 75, 80, 85, 90, 
95, 100), PSO.cost = c(-0.19038, 0.56957, 1, 1.56931, -0.15342, 
0.25829, 0.14216, 1.99231, 1.29446, 1.59168, 1), PSO.gamma = c(1.82419, 
2.30007, 0.0625, -2.60658, 3, 3, 3, -3.11785, -2.18806, -2.37629, 
0.0625), PSO.data.balancing = c(0, 0, 0, 0, 0, 0, 0, 0, 0, 0, 
0), PSO.feature.selection = c(0, 0, 0, 0, 0, 0, 0, 0, 0, 0, 0
), PSO.valid.acc = c(0.87645, 0.88052, 0.86586, 0.86028, 0.85809, 
0.85079, 0.84701, 0.84872, 0.85255, 0.86046, 0.85106), PSO.test.acc = c(0.87228, 
0.87654, 0.86586, 0.86039, 0.85506, 0.85087, 0.84431, 0.84378, 
0.84784, 0.85162, 0.85106), PSO.train.time = c(0.0354, 0.0408, 
0.0311, 0.0355, 0.0606, 0.0665, 0.072, 0.0505, 0.0572, 0.0661, 
0.0655), PSO.n.support.vectors = c(178.8, 200, 95.1, 120.4, 257.4, 
275.4, 295.1, 154.7, 181.1, 182, 165.7), PSO.index = c(323, 1027, 
1, 751, 247, 199, 399, 1635, 31, 843, 1), PSO.n.solutions = c(209, 
94, 1747, 84, 767, 817, 758, 16, 243, 107, 1921), PSO.generations = c(100, 
100, 100, 100, 100, 100, 100, 100, 100, 100, 100), PSO.n.evaluations = c(2500, 
2500, 2500, 2500, 2500, 2500, 2500, 2500, 2500, 2500, 2500), 
    PSO.cpu.time = c(7238.579, 7468.201, 7458.225, 7465.277, 
    7924.53999999999, 8113.48, 8161.726, 7906.073, 8233.084, 
    10508.127, 10535.5), RS.cost = c(0.33866, 1.70071, -0.73093, 
    1.17735, 0.03887, 1.60697, -0.14062, 1.5811, 1.62862, 1.48035, 
    0.12524), RS.gamma = c(2.70999, 1.09776, -11.5522, -2.18666, 
    2.93667, -2.74114, 2.92744, -2.6757, -2.60554, -2.14521, 
    -2.95233), RS.data.balancing = c(0, 0, 0, 0, 0, 0, 0, 0, 
    0, 0, 0), RS.feature.selection = c(0, 0, 0, 0, 0, 0, 0, 0, 
    0, 0, 0), RS.valid.acc = c(0.87645, 0.87668, 0.86586, 0.86028, 
    0.85809, 0.85087, 0.84701, 0.84628, 0.85255, 0.85824, 0.85106
    ), RS.test.acc = c(0.87627, 0.87254, 0.86586, 0.85706, 0.85506, 
    0.8481, 0.84431, 0.84628, 0.84546, 0.85384, 0.85106), RS.train.time = c(0.037, 
    0.0388, 0.026, 0.0369, 0.0605, 0.0424, 0.069, 0.0528, 0.0556, 
    0.0631, 0.0631), RS.n.support.vectors = c(182.7, 188.4, 67.3, 
    127.4, 256.9, 140.2, 294.7, 161.8, 170.1, 186.4, 180.6), 
    RS.index = c(198, 435, 4, 109, 2326, 1689, 734, 760, 95, 
    1623, 2), RS.n.solutions = c(5, 7, 930, 3, 1, 1, 1, 1, 6, 
    2, 906), RS.generations = c(100, 100, 100, 100, 100, 100, 
    100, 100, 100, 100, 100), RS.n.evaluations = c(2500, 2500, 
    2500, 2500, 2500, 2500, 2500, 2500, 2500, 2500, 2500), RS.cpu.time = c(7418.676, 
    7523.903, 7602.43900000001, 7845.123, 8121.34199999999, 8270.14099999999, 
    8457.16800000001, 8903.67199999999, 10517.069, 11652.021, 
    12023.283), DF.cost = c(1, 1, 1, 1, 1, 1, 1, 1, 1, 1, 1), 
    DF.gamma = c(0.0625, 0.0625, 0.0625, 0.0625, 0.0625, 0.0625, 
    0.0625, 0.0625, 0.0625, 0.0625, 0.0625), DF.data.balancing = c(0, 
    0, 0, 0, 0, 0, 0, 0, 0, 0, 0), DF.feature.selection = c(0, 
    0, 0, 0, 0, 0, 0, 0, 0, 0, 0), DF.valid.acc = c(0.87228, 
    0.87283, 0.86586, 0.85685, 0.85506, 0.84802, 0.84438, 0.84622, 
    0.84784, 0.85152, 0.85106), DF.test.acc = c(0.87228, 0.87283, 
    0.86586, 0.85685, 0.85506, 0.84802, 0.84438, 0.84622, 0.84784, 
    0.85152, 0.85106), DF.train.time = c(0.0272, 0.0289, 0.031, 
    0.0358, 0.0394, 0.0408, 0.0448, 0.0472, 0.0556, 0.0605, 0.063
    ), DF.n.support.vectors = c(79.7, 84.9, 95.1, 106.8, 115.7, 
    127.1, 137.2, 141.4, 151.8, 157.4, 165.7), DF.index = c(1, 
    1, 1, 1, 1, 1, 1, 1, 1, 1, 1), DF.n.solutions = c(1, 1, 1, 
    1, 1, 1, 1, 1, 1, 1, 1), DF.generations = c(1, 1, 1, 1, 1, 
    1, 1, 1, 1, 1, 1), DF.n.evaluations = c(1, 1, 1, 1, 1, 1, 
    1, 1, 1, 1, 1), DF.cpu.time = c(2.913, 2.937, 2.95, 3.033, 
    3.022, 2.952, 3.064, 3.199, 4.034, 4.134, 4.132), SMBO.cost = c(11.9040781409328, 
    11.9040781409328, 11.9040781409328, 11.9040781409328, 11.9040781409328, 
    11.9040781409328, 11.9040781409328, 11.9040781409328, 11.9040781409328, 
    11.9040781409328, 11.9040781409328), SMBO.gamma = c(-7.06801536529053, 
    -7.06801536529053, -7.06801536529053, -7.06801536529053, 
    -7.06801536529053, -7.06801536529053, -7.06801536529053, 
    -7.06801536529053, -7.06801536529053, -7.06801536529053, 
    -7.06801536529053), SMBO.balanced.test.accuracy = c(0.590414891277559, 
    0.590414891277559, 0.590414891277559, 0.590414891277559, 
    0.590414891277559, 0.590414891277559, 0.590414891277559, 
    0.590414891277559, 0.590414891277559, 0.590414891277559, 
    0.590414891277559)), .Names = c("Sampling", "PSO.cost", "PSO.gamma", 
"PSO.data.balancing", "PSO.feature.selection", "PSO.valid.acc", 
"PSO.test.acc", "PSO.train.time", "PSO.n.support.vectors", "PSO.index", 
"PSO.n.solutions", "PSO.generations", "PSO.n.evaluations", "PSO.cpu.time", 
"RS.cost", "RS.gamma", "RS.data.balancing", "RS.feature.selection", 
"RS.valid.acc", "RS.test.acc", "RS.train.time", "RS.n.support.vectors", 
"RS.index", "RS.n.solutions", "RS.generations", "RS.n.evaluations", 
"RS.cpu.time", "DF.cost", "DF.gamma", "DF.data.balancing", "DF.feature.selection", 
"DF.valid.acc", "DF.test.acc", "DF.train.time", "DF.n.support.vectors", 
"DF.index", "DF.n.solutions", "DF.generations", "DF.n.evaluations", 
"DF.cpu.time", "SMBO.cost", "SMBO.gamma", "SMBO.balanced.test.accuracy"
), row.names = c(NA, -11L), class = "data.frame")
