new.sol <-
structure(list(Sampling = c(50, 55, 60, 65, 70, 75, 80, 85, 90, 
95, 100), PSO.cost = c(1, 1.779, 3.05209, 1.69022, 2.36818, -0.13978, 
0.86453, 7.54566, 1.74202, 1.37241, 1), PSO.gamma = c(0.0625, 
-2.64746, -3.88708, -2.33963, -3.33348, 1.91131, -1.62363, -6.75204, 
-2.401, -2.44897, 0.0625), PSO.data.balancing = c(0, 0, 0, 0, 
0, 0, 0, 0, 0, 0, 0), PSO.feature.selection = c(0, 0, 0, 0, 0, 
0, 0, 0, 0, 0, 0), PSO.valid.acc = c(0.8471, 0.86492, 0.84852, 
0.86358, 0.86741, 0.85643, 0.85226, 0.85116, 0.86888, 0.85618, 
0.85106), PSO.test.acc = c(0.8471, 0.85738, 0.84101, 0.86015, 
0.85832, 0.85357, 0.85226, 0.84122, 0.8665, 0.84739, 0.85106), 
    PSO.train.time = c(0.0288, 0.0315, 0.0342, 0.0361, 0.039, 
    0.058, 0.0499, 0.0605, 0.0534, 0.0577, 0.055), PSO.n.support.vectors = c(89.9, 
    112.8, 110.4, 131.3, 129.2, 264.1, 184.6, 127.8, 175, 183.9, 
    164.5), PSO.index = c(1, 1327, 862, 243, 859, 439, 1030, 
    235, 701, 1142, 1), PSO.n.solutions = c(2189, 45, 72, 355, 
    88, 279, 40, 119, 262, 74, 1860), PSO.generations = c(100, 
    100, 100, 100, 100, 100, 100, 100, 100, 100, 100), PSO.n.evaluations = c(2500, 
    2500, 2500, 2500, 2500, 2500, 2500, 2500, 2500, 2500, 2500
    ), PSO.cpu.time = c(7302.653, 7404.229, 7451.332, 7548.048, 
    8217.43699999999, 7925.66500000001, 7820.046, 8235.34199999999, 
    8134.11199999999, 8209.60200000001, 8355.19999999998), RS.cost = c(-0.11901, 
    1.40122, 1.34312, 1.91725, 2.28931, -0.60378, 5.43911, 11.09855, 
    1.96377, 1.58053, 0.10713), RS.gamma = c(-6.84297, -2.31935, 
    -2.84671, -2.64521, -3.42293, 2.88769, -5.00251, -8.75205, 
    -2.54425, -2.70827, -6.98554), RS.data.balancing = c(0, 0, 
    0, 0, 0, 0, 0, 0, 0, 0, 0), RS.feature.selection = c(0, 0, 
    0, 0, 0, 0, 0, 0, 0, 0, 0), RS.valid.acc = c(0.8471, 0.85723, 
    0.85185, 0.86358, 0.86447, 0.85643, 0.8524, 0.85116, 0.86656, 
    0.85401, 0.85106), RS.test.acc = c(0.8471, 0.85738, 0.8447, 
    0.86348, 0.85832, 0.85357, 0.84429, 0.84372, 0.8665, 0.84739, 
    0.85106), RS.train.time = c(0.0263, 0.0324, 0.0337, 0.0369, 
    0.0397, 0.0604, 0.0499, 0.1062, 0.0538, 0.0564, 0.0534), 
    RS.n.support.vectors = c(83.8, 117.6, 120.7, 128.1, 127.7, 
    271.4, 130, 126.1, 171.8, 178.4, 158.1), RS.index = c(2, 
    88, 2045, 568, 2103, 1108, 403, 72, 550, 257, 2), RS.n.solutions = c(962, 
    2, 1, 1, 1, 1, 2, 3, 3, 1, 1020), RS.generations = c(100, 
    100, 100, 100, 100, 100, 100, 100, 100, 100, 100), RS.n.evaluations = c(2500, 
    2500, 2500, 2500, 2500, 2500, 2500, 2500, 2500, 2500, 2500
    ), RS.cpu.time = c(7504.02, 7662.935, 7808.662, 7923.477, 
    8170.34199999999, 8455.269, 8581.84000000001, 8745.34699999999, 
    8993.17999999999, 8985.527, 9324.67099999997), DF.cost = c(1, 
    1, 1, 1, 1, 1, 1, 1, 1, 1, 1), DF.gamma = c(0.0625, 0.0625, 
    0.0625, 0.0625, 0.0625, 0.0625, 0.0625, 0.0625, 0.0625, 0.0625, 
    0.0625), DF.data.balancing = c(0, 0, 0, 0, 0, 0, 0, 0, 0, 
    0, 0), DF.feature.selection = c(0, 0, 0, 0, 0, 0, 0, 0, 0, 
    0, 0), DF.valid.acc = c(0.8471, 0.84954, 0.84828, 0.8537, 
    0.85822, 0.85357, 0.84706, 0.8511, 0.85714, 0.85381, 0.85106
    ), DF.test.acc = c(0.8471, 0.84954, 0.84828, 0.8537, 0.85822, 
    0.85357, 0.84706, 0.8511, 0.85714, 0.85381, 0.85106), DF.train.time = c(0.0277, 
    0.0305, 0.033, 0.0343, 0.0377, 0.0403, 0.0432, 0.0465, 0.0492, 
    0.0549, 0.0556), DF.n.support.vectors = c(89.9, 100.5, 110.1, 
    112.9, 120.9, 129.9, 137.9, 145, 147.8, 157.4, 164.5), DF.index = c(1, 
    1, 1, 1, 1, 1, 1, 1, 1, 1, 1), DF.n.solutions = c(1, 1, 1, 
    1, 1, 1, 1, 1, 1, 1, 1), DF.generations = c(1, 1, 1, 1, 1, 
    1, 1, 1, 1, 1, 1), DF.n.evaluations = c(1, 1, 1, 1, 1, 1, 
    1, 1, 1, 1, 1), DF.cpu.time = c(2.89, 2.905, 2.913, 2.929, 
    2.982, 3.016, 2.971, 3.155, 3.158, 3.146, 3.192), SMBO.cost = c(13.9440534421557, 
    13.9440534421557, 13.9440534421557, 13.9440534421557, 13.9440534421557, 
    13.9440534421557, 13.9440534421557, 13.9440534421557, 13.9440534421557, 
    13.9440534421557, 13.9440534421557), SMBO.gamma = c(-4.08616021679744, 
    -4.08616021679744, -4.08616021679744, -4.08616021679744, 
    -4.08616021679744, -4.08616021679744, -4.08616021679744, 
    -4.08616021679744, -4.08616021679744, -4.08616021679744, 
    -4.08616021679744), SMBO.balanced.test.accuracy = c(0.586782485304213, 
    0.586782485304213, 0.586782485304213, 0.586782485304213, 
    0.586782485304213, 0.586782485304213, 0.586782485304213, 
    0.586782485304213, 0.586782485304213, 0.586782485304213, 
    0.586782485304213)), .Names = c("Sampling", "PSO.cost", "PSO.gamma", 
"PSO.data.balancing", "PSO.feature.selection", "PSO.valid.acc", 
"PSO.test.acc", "PSO.train.time", "PSO.n.support.vectors", "PSO.index", 
"PSO.n.solutions", "PSO.generations", "PSO.n.evaluations", "PSO.cpu.time", 
"RS.cost", "RS.gamma", "RS.data.balancing", "RS.feature.selection", 
"RS.valid.acc", "RS.test.acc", "RS.train.time", "RS.n.support.vectors", 
"RS.index", "RS.n.solutions", "RS.generations", "RS.n.evaluations", 
"RS.cpu.time", "DF.cost", "DF.gamma", "DF.data.balancing", "DF.feature.selection", 
"DF.valid.acc", "DF.test.acc", "DF.train.time", "DF.n.support.vectors", 
"DF.index", "DF.n.solutions", "DF.generations", "DF.n.evaluations", 
"DF.cpu.time", "SMBO.cost", "SMBO.gamma", "SMBO.balanced.test.accuracy"
), row.names = c(NA, -11L), class = "data.frame")
