new.sol <-
structure(list(Sampling = c(50, 55, 60, 65, 70, 75, 80, 85, 90, 
95, 100), PSO.cost = c(2.94035, 0.40204, 1.66417, 2.37783, 3.15711, 
2.36629, 1.66846, 2.59669, 2.84395, 4.53784, 1.44047), PSO.gamma = c(-3.54268, 
-3.45779, -4.89206, -3.77789, -3.9753, -3.59284, -4.38058, -3.95333, 
-5.15531, -3.2646, -4.19114), PSO.data.balancing = c(0, 0, 0, 
0, 0, 0, 0, 0, 0, 0, 0), PSO.feature.selection = c(0, 0, 0, 0, 
0, 0, 0, 0, 0, 0, 0), PSO.valid.acc = c(0.96013, 0.96368, 0.9621, 
0.97446, 0.96732, 0.96979, 0.95764, 0.96688, 0.96854, 0.95274, 
0.96603), PSO.test.acc = c(0.95425, 0.95842, 0.95301, 0.96594, 
0.95099, 0.96224, 0.95074, 0.96032, 0.94987, 0.93482, 0.95738
), PSO.train.time = c(0.0337, 0.0375, 0.0328, 0.0407, 0.0422, 
0.0459, 0.0467, 0.0498, 0.0477, 0.0634, 0.0617), PSO.n.support.vectors = c(85.7, 
93.1, 65, 100.1, 102.4, 115.8, 102.6, 118.8, 72.2, 145.1, 130.4
), PSO.index = c(676, 106, 224, 158, 428, 263, 394, 591, 420, 
365, 532), PSO.n.solutions = c(568, 1190, 821, 534, 650, 103, 
465, 300, 437, 1003, 49), PSO.generations = c(100, 100, 100, 
100, 100, 100, 100, 100, 100, 100, 100), PSO.n.evaluations = c(2500, 
2500, 2500, 2500, 2500, 2500, 2500, 2500, 2500, 2500, 2500), 
    PSO.cpu.time = c(7860.738, 7724.517, 7779.968, 7766.65, 7758.79200000001, 
    7585.63699999999, 9840.504, 9861.628, 9792.37400000001, 10237.627, 
    9961.50399999999), RS.cost = c(3.18012, 1.04994, 2.06734, 
    2.72131, 1.93153, 2.04031, 0.28447, 3.14428, 2.9828, 11.73037, 
    1.96128), RS.gamma = c(-3.73536, -3.36223, -4.86168, -3.65855, 
    -4.07424, -4.68971, -4.37475, -4.21927, -5.12056, -3.23165, 
    -4.4976), RS.data.balancing = c(0, 0, 0, 0, 0, 0, 0, 0, 0, 
    0, 0), RS.feature.selection = c(0, 0, 0, 0, 0, 0, 0, 0, 0, 
    0, 0), RS.valid.acc = c(0.96013, 0.96368, 0.9621, 0.97029, 
    0.96315, 0.9661, 0.95751, 0.96032, 0.96551, 0.95274, 0.96325
    ), RS.test.acc = c(0.95425, 0.95842, 0.95755, 0.96594, 0.95499, 
    0.9621, 0.95406, 0.95376, 0.95291, 0.93776, 0.95444), RS.train.time = c(0.0336, 
    0.0356, 0.0328, 0.0421, 0.0408, 0.0375, 0.047, 0.0478, 0.0425, 
    0.0672, 0.0533), RS.n.support.vectors = c(83, 92.9, 64.6, 
    102.7, 100.9, 78.8, 111.4, 109.2, 72.8, 146.4, 107.6), RS.index = c(1441, 
    56, 743, 963, 167, 893, 104, 318, 1380, 428, 296), RS.n.solutions = c(1, 
    8, 3, 2, 3, 3, 4, 3, 1, 11, 2), RS.generations = c(100, 100, 
    100, 100, 100, 100, 100, 100, 100, 100, 100), RS.n.evaluations = c(2500, 
    2500, 2500, 2500, 2500, 2500, 2500, 2500, 2500, 2500, 2500
    ), RS.cpu.time = c(7819.407, 7767.054, 7723.401, 7821.249, 
    7686.81299999999, 8111.803, 9844.512, 10024.747, 10024.687, 
    10200.792, 10225.179), DF.cost = c(1, 1, 1, 1, 1, 1, 1, 1, 
    1, 1, 1), DF.gamma = c(0.0303, 0.0303, 0.0303, 0.0303, 0.0303, 
    0.0303, 0.0303, 0.0303, 0.0303, 0.0303, 0.0303), DF.data.balancing = c(0, 
    0, 0, 0, 0, 0, 0, 0, 0, 0, 0), DF.feature.selection = c(0, 
    0, 0, 0, 0, 0, 0, 0, 0, 0, 0), DF.valid.acc = c(0.93725, 
    0.95316, 0.95279, 0.95723, 0.94665, 0.94699, 0.9399, 0.94354, 
    0.94998, 0.94079, 0.94007), DF.test.acc = c(0.94281, 0.94789, 
    0.94348, 0.94437, 0.94232, 0.95455, 0.94002, 0.94365, 0.94988, 
    0.94062, 0.94301), DF.train.time = c(0.0303, 0.0343, 0.0333, 
    0.0345, 0.0368, 0.0439, 0.0484, 0.0458, 0.0524, 0.052, 0.0521
    ), DF.n.support.vectors = c(74.6, 75.6, 77.2, 79.6, 83.6, 
    89.1, 96.2, 99.9, 102.9, 106, 105.7), DF.index = c(1, 1, 
    1, 1, 1, 1, 1, 1, 1, 1, 1), DF.n.solutions = c(1, 1, 1, 1, 
    1, 1, 1, 1, 1, 1, 1), DF.generations = c(1, 1, 1, 1, 1, 1, 
    1, 1, 1, 1, 1), DF.n.evaluations = c(1, 1, 1, 1, 1, 1, 1, 
    1, 1, 1, 1), DF.cpu.time = c(2.909, 3.147, 2.95, 2.945, 2.899, 
    3.947, 4.116, 3.736, 4.138, 4.028, 3.85), SMBO.cost = c(1.12563891559141, 
    1.12563891559141, 1.12563891559141, 1.12563891559141, 1.12563891559141, 
    1.12563891559141, 1.12563891559141, 1.12563891559141, 1.12563891559141, 
    1.12563891559141, 1.12563891559141), SMBO.gamma = c(-2.69263571432792, 
    -2.69263571432792, -2.69263571432792, -2.69263571432792, 
    -2.69263571432792, -2.69263571432792, -2.69263571432792, 
    -2.69263571432792, -2.69263571432792, -2.69263571432792, 
    -2.69263571432792), SMBO.balanced.test.accuracy = c(0.962108653285124, 
    0.962108653285124, 0.962108653285124, 0.962108653285124, 
    0.962108653285124, 0.962108653285124, 0.962108653285124, 
    0.962108653285124, 0.962108653285124, 0.962108653285124, 
    0.962108653285124)), .Names = c("Sampling", "PSO.cost", "PSO.gamma", 
"PSO.data.balancing", "PSO.feature.selection", "PSO.valid.acc", 
"PSO.test.acc", "PSO.train.time", "PSO.n.support.vectors", "PSO.index", 
"PSO.n.solutions", "PSO.generations", "PSO.n.evaluations", "PSO.cpu.time", 
"RS.cost", "RS.gamma", "RS.data.balancing", "RS.feature.selection", 
"RS.valid.acc", "RS.test.acc", "RS.train.time", "RS.n.support.vectors", 
"RS.index", "RS.n.solutions", "RS.generations", "RS.n.evaluations", 
"RS.cpu.time", "DF.cost", "DF.gamma", "DF.data.balancing", "DF.feature.selection", 
"DF.valid.acc", "DF.test.acc", "DF.train.time", "DF.n.support.vectors", 
"DF.index", "DF.n.solutions", "DF.generations", "DF.n.evaluations", 
"DF.cpu.time", "SMBO.cost", "SMBO.gamma", "SMBO.balanced.test.accuracy"
), row.names = c(NA, -11L), class = "data.frame")
