new.sol <-
structure(list(Sampling = c(50, 55, 60, 65, 70, 75, 80, 85, 90, 
95, 100), PSO.cost = c(0.80521, -0.36533, -1.59766, 3.22095, 
1.55137, 4.12502, 3.50209, 5.00895, 3.14914, 2.59194, 2.28558
), PSO.gamma = c(-4.78429, -4.2002, -4.03253, -3.84217, -3.32358, 
-3.66383, -3.67622, -5.46326, -3.08795, -6.44086, -3.46379), 
    PSO.data.balancing = c(0, 0, 0, 0, 0, 0, 0, 0, 0, 0, 0), 
    PSO.feature.selection = c(0, 0, 0, 0, 0, 0, 0, 0, 0, 0, 0
    ), PSO.valid.acc = c(0.96533, 0.96368, 0.95736, 0.96522, 
    0.9595, 0.9698, 0.97155, 0.96364, 0.95291, 0.95856, 0.96258
    ), PSO.test.acc = c(0.95944, 0.95868, 0.94784, 0.95198, 0.9555, 
    0.9735, 0.95739, 0.9434, 0.95614, 0.94964, 0.95686), PSO.train.time = c(0.0316, 
    0.0352, 0.0362, 0.0427, 0.0462, 0.0468, 0.049, 0.0386, 0.0606, 
    0.0431, 0.064), PSO.n.support.vectors = c(72.9, 88.4, 111.3, 
    102.1, 114.4, 111.9, 118.2, 56.1, 148, 69.2, 147.9), PSO.index = c(178, 
    102, 2269, 674, 57, 761, 233, 743, 840, 343, 230), PSO.n.solutions = c(491, 
    735, 1027, 161, 242, 442, 800, 299, 48, 194, 563), PSO.generations = c(100, 
    100, 100, 100, 100, 100, 100, 100, 100, 100, 100), PSO.n.evaluations = c(2500, 
    2500, 2500, 2500, 2500, 2500, 2500, 2500, 2500, 2500, 2500
    ), PSO.cpu.time = c(7834.407, 7939.116, 7974.082, 8252.879, 
    8280.915, 8090.889, 8183.973, 7786.97200000001, 8161.54300000001, 
    8108.185, 8268.35399999999), RS.cost = c(2.04896, -0.50065, 
    0.23965, 3.10138, 0.64374, 3.82326, 3.52971, 6.77531, -0.81935, 
    2.5764, 1.5325), RS.gamma = c(-4.91048, -4.28077, -4.67152, 
    -3.80208, -3.32339, -3.65276, -3.66169, -6.631, -3.73475, 
    -6.39613, -3.63871), RS.data.balancing = c(0, 0, 0, 0, 0, 
    0, 0, 0, 0, 0, 0), RS.feature.selection = c(0, 0, 0, 0, 0, 
    0, 0, 0, 0, 0, 0), RS.valid.acc = c(0.96533, 0.96368, 0.95736, 
    0.96087, 0.9555, 0.9661, 0.97155, 0.96364, 0.95282, 0.95856, 
    0.9598), RS.test.acc = c(0.95944, 0.95868, 0.95736, 0.95198, 
    0.9515, 0.9698, 0.95739, 0.94363, 0.94344, 0.94964, 0.95678
    ), RS.train.time = c(0.0301, 0.0349, 0.037, 0.0427, 0.0454, 
    0.0437, 0.05, 0.0368, 0.0567, 0.0439, 0.0611), RS.n.support.vectors = c(65.6, 
    89.4, 85.8, 102.5, 114.8, 113.4, 118.9, 46.4, 145.6, 69.1, 
    145.4), RS.index = c(554, 870, 152, 473, 428, 379, 1483, 
    110, 126, 319, 1447), RS.n.solutions = c(1, 2, 10, 3, 7, 
    3, 1, 2, 1, 5, 1), RS.generations = c(100, 100, 100, 100, 
    100, 100, 100, 100, 100, 100, 100), RS.n.evaluations = c(2500, 
    2500, 2500, 2500, 2500, 2500, 2500, 2500, 2500, 2500, 2500
    ), RS.cpu.time = c(7878.316, 7986.881, 8143.841, 8230.465, 
    8112.73700000001, 8095.14200000001, 8047.63100000001, 8157.011, 
    8251.23999999999, 8311.701, 8350.75700000001), DF.cost = c(1, 
    1, 1, 1, 1, 1, 1, 1, 1, 1, 1), DF.gamma = c(0.0303, 0.0303, 
    0.0303, 0.0303, 0.0303, 0.0303, 0.0303, 0.0303, 0.0303, 0.0303, 
    0.0303), DF.data.balancing = c(0, 0, 0, 0, 0, 0, 0, 0, 0, 
    0, 0), DF.feature.selection = c(0, 0, 0, 0, 0, 0, 0, 0, 0, 
    0, 0), DF.valid.acc = c(0.95944, 0.94816, 0.94307, 0.94763, 
    0.94383, 0.94758, 0.93977, 0.95052, 0.93074, 0.94964, 0.93979
    ), DF.test.acc = c(0.95356, 0.94289, 0.9526, 0.94328, 0.95183, 
    0.94758, 0.94334, 0.94406, 0.94032, 0.94964, 0.94853), DF.train.time = c(0.0317, 
    0.034, 0.0361, 0.04, 0.039, 0.04, 0.0426, 0.0459, 0.0472, 
    0.0501, 0.0509), DF.n.support.vectors = c(73, 77.8, 80.9, 
    84.8, 87.5, 90, 92.6, 94.4, 97.6, 103.6, 105.8), DF.index = c(1, 
    1, 1, 1, 1, 1, 1, 1, 1, 1, 1), DF.n.solutions = c(1, 1, 1, 
    1, 1, 1, 1, 1, 1, 1, 1), DF.generations = c(1, 1, 1, 1, 1, 
    1, 1, 1, 1, 1, 1), DF.n.evaluations = c(1, 1, 1, 1, 1, 1, 
    1, 1, 1, 1, 1), DF.cpu.time = c(3.156, 3.178, 3.216, 3.3, 
    3.16, 3.198, 3.171, 3.195, 3.19, 3.179, 3.19), SMBO.cost = c(14.4884125789019, 
    14.4884125789019, 14.4884125789019, 14.4884125789019, 14.4884125789019, 
    14.4884125789019, 14.4884125789019, 14.4884125789019, 14.4884125789019, 
    14.4884125789019, 14.4884125789019), SMBO.gamma = c(-2.78026461027854, 
    -2.78026461027854, -2.78026461027854, -2.78026461027854, 
    -2.78026461027854, -2.78026461027854, -2.78026461027854, 
    -2.78026461027854, -2.78026461027854, -2.78026461027854, 
    -2.78026461027854), SMBO.balanced.test.accuracy = c(0.957439950041331, 
    0.957439950041331, 0.957439950041331, 0.957439950041331, 
    0.957439950041331, 0.957439950041331, 0.957439950041331, 
    0.957439950041331, 0.957439950041331, 0.957439950041331, 
    0.957439950041331)), .Names = c("Sampling", "PSO.cost", "PSO.gamma", 
"PSO.data.balancing", "PSO.feature.selection", "PSO.valid.acc", 
"PSO.test.acc", "PSO.train.time", "PSO.n.support.vectors", "PSO.index", 
"PSO.n.solutions", "PSO.generations", "PSO.n.evaluations", "PSO.cpu.time", 
"RS.cost", "RS.gamma", "RS.data.balancing", "RS.feature.selection", 
"RS.valid.acc", "RS.test.acc", "RS.train.time", "RS.n.support.vectors", 
"RS.index", "RS.n.solutions", "RS.generations", "RS.n.evaluations", 
"RS.cpu.time", "DF.cost", "DF.gamma", "DF.data.balancing", "DF.feature.selection", 
"DF.valid.acc", "DF.test.acc", "DF.train.time", "DF.n.support.vectors", 
"DF.index", "DF.n.solutions", "DF.generations", "DF.n.evaluations", 
"DF.cpu.time", "SMBO.cost", "SMBO.gamma", "SMBO.balanced.test.accuracy"
), row.names = c(NA, -11L), class = "data.frame")
