new.sol <-
structure(list(Sampling = c(50, 55, 60, 65, 70, 75, 80, 85, 90, 
95, 100), PSO.cost = c(0.19352, 9.314, -0.03196, 7.83668, 2.14714, 
3.4535, -0.00114, 0.58045, 3.69462, 11.39585, 1.80541), PSO.gamma = c(-3.48321, 
-3.71242, -4.31606, -3.17846, -3.45359, -6.44146, -4.5921, -4.83658, 
-3.71229, -3.25019, -3.34289), PSO.data.balancing = c(0, 0, 0, 
0, 0, 0, 0, 0, 0, 0, 0), PSO.feature.selection = c(0, 0, 0, 0, 
0, 0, 0, 0, 0, 0, 0), PSO.valid.acc = c(0.96111, 0.96395, 0.95734, 
0.95553, 0.95531, 0.96225, 0.95776, 0.96333, 0.96855, 0.96141, 
0.96292), PSO.test.acc = c(0.94412, 0.95316, 0.95234, 0.96008, 
0.95131, 0.95442, 0.95776, 0.96, 0.94636, 0.94358, 0.95434), 
    PSO.train.time = c(0.0331, 0.0352, 0.0366, 0.0418, 0.045, 
    0.0361, 0.0465, 0.0442, 0.0543, 0.0652, 0.0656), PSO.n.support.vectors = c(89.3, 
    87.4, 95.2, 110.1, 115.1, 56.4, 110, 97.4, 124.1, 144.4, 
    154.6), PSO.index = c(1068, 14, 4, 44, 371, 47, 1335, 182, 
    1449, 240, 663), PSO.n.solutions = c(116, 1057, 883, 1213, 
    528, 476, 32, 630, 25, 1046, 458), PSO.generations = c(100, 
    100, 100, 100, 100, 100, 100, 100, 100, 100, 100), PSO.n.evaluations = c(2500, 
    2500, 2500, 2500, 2500, 2500, 2500, 2500, 2500, 2500, 2500
    ), PSO.cpu.time = c(7117.541, 7319.967, 7716.344, 8010.069, 
    8089.05299999999, 7782.16100000001, 8019.88799999999, 7871.99799999999, 
    7917.34000000001, 8237.73499999999, 8462.47400000002), RS.cost = c(14.76083, 
    -0.03669, 1.21585, 14.80858, 2.15476, 3.69491, 4.36046, -0.42529, 
    3.72807, 9.7837, 3.89702), RS.gamma = c(-3.46412, -3.61956, 
    -4.39691, -3.27316, -3.49625, -6.04815, -3.98651, -4.51714, 
    -3.72045, -3.24175, -3.59237), RS.data.balancing = c(0, 0, 
    0, 0, 0, 0, 0, 0, 0, 0, 0), RS.feature.selection = c(0, 0, 
    0, 0, 0, 0, 0, 0, 0, 0, 0), RS.valid.acc = c(0.96078, 0.96395, 
    0.95734, 0.95553, 0.95531, 0.96225, 0.95764, 0.96333, 0.96855, 
    0.96141, 0.95704), RS.test.acc = c(0.94967, 0.94816, 0.94758, 
    0.95119, 0.95099, 0.95442, 0.94692, 0.95333, 0.94636, 0.94358, 
    0.94862), RS.train.time = c(0.0331, 0.036, 0.0362, 0.0437, 
    0.0453, 0.0355, 0.0445, 0.0518, 0.0499, 0.0595, 0.0575), 
    RS.n.support.vectors = c(86.1, 94.2, 84.8, 107.7, 114.3, 
    54.7, 107.3, 121.5, 123.9, 144.4, 138), RS.index = c(233, 
    375, 1377, 196, 377, 111, 214, 9, 1523, 308, 564), RS.n.solutions = c(3, 
    2, 3, 7, 1, 1, 1, 6, 1, 5, 1), RS.generations = c(100, 100, 
    100, 100, 100, 100, 100, 100, 100, 100, 100), RS.n.evaluations = c(2500, 
    2500, 2500, 2500, 2500, 2500, 2500, 2500, 2500, 2500, 2500
    ), RS.cpu.time = c(7146.382, 7386.191, 7827.507, 8014.702, 
    7988.08199999999, 8021.21399999999, 8146.696, 7958.26699999999, 
    8094.80900000001, 8255.20000000001, 8360.88699999999), DF.cost = c(1, 
    1, 1, 1, 1, 1, 1, 1, 1, 1, 1), DF.gamma = c(0.0303, 0.0303, 
    0.0303, 0.0303, 0.0303, 0.0303, 0.0303, 0.0303, 0.0303, 0.0303, 
    0.0303), DF.data.balancing = c(0, 0, 0, 0, 0, 0, 0, 0, 0, 
    0, 0), DF.feature.selection = c(0, 0, 0, 0, 0, 0, 0, 0, 0, 
    0, 0), DF.valid.acc = c(0.95, 0.94316, 0.93851, 0.93793, 
    0.94699, 0.94687, 0.94704, 0.95011, 0.94354, 0.94037, 0.93727
    ), DF.test.acc = c(0.94444, 0.94789, 0.93872, 0.93376, 0.94282, 
    0.94302, 0.94717, 0.95, 0.94676, 0.93743, 0.94013), DF.train.time = c(0.0305, 
    0.0322, 0.0341, 0.0382, 0.0392, 0.0407, 0.0419, 0.0464, 0.0451, 
    0.0484, 0.0546), DF.n.support.vectors = c(70.7, 73.8, 79.6, 
    83, 88.3, 93.3, 95.5, 98.9, 100.6, 105.5, 105.3), DF.index = c(1, 
    1, 1, 1, 1, 1, 1, 1, 1, 1, 1), DF.n.solutions = c(1, 1, 1, 
    1, 1, 1, 1, 1, 1, 1, 1), DF.generations = c(1, 1, 1, 1, 1, 
    1, 1, 1, 1, 1, 1), DF.n.evaluations = c(1, 1, 1, 1, 1, 1, 
    1, 1, 1, 1, 1), DF.cpu.time = c(2.881, 2.843, 3.096, 3.246, 
    3.105, 3.193, 3.099, 3.219, 3.023, 3.137, 3.457), SMBO.cost = c(0.211101242608858, 
    0.211101242608858, 0.211101242608858, 0.211101242608858, 
    0.211101242608858, 0.211101242608858, 0.211101242608858, 
    0.211101242608858, 0.211101242608858, 0.211101242608858, 
    0.211101242608858), SMBO.gamma = c(-4.01913432128727, -4.01913432128727, 
    -4.01913432128727, -4.01913432128727, -4.01913432128727, 
    -4.01913432128727, -4.01913432128727, -4.01913432128727, 
    -4.01913432128727, -4.01913432128727, -4.01913432128727), 
    SMBO.balanced.test.accuracy = c(0.952898527898528, 0.952898527898528, 
    0.952898527898528, 0.952898527898528, 0.952898527898528, 
    0.952898527898528, 0.952898527898528, 0.952898527898528, 
    0.952898527898528, 0.952898527898528, 0.952898527898528)), .Names = c("Sampling", 
"PSO.cost", "PSO.gamma", "PSO.data.balancing", "PSO.feature.selection", 
"PSO.valid.acc", "PSO.test.acc", "PSO.train.time", "PSO.n.support.vectors", 
"PSO.index", "PSO.n.solutions", "PSO.generations", "PSO.n.evaluations", 
"PSO.cpu.time", "RS.cost", "RS.gamma", "RS.data.balancing", "RS.feature.selection", 
"RS.valid.acc", "RS.test.acc", "RS.train.time", "RS.n.support.vectors", 
"RS.index", "RS.n.solutions", "RS.generations", "RS.n.evaluations", 
"RS.cpu.time", "DF.cost", "DF.gamma", "DF.data.balancing", "DF.feature.selection", 
"DF.valid.acc", "DF.test.acc", "DF.train.time", "DF.n.support.vectors", 
"DF.index", "DF.n.solutions", "DF.generations", "DF.n.evaluations", 
"DF.cpu.time", "SMBO.cost", "SMBO.gamma", "SMBO.balanced.test.accuracy"
), row.names = c(NA, -11L), class = "data.frame")
