new.sol <-
structure(list(Sampling = c(50, 55, 60, 65, 70, 75, 80, 85, 90, 
95, 100), PSO.cost = c(13.12038, -0.08075, 2.93395, 1.8818, 0.88322, 
2.70448, 1.47431, 2.93348, 6.62242, 0.97267, 1.42586), PSO.gamma = c(-4.10472, 
-3.95566, -4.06981, -3.84138, -3.76467, -4.08084, -3.30192, -3.38143, 
-3.44709, -3.57052, -4.30658), PSO.data.balancing = c(0, 0, 0, 
0, 0, 0, 0, 0, 0, 0, 0), PSO.feature.selection = c(0, 0, 0, 0, 
0, 0, 0, 0, 0, 0, 0), PSO.valid.acc = c(0.9598, 0.96368, 0.96234, 
0.96935, 0.95982, 0.95883, 0.95443, 0.9603, 0.96562, 0.95838, 
0.95435), PSO.test.acc = c(0.95425, 0.96395, 0.94848, 0.95212, 
0.95565, 0.95157, 0.94371, 0.96353, 0.95625, 0.94652, 0.94569
), PSO.train.time = c(0.031, 0.033, 0.0387, 0.0424, 0.0425, 0.044, 
0.0517, 0.0546, 0.057, 0.0618, 0.0601), PSO.n.support.vectors = c(72.8, 
88.7, 91.5, 102.7, 106.3, 102.8, 123.8, 127.5, 126.1, 142.4, 
126), PSO.index = c(29, 502, 302, 1292, 1425, 147, 301, 153, 
512, 837, 171), PSO.n.solutions = c(194, 685, 530, 54, 15, 580, 
699, 924, 65, 72, 1000), PSO.generations = c(100, 100, 100, 100, 
100, 100, 100, 100, 100, 100, 100), PSO.n.evaluations = c(2500, 
2500, 2500, 2500, 2500, 2500, 2500, 2500, 2500, 2500, 2500), 
    PSO.cpu.time = c(6994.747, 7471.796, 9224.444, 9175.518, 
    9225.52900000001, 9212.29000000001, 9448.37800000001, 9628.10499999998, 
    9897.33000000002, 9933.09299999999, 10061.363), RS.cost = c(6.1396, 
    0.09093, 2.82767, 0.78098, 0.39987, 2.61359, 1.26431, 3.13744, 
    5.58679, 1.571, 0.74684), RS.gamma = c(-4.1127, -3.93578, 
    -4.14935, -3.92193, -3.83541, -4.33064, -3.18871, -3.18042, 
    -3.26004, -3.67473, -4.4396), RS.data.balancing = c(0, 0, 
    0, 0, 0, 0, 0, 0, 0, 0, 0), RS.feature.selection = c(0, 0, 
    0, 0, 0, 0, 0, 0, 0, 0, 0), RS.valid.acc = c(0.9598, 0.96368, 
    0.96234, 0.96122, 0.95965, 0.95513, 0.95086, 0.9603, 0.9625, 
    0.95544, 0.95427), RS.test.acc = c(0.95425, 0.96395, 0.94848, 
    0.96122, 0.95565, 0.94772, 0.94026, 0.96342, 0.95938, 0.94358, 
    0.95141), RS.train.time = c(0.0316, 0.0347, 0.0415, 0.0423, 
    0.0432, 0.0428, 0.0508, 0.0545, 0.0609, 0.0605, 0.0553), 
    RS.n.support.vectors = c(72.8, 88.4, 90.9, 103.2, 105.6, 
    96.7, 125.6, 130.4, 131.8, 138.2, 125.3), RS.index = c(1270, 
    939, 2341, 927, 524, 389, 1835, 667, 335, 1950, 967), RS.n.solutions = c(4, 
    1, 1, 2, 2, 14, 1, 2, 19, 1, 2), RS.generations = c(100, 
    100, 100, 100, 100, 100, 100, 100, 100, 100, 100), RS.n.evaluations = c(2500, 
    2500, 2500, 2500, 2500, 2500, 2500, 2500, 2500, 2500, 2500
    ), RS.cpu.time = c(7051.404, 9193.377, 9227.32, 9152.497, 
    9221.791, 9249.71399999999, 9269.341, 9469.51699999999, 9871.20299999998, 
    10087.578, 10032.532), DF.cost = c(1, 1, 1, 1, 1, 1, 1, 1, 
    1, 1, 1), DF.gamma = c(0.0303, 0.0303, 0.0303, 0.0303, 0.0303, 
    0.0303, 0.0303, 0.0303, 0.0303, 0.0303, 0.0303), DF.data.balancing = c(0, 
    0, 0, 0, 0, 0, 0, 0, 0, 0, 0), DF.feature.selection = c(0, 
    0, 0, 0, 0, 0, 0, 0, 0, 0, 0), DF.valid.acc = c(0.94804, 
    0.93789, 0.93781, 0.93529, 0.94315, 0.94003, 0.93592, 0.93685, 
    0.94062, 0.9467, 0.93998), DF.test.acc = c(0.94869, 0.94842, 
    0.93327, 0.93946, 0.95132, 0.94758, 0.93936, 0.94019, 0.94062, 
    0.94661, 0.93704), DF.train.time = c(0.032, 0.0357, 0.0363, 
    0.0408, 0.0397, 0.0438, 0.0443, 0.049, 0.0505, 0.049, 0.0509
    ), DF.n.support.vectors = c(69.9, 75.4, 83.3, 86.4, 89.6, 
    93.8, 96, 100.7, 98.9, 103, 105.4), DF.index = c(1, 1, 1, 
    1, 1, 1, 1, 1, 1, 1, 1), DF.n.solutions = c(1, 1, 1, 1, 1, 
    1, 1, 1, 1, 1, 1), DF.generations = c(1, 1, 1, 1, 1, 1, 1, 
    1, 1, 1, 1), DF.n.evaluations = c(1, 1, 1, 1, 1, 1, 1, 1, 
    1, 1, 1), DF.cpu.time = c(2.951, 3.732, 3.56, 3.817, 3.544, 
    3.717, 3.568, 3.976, 4.015, 3.76, 3.733), SMBO.cost = c(0.289672959003806, 
    0.289672959003806, 0.289672959003806, 0.289672959003806, 
    0.289672959003806, 0.289672959003806, 0.289672959003806, 
    0.289672959003806, 0.289672959003806, 0.289672959003806, 
    0.289672959003806), SMBO.gamma = c(-3.15689635675633, -3.15689635675633, 
    -3.15689635675633, -3.15689635675633, -3.15689635675633, 
    -3.15689635675633, -3.15689635675633, -3.15689635675633, 
    -3.15689635675633, -3.15689635675633, -3.15689635675633), 
    SMBO.balanced.test.accuracy = c(0.953235733397705, 0.953235733397705, 
    0.953235733397705, 0.953235733397705, 0.953235733397705, 
    0.953235733397705, 0.953235733397705, 0.953235733397705, 
    0.953235733397705, 0.953235733397705, 0.953235733397705)), .Names = c("Sampling", 
"PSO.cost", "PSO.gamma", "PSO.data.balancing", "PSO.feature.selection", 
"PSO.valid.acc", "PSO.test.acc", "PSO.train.time", "PSO.n.support.vectors", 
"PSO.index", "PSO.n.solutions", "PSO.generations", "PSO.n.evaluations", 
"PSO.cpu.time", "RS.cost", "RS.gamma", "RS.data.balancing", "RS.feature.selection", 
"RS.valid.acc", "RS.test.acc", "RS.train.time", "RS.n.support.vectors", 
"RS.index", "RS.n.solutions", "RS.generations", "RS.n.evaluations", 
"RS.cpu.time", "DF.cost", "DF.gamma", "DF.data.balancing", "DF.feature.selection", 
"DF.valid.acc", "DF.test.acc", "DF.train.time", "DF.n.support.vectors", 
"DF.index", "DF.n.solutions", "DF.generations", "DF.n.evaluations", 
"DF.cpu.time", "SMBO.cost", "SMBO.gamma", "SMBO.balanced.test.accuracy"
), row.names = c(NA, -11L), class = "data.frame")
