new.sol <-
structure(list(Sampling = c(50, 55, 60, 65, 70, 75, 80, 85, 90, 
95, 100), PSO.cost = c(9.71966, 1.4283, 4.11, -1.66069, -0.12027, 
2.90071, 0.68702, 1.76384, 1.10233, 1.90692, 1.16162), PSO.gamma = c(-3.49964, 
-4.13026, -5.44445, -2.55293, -4.10837, -3.77697, -3.62852, -6.01225, 
-3.50668, -4.79616, -3.43571), PSO.data.balancing = c(0, 0, 0, 
0, 0, 0, 0, 0, 0, 0, 0), PSO.feature.selection = c(0, 0, 0, 0, 
0, 0, 0, 0, 0, 0, 0), PSO.valid.acc = c(0.94248, 0.95336, 0.9521, 
0.96103, 0.95967, 0.96211, 0.96108, 0.95376, 0.96249, 0.9557, 
0.9568), PSO.test.acc = c(0.92549, 0.94781, 0.92848, 0.95252, 
0.95167, 0.94288, 0.96121, 0.9472, 0.94989, 0.95276, 0.94823), 
    PSO.train.time = c(0.0341, 0.0345, 0.0314, 0.0428, 0.0421, 
    0.046, 0.0494, 0.0395, 0.0564, 0.0447, 0.0627), PSO.n.support.vectors = c(84, 
    85.4, 52.5, 139.4, 111.8, 114.1, 125.2, 71, 138.7, 86.4, 
    150.8), PSO.index = c(15, 374, 180, 521, 454, 278, 168, 517, 
    93, 336, 107), PSO.n.solutions = c(1195, 312, 951, 42, 705, 
    659, 214, 447, 887, 786, 1148), PSO.generations = c(100, 
    100, 100, 100, 100, 100, 100, 100, 100, 100, 100), PSO.n.evaluations = c(2500, 
    2500, 2500, 2500, 2500, 2500, 2500, 2500, 2500, 2500, 2500
    ), PSO.cpu.time = c(6999.648, 7057.124, 6967.767, 7160.929, 
    7225.384, 7329.855, 7423.057, 7168.598, 7536.908, 7318.27899999999, 
    7847.16099999999), RS.cost = c(5.8141, 2.11111, 1.64899, 
    0.45083, 1.24441, 3.77085, 0.79276, 2.83375, 0.99146, 1.70664, 
    2.03142), RS.gamma = c(-3.58265, -4.20732, -3.51091, -3.91454, 
    -4.08771, -3.65417, -3.6746, -6.20773, -3.50712, -4.75833, 
    -3.48469), RS.data.balancing = c(0, 0, 0, 0, 0, 0, 0, 0, 
    0, 0, 0), RS.feature.selection = c(0, 0, 0, 0, 0, 0, 0, 0, 
    0, 0, 0), RS.valid.acc = c(0.94248, 0.94836, 0.95234, 0.95687, 
    0.95567, 0.95826, 0.95764, 0.95043, 0.96249, 0.9557, 0.9568
    ), RS.test.acc = c(0.91961, 0.93254, 0.94258, 0.95687, 0.95567, 
    0.94288, 0.95764, 0.93731, 0.95302, 0.95276, 0.94823), RS.train.time = c(0.0337, 
    0.0345, 0.0389, 0.0392, 0.0426, 0.0465, 0.0486, 0.0389, 0.0556, 
    0.0461, 0.0633), RS.n.support.vectors = c(82.5, 84.7, 102.6, 
    104.2, 108, 112.1, 124.4, 63.5, 139.1, 88.9, 147.3), RS.index = c(339, 
    289, 117, 543, 581, 1933, 681, 1608, 398, 691, 966), RS.n.solutions = c(18, 
    2, 1, 1, 7, 10, 2, 1, 1, 1, 3), RS.generations = c(100, 100, 
    100, 100, 100, 100, 100, 100, 100, 100, 100), RS.n.evaluations = c(2500, 
    2500, 2500, 2500, 2500, 2500, 2500, 2500, 2500, 2500, 2500
    ), RS.cpu.time = c(7002.705, 7055.608, 7124.842, 7185.791, 
    7273.60799999999, 7337.569, 7444.98899999999, 7486.65000000001, 
    7544.61799999999, 7706.37700000001, 7863.514), DF.cost = c(1, 
    1, 1, 1, 1, 1, 1, 1, 1, 1, 1), DF.gamma = c(0.0303, 0.0303, 
    0.0303, 0.0303, 0.0303, 0.0303, 0.0303, 0.0303, 0.0303, 0.0303, 
    0.0303), DF.data.balancing = c(0, 0, 0, 0, 0, 0, 0, 0, 0, 
    0, 0), DF.feature.selection = c(0, 0, 0, 0, 0, 0, 0, 0, 0, 
    0, 0), DF.valid.acc = c(0.92582, 0.93836, 0.93303, 0.9389, 
    0.93967, 0.93547, 0.94372, 0.93054, 0.93436, 0.93821, 0.93418
    ), DF.test.acc = c(0.92582, 0.91836, 0.92755, 0.95234, 0.9435, 
    0.9319, 0.94027, 0.9372, 0.93436, 0.9383, 0.93981), DF.train.time = c(0.0316, 
    0.0329, 0.0348, 0.0368, 0.0386, 0.0405, 0.042, 0.0445, 0.0462, 
    0.0486, 0.0505), DF.n.support.vectors = c(76.6, 80.6, 84.5, 
    89.9, 92.1, 92, 95.3, 97.4, 102.7, 103.9, 106.6), DF.index = c(1, 
    1, 1, 1, 1, 1, 1, 1, 1, 1, 1), DF.n.solutions = c(1, 1, 1, 
    1, 1, 1, 1, 1, 1, 1, 1), DF.generations = c(1, 1, 1, 1, 1, 
    1, 1, 1, 1, 1, 1), DF.n.evaluations = c(1, 1, 1, 1, 1, 1, 
    1, 1, 1, 1, 1), DF.cpu.time = c(2.788, 2.794, 2.842, 2.804, 
    2.83, 2.843, 2.863, 2.913, 2.899, 2.966, 3.031), SMBO.cost = c(5.39918200208942, 
    5.39918200208942, 5.39918200208942, 5.39918200208942, 5.39918200208942, 
    5.39918200208942, 5.39918200208942, 5.39918200208942, 5.39918200208942, 
    5.39918200208942, 5.39918200208942), SMBO.gamma = c(-3.02724019643763, 
    -3.02724019643763, -3.02724019643763, -3.02724019643763, 
    -3.02724019643763, -3.02724019643763, -3.02724019643763, 
    -3.02724019643763, -3.02724019643763, -3.02724019643763, 
    -3.02724019643763), SMBO.balanced.test.accuracy = c(0.954765284816655, 
    0.954765284816655, 0.954765284816655, 0.954765284816655, 
    0.954765284816655, 0.954765284816655, 0.954765284816655, 
    0.954765284816655, 0.954765284816655, 0.954765284816655, 
    0.954765284816655)), .Names = c("Sampling", "PSO.cost", "PSO.gamma", 
"PSO.data.balancing", "PSO.feature.selection", "PSO.valid.acc", 
"PSO.test.acc", "PSO.train.time", "PSO.n.support.vectors", "PSO.index", 
"PSO.n.solutions", "PSO.generations", "PSO.n.evaluations", "PSO.cpu.time", 
"RS.cost", "RS.gamma", "RS.data.balancing", "RS.feature.selection", 
"RS.valid.acc", "RS.test.acc", "RS.train.time", "RS.n.support.vectors", 
"RS.index", "RS.n.solutions", "RS.generations", "RS.n.evaluations", 
"RS.cpu.time", "DF.cost", "DF.gamma", "DF.data.balancing", "DF.feature.selection", 
"DF.valid.acc", "DF.test.acc", "DF.train.time", "DF.n.support.vectors", 
"DF.index", "DF.n.solutions", "DF.generations", "DF.n.evaluations", 
"DF.cpu.time", "SMBO.cost", "SMBO.gamma", "SMBO.balanced.test.accuracy"
), row.names = c(NA, -11L), class = "data.frame")
