new.sol <-
structure(list(Sampling = c(50, 55, 60, 65, 70, 75, 80, 85, 90, 
95, 100), PSO.cost = c(0.60979, 13.83771, 0.77909, 0.91687, 0.9068, 
2.57567, 4.61458, 3.57001, 1.15508, 3.54798, 2.01412), PSO.gamma = c(-3.4212, 
-3.16584, -3.52398, -3.51716, -3.39906, -4.25677, -4.37984, -4.55903, 
-3.12066, -3.76095, -3.28686), PSO.data.balancing = c(0, 0, 0, 
0, 0, 0, 0, 0, 0, 0, 0), PSO.feature.selection = c(0, 0, 0, 0, 
0, 0, 0, 0, 0, 0, 0), PSO.valid.acc = c(0.94837, 0.95865, 0.95665, 
0.95632, 0.95983, 0.96225, 0.95813, 0.95687, 0.95291, 0.96738, 
0.96007), PSO.test.acc = c(0.94869, 0.93839, 0.94734, 0.95198, 
0.95183, 0.94302, 0.95456, 0.96032, 0.94637, 0.95241, 0.9515), 
    PSO.train.time = c(0.0332, 0.0354, 0.0377, 0.0406, 0.0426, 
    0.0444, 0.0412, 0.0412, 0.0615, 0.0542, 0.0684), PSO.n.support.vectors = c(88, 
    93.8, 99.1, 109.1, 117.4, 105.9, 92, 86.1, 146.3, 131.3, 
    154.9), PSO.index = c(109, 113, 167, 207, 337, 170, 1016, 
    1242, 729, 38, 210), PSO.n.solutions = c(732, 1115, 281, 
    721, 758, 852, 105, 47, 223, 488, 136), PSO.generations = c(100, 
    100, 100, 100, 100, 100, 100, 100, 100, 100, 100), PSO.n.evaluations = c(2500, 
    2500, 2500, 2500, 2500, 2500, 2500, 2500, 2500, 2500, 2500
    ), PSO.cpu.time = c(7458.094, 7552.736, 7577.163, 7691.771, 
    8251.196, 8335.565, 8417.64199999999, 8077.38800000001, 8261.969, 
    7859.50700000001, 8095.07000000001), RS.cost = c(-1.09469, 
    13.86565, -0.09916, 0.10043, 2.94576, 3.26715, 2.75277, 3.66812, 
    1.27384, 3.17835, 2.01832), RS.gamma = c(-4.04055, -3.10447, 
    -3.39586, -3.55203, -3.32396, -4.34492, -3.98238, -4.55963, 
    -3.09891, -3.63013, -3.2935), RS.data.balancing = c(0, 0, 
    0, 0, 0, 0, 0, 0, 0, 0, 0), RS.feature.selection = c(0, 0, 
    0, 0, 0, 0, 0, 0, 0, 0, 0), RS.valid.acc = c(0.94837, 0.95865, 
    0.95665, 0.95632, 0.95183, 0.95855, 0.95788, 0.95354, 0.94979, 
    0.96435, 0.96007), RS.test.acc = c(0.94281, 0.93839, 0.95665, 
    0.94328, 0.9395, 0.94316, 0.94741, 0.96032, 0.94325, 0.95829, 
    0.9515), RS.train.time = c(0.034, 0.0356, 0.0366, 0.0412, 
    0.0456, 0.0447, 0.05, 0.0443, 0.0582, 0.0551, 0.067), RS.n.support.vectors = c(90, 
    94.3, 102.9, 108.3, 115.4, 101.5, 118.7, 85.1, 147.3, 135.1, 
    154.6), RS.index = c(235, 18, 1276, 182, 120, 957, 516, 1130, 
    312, 732, 1821), RS.n.solutions = c(7, 11, 2, 2, 1, 1, 2, 
    4, 1, 1, 1), RS.generations = c(100, 100, 100, 100, 100, 
    100, 100, 100, 100, 100, 100), RS.n.evaluations = c(2500, 
    2500, 2500, 2500, 2500, 2500, 2500, 2500, 2500, 2500, 2500
    ), RS.cpu.time = c(7468.202, 7533.55, 7579.968, 8118.527, 
    8287.85299999999, 8435.89599999999, 8350.693, 8204.87700000001, 
    7896.579, 8051.56200000001, 8210.79300000001), DF.cost = c(1, 
    1, 1, 1, 1, 1, 1, 1, 1, 1, 1), DF.gamma = c(0.0303, 0.0303, 
    0.0303, 0.0303, 0.0303, 0.0303, 0.0303, 0.0303, 0.0303, 0.0303, 
    0.0303), DF.data.balancing = c(0, 0, 0, 0, 0, 0, 0, 0, 0, 
    0, 0), DF.feature.selection = c(0, 0, 0, 0, 0, 0, 0, 0, 0, 
    0, 0), DF.valid.acc = c(0.93134, 0.92678, 0.92396, 0.92569, 
    0.93117, 0.93561, 0.93337, 0.93375, 0.93689, 0.94643, 0.93721
    ), DF.test.acc = c(0.9317, 0.93705, 0.93327, 0.92569, 0.92717, 
    0.93932, 0.92956, 0.9373, 0.94011, 0.94643, 0.93435), DF.train.time = c(0.0295, 
    0.0318, 0.0339, 0.0352, 0.0396, 0.0436, 0.0413, 0.0451, 0.045, 
    0.0515, 0.0496), DF.n.support.vectors = c(72.4, 77.2, 82.5, 
    86.4, 91.3, 96, 100.2, 100.8, 104.2, 105.6, 107.4), DF.index = c(1, 
    1, 1, 1, 1, 1, 1, 1, 1, 1, 1), DF.n.solutions = c(1, 1, 1, 
    1, 1, 1, 1, 1, 1, 1, 1), DF.generations = c(1, 1, 1, 1, 1, 
    1, 1, 1, 1, 1, 1), DF.n.evaluations = c(1, 1, 1, 1, 1, 1, 
    1, 1, 1, 1, 1), DF.cpu.time = c(2.909, 2.961, 3.012, 3.179, 
    3.308, 3.326, 3.156, 3.206, 2.937, 3.229, 3.05), SMBO.cost = c(4.44685043023418, 
    4.44685043023418, 4.44685043023418, 4.44685043023418, 4.44685043023418, 
    4.44685043023418, 4.44685043023418, 4.44685043023418, 4.44685043023418, 
    4.44685043023418, 4.44685043023418), SMBO.gamma = c(-2.84818833525657, 
    -2.84818833525657, -2.84818833525657, -2.84818833525657, 
    -2.84818833525657, -2.84818833525657, -2.84818833525657, 
    -2.84818833525657, -2.84818833525657, -2.84818833525657, 
    -2.84818833525657), SMBO.balanced.test.accuracy = c(0.961659587602215, 
    0.961659587602215, 0.961659587602215, 0.961659587602215, 
    0.961659587602215, 0.961659587602215, 0.961659587602215, 
    0.961659587602215, 0.961659587602215, 0.961659587602215, 
    0.961659587602215)), .Names = c("Sampling", "PSO.cost", "PSO.gamma", 
"PSO.data.balancing", "PSO.feature.selection", "PSO.valid.acc", 
"PSO.test.acc", "PSO.train.time", "PSO.n.support.vectors", "PSO.index", 
"PSO.n.solutions", "PSO.generations", "PSO.n.evaluations", "PSO.cpu.time", 
"RS.cost", "RS.gamma", "RS.data.balancing", "RS.feature.selection", 
"RS.valid.acc", "RS.test.acc", "RS.train.time", "RS.n.support.vectors", 
"RS.index", "RS.n.solutions", "RS.generations", "RS.n.evaluations", 
"RS.cpu.time", "DF.cost", "DF.gamma", "DF.data.balancing", "DF.feature.selection", 
"DF.valid.acc", "DF.test.acc", "DF.train.time", "DF.n.support.vectors", 
"DF.index", "DF.n.solutions", "DF.generations", "DF.n.evaluations", 
"DF.cpu.time", "SMBO.cost", "SMBO.gamma", "SMBO.balanced.test.accuracy"
), row.names = c(NA, -11L), class = "data.frame")
