new.sol <-
structure(list(Sampling = c(50, 55, 60, 65, 70, 75, 80, 85, 90, 
95, 100), PSO.cost = c(6.3619, 6.40018, 9.13382, 6.61794, 2.78675, 
3.5514, 1.02433, 1, 10.75916, 1, 4.38908), PSO.gamma = c(-8.34323, 
-10.35185, -9.37899, -10.27508, -5.86582, -3.64646, -4.81745, 
0.05, -10.04409, 0.05, -6.35585), PSO.data.balancing = c(0, 0, 
0, 0, 0, 0, 0, 0, 0, 0, 0), PSO.feature.selection = c(0, 0, 0, 
0, 0, 0, 0, 0, 0, 0, 0), PSO.valid.acc = c(0.91889, 0.92963, 
0.9229, 0.92324, 0.93384, 0.92103, 0.91675, 0.91725, 0.91985, 
0.91429, 0.91672), PSO.test.acc = c(0.91163, 0.91607, 0.9104, 
0.91467, 0.92068, 0.91377, 0.9121, 0.91725, 0.90535, 0.91429, 
0.91113), PSO.train.time = c(0.026, 0.026, 0.0341, 0.0294, 0.0358, 
0.0588, 0.0452, 0.0524, 0.0662, 0.0587, 0.055), PSO.n.support.vectors = c(48.1, 
48.7, 57.5, 55.1, 83.5, 175.3, 115.1, 139.5, 93.3, 149.4, 119.3
), PSO.index = c(202, 153, 416, 474, 426, 402, 1168, 1, 794, 
1, 414), PSO.n.solutions = c(124, 101, 111, 83, 130, 116, 15, 
1794, 66, 1913, 7), PSO.generations = c(100, 100, 100, 100, 100, 
100, 100, 100, 100, 100, 100), PSO.n.evaluations = c(2500, 2500, 
2500, 2500, 2500, 2500, 2500, 2500, 2500, 2500, 2500), PSO.cpu.time = c(6728.786, 
6479.852, 6772.308, 6824.334, 6935.365, 7582.31299999999, 7913.995, 
7897.394, 7313.85000000001, 7805.673, 7544.39199999999), RS.cost = c(6.24093, 
7.21123, 8.91054, 5.12613, 3.20284, 6.53231, 9.67967, 1.76075, 
8.43692, 4.56319, 13.48371), RS.gamma = c(-8.40668, -11.12443, 
-9.26718, -8.56299, -6.47353, -3.60763, -12.88578, -11.12306, 
-8.95255, -11.41368, -3.11568), RS.data.balancing = c(0, 0, 0, 
0, 0, 0, 0, 0, 0, 0, 0), RS.feature.selection = c(0, 0, 0, 0, 
0, 0, 0, 0, 0, 0, 0), RS.valid.acc = c(0.91889, 0.92963, 0.9229, 
0.92324, 0.93128, 0.92103, 0.91675, 0.91725, 0.91985, 0.91429, 
0.91672), RS.test.acc = c(0.91163, 0.9194, 0.9104, 0.91467, 0.92068, 
0.91377, 0.91442, 0.91725, 0.90744, 0.91429, 0.90932), RS.train.time = c(0.0271, 
0.0254, 0.0337, 0.0312, 0.035, 0.0592, 0.0396, 0.0388, 0.0517, 
0.0463, 0.1077), RS.n.support.vectors = c(47.9, 48.3, 57.7, 58.3, 
75.8, 179.1, 69.8, 77.8, 92.5, 87.1, 305), RS.index = c(193, 
500, 1409, 591, 16, 99, 556, 1, 555, 1, 663), RS.n.solutions = c(7, 
9, 1, 1, 3, 15, 4, 1511, 3, 1475, 5), RS.generations = c(100, 
100, 100, 100, 100, 100, 100, 100, 100, 100, 100), RS.n.evaluations = c(2500, 
2500, 2500, 2500, 2500, 2500, 2500, 2500, 2500, 2500, 2500), 
    RS.cpu.time = c(6743.467, 6694.39, 7020.20400000001, 7090.082, 
    7367.147, 7422.05899999999, 7637.757, 7616.49799999999, 7655.859, 
    7828.641, 8020.78699999998), DF.cost = c(1, 1, 1, 1, 1, 1, 
    1, 1, 1, 1, 1), DF.gamma = c(0.05, 0.05, 0.05, 0.05, 0.05, 
    0.05, 0.05, 0.05, 0.05, 0.05, 0.05), DF.data.balancing = c(0, 
    0, 0, 0, 0, 0, 0, 0, 0, 0, 0), DF.feature.selection = c(0, 
    0, 0, 0, 0, 0, 0, 0, 0, 0, 0), DF.valid.acc = c(0.91863, 
    0.91607, 0.91059, 0.91745, 0.91805, 0.91865, 0.91442, 0.91725, 
    0.9116, 0.91429, 0.91487), DF.test.acc = c(0.91863, 0.91607, 
    0.91059, 0.91745, 0.91805, 0.91865, 0.91442, 0.91725, 0.9116, 
    0.91429, 0.91487), DF.train.time = c(0.0292, 0.0329, 0.0354, 
    0.0389, 0.0419, 0.0444, 0.049, 0.0487, 0.055, 0.0555, 0.0626
    ), DF.n.support.vectors = c(89.8, 100.5, 107.9, 114.9, 121.8, 
    125, 135, 139.5, 143.3, 149.4, 159.6), DF.index = c(1, 1, 
    1, 1, 1, 1, 1, 1, 1, 1, 1), DF.n.solutions = c(1, 1, 1, 1, 
    1, 1, 1, 1, 1, 1, 1), DF.generations = c(1, 1, 1, 1, 1, 1, 
    1, 1, 1, 1, 1), DF.n.evaluations = c(1, 1, 1, 1, 1, 1, 1, 
    1, 1, 1, 1), DF.cpu.time = c(2.647, 2.722, 2.725, 2.788, 
    2.835, 2.839, 2.905, 2.693, 2.936, 2.759, 2.962), SMBO.cost = c(9.70925171000494, 
    9.70925171000494, 9.70925171000494, 9.70925171000494, 9.70925171000494, 
    9.70925171000494, 9.70925171000494, 9.70925171000494, 9.70925171000494, 
    9.70925171000494, 9.70925171000494), SMBO.gamma = c(-9.9738688392802, 
    -9.9738688392802, -9.9738688392802, -9.9738688392802, -9.9738688392802, 
    -9.9738688392802, -9.9738688392802, -9.9738688392802, -9.9738688392802, 
    -9.9738688392802, -9.9738688392802), SMBO.balanced.test.accuracy = c(0.695264108223294, 
    0.695264108223294, 0.695264108223294, 0.695264108223294, 
    0.695264108223294, 0.695264108223294, 0.695264108223294, 
    0.695264108223294, 0.695264108223294, 0.695264108223294, 
    0.695264108223294)), .Names = c("Sampling", "PSO.cost", "PSO.gamma", 
"PSO.data.balancing", "PSO.feature.selection", "PSO.valid.acc", 
"PSO.test.acc", "PSO.train.time", "PSO.n.support.vectors", "PSO.index", 
"PSO.n.solutions", "PSO.generations", "PSO.n.evaluations", "PSO.cpu.time", 
"RS.cost", "RS.gamma", "RS.data.balancing", "RS.feature.selection", 
"RS.valid.acc", "RS.test.acc", "RS.train.time", "RS.n.support.vectors", 
"RS.index", "RS.n.solutions", "RS.generations", "RS.n.evaluations", 
"RS.cpu.time", "DF.cost", "DF.gamma", "DF.data.balancing", "DF.feature.selection", 
"DF.valid.acc", "DF.test.acc", "DF.train.time", "DF.n.support.vectors", 
"DF.index", "DF.n.solutions", "DF.generations", "DF.n.evaluations", 
"DF.cpu.time", "SMBO.cost", "SMBO.gamma", "SMBO.balanced.test.accuracy"
), row.names = c(NA, -11L), class = "data.frame")
