new.sol <-
structure(list(Sampling = c(50, 55, 60, 65, 70, 75, 80, 85, 90, 
95, 100), PSO.cost = c(6.49666, 3.84773, 4.74393, 14.31925, 1.28411, 
5.43774, 4.59588, 3.50317, 10.5524, 9.65565, 4.00219), PSO.gamma = c(-8.48021, 
-6.3845, -3.37293, -3.3555, -3.82275, -7.60862, -7.21608, -7.22936, 
-10.14688, -9.56578, -6.03174), PSO.data.balancing = c(0, 0, 
0, 0, 0, 0, 0, 0, 0, 0, 0), PSO.feature.selection = c(0, 0, 0, 
0, 0, 0, 0, 0, 0, 0, 0), PSO.valid.acc = c(0.91861, 0.92632, 
0.91381, 0.91753, 0.92623, 0.92609, 0.92837, 0.91725, 0.91372, 
0.91821, 0.93148), PSO.test.acc = c(0.91106, 0.91264, 0.91069, 
0.91753, 0.91805, 0.92353, 0.90754, 0.91942, 0.90548, 0.90836, 
0.92407), PSO.train.time = c(0.0258, 0.0306, 0.0519, 0.0524, 
0.0433, 0.0381, 0.0389, 0.0441, 0.0649, 0.0668, 0.0569), PSO.n.support.vectors = c(50.4, 
67.8, 177.4, 182.7, 143.2, 73.8, 78, 85.4, 93.4, 102.5, 121.2
), PSO.index = c(1716, 248, 152, 409, 1532, 472, 712, 540, 302, 
734, 2380), PSO.n.solutions = c(10, 152, 637, 58, 47, 550, 105, 
76, 51, 89, 1), PSO.generations = c(100, 100, 100, 100, 100, 
100, 100, 100, 100, 100, 100), PSO.n.evaluations = c(2500, 2500, 
2500, 2500, 2500, 2500, 2500, 2500, 2500, 2500, 2500), PSO.cpu.time = c(7520.12, 
7368.219, 7820.141, 7768.191, 7726.987, 7550.268, 7465.42599999999, 
8017.784, 8186.671, 8257.413, 7829.05799999999), RS.cost = c(4.31964, 
4.58728, 3.64583, 2.5824, 1.87041, 5.21924, 10.13139, 2.23272, 
12.33666, 10.04233, 2.88309), RS.gamma = c(-6.8709, -6.83153, 
-3.42, -7.12105, -3.52453, -7.41454, -9.93343, -6.14323, -11.13882, 
-9.81119, -5.34095), RS.data.balancing = c(0, 0, 0, 0, 0, 0, 
0, 0, 0, 0, 0), RS.feature.selection = c(0, 0, 0, 0, 0, 0, 0, 
0, 0, 0, 0), RS.valid.acc = c(0.91505, 0.92632, 0.91381, 0.92031, 
0.92089, 0.92359, 0.92615, 0.91725, 0.91372, 0.91821, 0.92962
), RS.test.acc = c(0.91875, 0.90586, 0.91069, 0.91451, 0.92068, 
0.92603, 0.91685, 0.91725, 0.9096, 0.91029, 0.92588), RS.train.time = c(0.0256, 
0.0304, 0.0454, 0.0306, 0.0521, 0.0385, 0.0484, 0.0419, 0.0787, 
0.0693, 0.0576), RS.n.support.vectors = c(59, 65.1, 171.6, 64, 
170.2, 75.6, 75.3, 94.3, 92.2, 101.9, 129.9), RS.index = c(1430, 
133, 118, 1678, 98, 515, 768, 243, 13, 1988, 559), RS.n.solutions = c(2, 
3, 37, 1, 10, 5, 1, 5, 3, 1, 1), RS.generations = c(100, 100, 
100, 100, 100, 100, 100, 100, 100, 100, 100), RS.n.evaluations = c(2500, 
2500, 2500, 2500, 2500, 2500, 2500, 2500, 2500, 2500, 2500), 
    RS.cpu.time = c(7497.588, 7487.388, 7530.04599999999, 7635.745, 
    7761.00200000001, 7837.621, 7934.85100000001, 7922.35399999999, 
    8107.277, 8295.03200000001, 8431.932), DF.cost = c(1, 1, 
    1, 1, 1, 1, 1, 1, 1, 1, 1), DF.gamma = c(0.05, 0.05, 0.05, 
    0.05, 0.05, 0.05, 0.05, 0.05, 0.05, 0.05, 0.05), DF.data.balancing = c(0, 
    0, 0, 0, 0, 0, 0, 0, 0, 0, 0), DF.feature.selection = c(0, 
    0, 0, 0, 0, 0, 0, 0, 0, 0, 0), DF.valid.acc = c(0.91133, 
    0.90931, 0.91372, 0.91745, 0.91805, 0.91621, 0.91912, 0.91507, 
    0.9116, 0.9104, 0.91487), DF.test.acc = c(0.91133, 0.90931, 
    0.91372, 0.91745, 0.91805, 0.91621, 0.91912, 0.91507, 0.9116, 
    0.9104, 0.91487), DF.train.time = c(0.0311, 0.0361, 0.0353, 
    0.0378, 0.0374, 0.0428, 0.0447, 0.0498, 0.0559, 0.0589, 0.0635
    ), DF.n.support.vectors = c(91.2, 98.4, 104.9, 105.9, 110.6, 
    113.8, 122.7, 136.1, 145.6, 157.8, 156.6), DF.index = c(1, 
    1, 1, 1, 1, 1, 1, 1, 1, 1, 1), DF.n.solutions = c(1, 1, 1, 
    1, 1, 1, 1, 1, 1, 1, 1), DF.generations = c(1, 1, 1, 1, 1, 
    1, 1, 1, 1, 1, 1), DF.n.evaluations = c(1, 1, 1, 1, 1, 1, 
    1, 1, 1, 1, 1), DF.cpu.time = c(2.951, 3.041, 2.89, 2.943, 
    2.973, 2.913, 2.889, 2.951, 3.093, 3.004, 3.141), SMBO.cost = c(10.940186026944, 
    10.940186026944, 10.940186026944, 10.940186026944, 10.940186026944, 
    10.940186026944, 10.940186026944, 10.940186026944, 10.940186026944, 
    10.940186026944, 10.940186026944), SMBO.gamma = c(-9.57535945615161, 
    -9.57535945615161, -9.57535945615161, -9.57535945615161, 
    -9.57535945615161, -9.57535945615161, -9.57535945615161, 
    -9.57535945615161, -9.57535945615161, -9.57535945615161, 
    -9.57535945615161), SMBO.balanced.test.accuracy = c(0.69246958343648, 
    0.69246958343648, 0.69246958343648, 0.69246958343648, 0.69246958343648, 
    0.69246958343648, 0.69246958343648, 0.69246958343648, 0.69246958343648, 
    0.69246958343648, 0.69246958343648)), .Names = c("Sampling", 
"PSO.cost", "PSO.gamma", "PSO.data.balancing", "PSO.feature.selection", 
"PSO.valid.acc", "PSO.test.acc", "PSO.train.time", "PSO.n.support.vectors", 
"PSO.index", "PSO.n.solutions", "PSO.generations", "PSO.n.evaluations", 
"PSO.cpu.time", "RS.cost", "RS.gamma", "RS.data.balancing", "RS.feature.selection", 
"RS.valid.acc", "RS.test.acc", "RS.train.time", "RS.n.support.vectors", 
"RS.index", "RS.n.solutions", "RS.generations", "RS.n.evaluations", 
"RS.cpu.time", "DF.cost", "DF.gamma", "DF.data.balancing", "DF.feature.selection", 
"DF.valid.acc", "DF.test.acc", "DF.train.time", "DF.n.support.vectors", 
"DF.index", "DF.n.solutions", "DF.generations", "DF.n.evaluations", 
"DF.cpu.time", "SMBO.cost", "SMBO.gamma", "SMBO.balanced.test.accuracy"
), row.names = c(NA, -11L), class = "data.frame")
