new.sol <-
structure(list(Sampling = c(50, 55, 60, 65, 70, 75, 80, 85, 90, 
95, 100), PSO.cost = c(3.11509, 1.76843, 3.70051, 14.00254, 0.52484, 
0.72268, 0.5272, 1.19465, 1, 1, 13.48964), PSO.gamma = c(-5.61538, 
-5.77336, -5.60529, -3.08598, -4.64093, -4.888, -4.4756, -3.19076, 
0.05, 0.05, -11.17656), PSO.data.balancing = c(0, 0, 0, 0, 0, 
0, 0, 0, 0, 0, 0), PSO.feature.selection = c(0, 0, 0, 0, 0, 0, 
0, 0, 0, 0, 0), PSO.valid.acc = c(0.90681, 0.91264, 0.92566, 
0.90904, 0.91028, 0.91372, 0.91442, 0.9172, 0.91565, 0.91817, 
0.92424), PSO.test.acc = c(0.88869, 0.89908, 0.90426, 0.90904, 
0.90758, 0.90872, 0.9075, 0.91285, 0.91565, 0.91817, 0.9241), 
    PSO.train.time = c(0.0267, 0.028, 0.0328, 0.058, 0.038, 0.04, 
    0.0445, 0.0799, 0.0535, 0.0564, 0.1285), PSO.n.support.vectors = c(70.6, 
    71.3, 84.6, 232.6, 108.2, 106.3, 122.7, 256.6, 147.5, 148.2, 
    103.9), PSO.index = c(1358, 2114, 1171, 62, 2456, 402, 33, 
    388, 1, 1, 1276), PSO.n.solutions = c(10, 2, 42, 843, 1, 
    226, 129, 52, 2046, 1977, 16), PSO.generations = c(100, 100, 
    100, 100, 100, 100, 100, 100, 100, 100, 100), PSO.n.evaluations = c(2500, 
    2500, 2500, 2500, 2500, 2500, 2500, 2500, 2500, 2500, 2500
    ), PSO.cpu.time = c(6800.642, 6695.246, 6780.984, 7387.512, 
    7436.378, 7241.024, 7638.655, 7818.90400000001, 8353.58899999999, 
    8547.215, 8130.10800000001), RS.cost = c(6.86062, 1.35687, 
    3.69761, 10.50851, 0.46206, 0.67836, 0.50667, 9.62449, -0.70053, 
    -1.82566, 14.21065), RS.gamma = c(-11.77939, -5.14188, -6.08064, 
    -3.0661, -4.5804, -4.73973, -4.4577, -12.6412, -4.99494, 
    -2.18339, -11.49646), RS.data.balancing = c(0, 0, 0, 0, 0, 
    0, 0, 0, 0, 0, 0), RS.feature.selection = c(0, 0, 0, 0, 0, 
    0, 0, 0, 0, 0, 0), RS.valid.acc = c(0.90393, 0.91609, 0.92254, 
    0.90904, 0.91028, 0.91372, 0.91442, 0.91502, 0.91565, 0.91817, 
    0.92238), RS.test.acc = c(0.90393, 0.89563, 0.9072, 0.9061, 
    0.90758, 0.90872, 0.9075, 0.91285, 0.91565, 0.91817, 0.92592
    ), RS.train.time = c(0.0246, 0.029, 0.031, 0.0586, 0.0376, 
    0.0399, 0.0456, 0.0446, 0.048, 0.1231, 0.1548), RS.n.support.vectors = c(51.5, 
    78.3, 77.9, 235.8, 109.6, 110.1, 123.6, 79.2, 122.9, 410.2, 
    103.8), RS.index = c(1, 1540, 2006, 11, 2236, 96, 715, 7, 
    2, 1, 799), RS.n.solutions = c(1562, 1, 1, 39, 1, 5, 2, 71, 
    1475, 1491, 3), RS.generations = c(100, 100, 100, 100, 100, 
    100, 100, 100, 100, 100, 100), RS.n.evaluations = c(2500, 
    2500, 2500, 2500, 2500, 2500, 2500, 2500, 2500, 2500, 2500
    ), RS.cpu.time = c(6718.187, 6902.773, 7078.818, 7176.546, 
    7288.012, 7443.04300000001, 7570.95299999999, 7788.159, 8036.27, 
    8155.04000000001, 8299.24900000001), DF.cost = c(1, 1, 1, 
    1, 1, 1, 1, 1, 1, 1, 1), DF.gamma = c(0.05, 0.05, 0.05, 0.05, 
    0.05, 0.05, 0.05, 0.05, 0.05, 0.05, 0.05), DF.data.balancing = c(0, 
    0, 0, 0, 0, 0, 0, 0, 0, 0, 0), DF.feature.selection = c(0, 
    0, 0, 0, 0, 0, 0, 0, 0, 0, 0), DF.valid.acc = c(0.90393, 
    0.90586, 0.90436, 0.9061, 0.90758, 0.91122, 0.9121, 0.91285, 
    0.91565, 0.91817, 0.91487), DF.test.acc = c(0.90393, 0.90586, 
    0.90436, 0.9061, 0.90758, 0.91122, 0.9121, 0.91285, 0.91565, 
    0.91817, 0.91487), DF.train.time = c(0.0286, 0.0315, 0.0345, 
    0.0366, 0.0399, 0.0426, 0.0466, 0.05, 0.0548, 0.0564, 0.063
    ), DF.n.support.vectors = c(93, 99.8, 107.9, 114.8, 119.2, 
    125.1, 130.2, 139.3, 147.5, 148.2, 160), DF.index = c(1, 
    1, 1, 1, 1, 1, 1, 1, 1, 1, 1), DF.n.solutions = c(1, 1, 1, 
    1, 1, 1, 1, 1, 1, 1, 1), DF.generations = c(1, 1, 1, 1, 1, 
    1, 1, 1, 1, 1, 1), DF.n.evaluations = c(1, 1, 1, 1, 1, 1, 
    1, 1, 1, 1, 1), DF.cpu.time = c(2.644, 2.652, 2.745, 2.758, 
    2.793, 2.825, 2.847, 2.924, 2.984, 2.965, 3.03), SMBO.cost = c(8.58875717922844, 
    8.58875717922844, 8.58875717922844, 8.58875717922844, 8.58875717922844, 
    8.58875717922844, 8.58875717922844, 8.58875717922844, 8.58875717922844, 
    8.58875717922844, 8.58875717922844), SMBO.gamma = c(-7.31970461069955, 
    -7.31970461069955, -7.31970461069955, -7.31970461069955, 
    -7.31970461069955, -7.31970461069955, -7.31970461069955, 
    -7.31970461069955, -7.31970461069955, -7.31970461069955, 
    -7.31970461069955), SMBO.balanced.test.accuracy = c(0.691129967367865, 
    0.691129967367865, 0.691129967367865, 0.691129967367865, 
    0.691129967367865, 0.691129967367865, 0.691129967367865, 
    0.691129967367865, 0.691129967367865, 0.691129967367865, 
    0.691129967367865)), .Names = c("Sampling", "PSO.cost", "PSO.gamma", 
"PSO.data.balancing", "PSO.feature.selection", "PSO.valid.acc", 
"PSO.test.acc", "PSO.train.time", "PSO.n.support.vectors", "PSO.index", 
"PSO.n.solutions", "PSO.generations", "PSO.n.evaluations", "PSO.cpu.time", 
"RS.cost", "RS.gamma", "RS.data.balancing", "RS.feature.selection", 
"RS.valid.acc", "RS.test.acc", "RS.train.time", "RS.n.support.vectors", 
"RS.index", "RS.n.solutions", "RS.generations", "RS.n.evaluations", 
"RS.cpu.time", "DF.cost", "DF.gamma", "DF.data.balancing", "DF.feature.selection", 
"DF.valid.acc", "DF.test.acc", "DF.train.time", "DF.n.support.vectors", 
"DF.index", "DF.n.solutions", "DF.generations", "DF.n.evaluations", 
"DF.cpu.time", "SMBO.cost", "SMBO.gamma", "SMBO.balanced.test.accuracy"
), row.names = c(NA, -11L), class = "data.frame")
