new.sol <-
structure(list(Sampling = c(50, 55, 60, 65, 70, 75, 80, 85, 90, 
95, 100), PSO.cost = c(4.50387, 1, 1, 1.43808, 5.34739, 1, 13.49137, 
1, 4.73766, 2.64338, 2.737), PSO.gamma = c(-4.37997, 0.05, 0.05, 
-2.89704, -4.17304, 0.05, -2.89441, 0.05, -8.7271, -5.50984, 
-4.75895), PSO.data.balancing = c(0, 0, 0, 0, 0, 0, 0, 0, 0, 
0, 0), PSO.feature.selection = c(0, 0, 0, 0, 0, 0, 0, 0, 0, 0, 
0), PSO.valid.acc = c(0.89259, 0.88922, 0.89222, 0.90066, 0.91292, 
0.90627, 0.90749, 0.90644, 0.9096, 0.92002, 0.91861), PSO.test.acc = c(0.88519, 
0.88922, 0.89222, 0.90352, 0.89941, 0.90627, 0.90517, 0.90644, 
0.90556, 0.92198, 0.91676), PSO.train.time = c(0.0316, 0.0329, 
0.0365, 0.0634, 0.0438, 0.046, 0.0901, 0.0528, 0.0456, 0.0556, 
0.061), PSO.n.support.vectors = c(98.2, 109, 112.4, 256.6, 126.3, 
129, 304.5, 144.8, 88.5, 122.5, 146.5), PSO.index = c(1631, 1, 
1, 203, 1150, 1, 121, 1, 330, 1522, 1486), PSO.n.solutions = c(1, 
2058, 1962, 215, 63, 2098, 319, 2094, 44, 14, 30), PSO.generations = c(100, 
100, 100, 100, 100, 100, 100, 100, 100, 100, 100), PSO.n.evaluations = c(2500, 
2500, 2500, 2500, 2500, 2500, 2500, 2500, 2500, 2500, 2500), 
    PSO.cpu.time = c(7281.106, 7637.492, 7624.177, 7767.385, 
    7517.475, 7746.56800000001, 8087.28300000001, 8058.52, 8529.965, 
    7775.41500000001, 8188.95699999999), RS.cost = c(6.12464, 
    0.61513, 6.83805, 5.63628, 2.4944, 12.36035, 12.32725, 4.46489, 
    10.94219, 3.2946, 2.70395), RS.gamma = c(-4.38429, -3.98304, 
    -0.95311, -2.89882, -4.20226, -14.00472, -2.8942, -14.3891, 
    -14.2037, -5.75373, -4.63619), RS.data.balancing = c(0, 0, 
    0, 0, 0, 0, 0, 0, 0, 0, 0), RS.feature.selection = c(0, 0, 
    0, 0, 0, 0, 0, 0, 0, 0, 0), RS.valid.acc = c(0.89259, 0.88944, 
    0.89222, 0.90066, 0.91035, 0.90633, 0.90749, 0.90644, 0.9096, 
    0.91805, 0.91672), RS.test.acc = c(0.88519, 0.8791, 0.89222, 
    0.90352, 0.89677, 0.89633, 0.90517, 0.90644, 0.90352, 0.92201, 
    0.91302), RS.train.time = c(0.0322, 0.0349, 0.0615, 0.0626, 
    0.0425, 0.0438, 0.0826, 0.0408, 0.0463, 0.0555, 0.0624), 
    RS.n.support.vectors = c(98.1, 123.5, 259.2, 256.4, 125.5, 
    73, 304.6, 84.2, 81.6, 120, 150.8), RS.index = c(292, 1447, 
    1, 149, 387, 1558, 237, 2, 31, 250, 2001), RS.n.solutions = c(2, 
    1, 1412, 6, 1, 1, 12, 1420, 17, 5, 1), RS.generations = c(100, 
    100, 100, 100, 100, 100, 100, 100, 100, 100, 100), RS.n.evaluations = c(2500, 
    2500, 2500, 2500, 2500, 2500, 2500, 2500, 2500, 2500, 2500
    ), RS.cpu.time = c(7232.335, 7386.163, 7549.062, 7688.741, 
    7691.875, 7942.75899999999, 7995.469, 8064.61300000001, 8337.736, 
    8317.84100000001, 8490.867), DF.cost = c(1, 1, 1, 1, 1, 1, 
    1, 1, 1, 1, 1), DF.gamma = c(0.05, 0.05, 0.05, 0.05, 0.05, 
    0.05, 0.05, 0.05, 0.05, 0.05, 0.05), DF.data.balancing = c(0, 
    0, 0, 0, 0, 0, 0, 0, 0, 0, 0), DF.feature.selection = c(0, 
    0, 0, 0, 0, 0, 0, 0, 0, 0, 0), DF.valid.acc = c(0.88889, 
    0.88922, 0.89222, 0.90058, 0.90495, 0.90627, 0.90517, 0.90644, 
    0.90956, 0.91236, 0.91487), DF.test.acc = c(0.88889, 0.88922, 
    0.89222, 0.90058, 0.90495, 0.90627, 0.90517, 0.90644, 0.90956, 
    0.91236, 0.91487), DF.train.time = c(0.0326, 0.0321, 0.0371, 
    0.0389, 0.0411, 0.0465, 0.0484, 0.0527, 0.0554, 0.0607, 0.0637
    ), DF.n.support.vectors = c(100.5, 109, 112.4, 117.2, 122.3, 
    129, 136.7, 144.8, 148.2, 155.2, 158.9), DF.index = c(1, 
    1, 1, 1, 1, 1, 1, 1, 1, 1, 1), DF.n.solutions = c(1, 1, 1, 
    1, 1, 1, 1, 1, 1, 1, 1), DF.generations = c(1, 1, 1, 1, 1, 
    1, 1, 1, 1, 1, 1), DF.n.evaluations = c(1, 1, 1, 1, 1, 1, 
    1, 1, 1, 1, 1), DF.cpu.time = c(2.924, 2.74, 2.928, 2.867, 
    2.791, 3.007, 3.075, 3.073, 3.007, 3.098, 3.037), SMBO.cost = c(12.2451718612667, 
    12.2451718612667, 12.2451718612667, 12.2451718612667, 12.2451718612667, 
    12.2451718612667, 12.2451718612667, 12.2451718612667, 12.2451718612667, 
    12.2451718612667, 12.2451718612667), SMBO.gamma = c(-8.46176426307298, 
    -8.46176426307298, -8.46176426307298, -8.46176426307298, 
    -8.46176426307298, -8.46176426307298, -8.46176426307298, 
    -8.46176426307298, -8.46176426307298, -8.46176426307298, 
    -8.46176426307298), SMBO.balanced.test.accuracy = c(0.697647059102168, 
    0.697647059102168, 0.697647059102168, 0.697647059102168, 
    0.697647059102168, 0.697647059102168, 0.697647059102168, 
    0.697647059102168, 0.697647059102168, 0.697647059102168, 
    0.697647059102168)), .Names = c("Sampling", "PSO.cost", "PSO.gamma", 
"PSO.data.balancing", "PSO.feature.selection", "PSO.valid.acc", 
"PSO.test.acc", "PSO.train.time", "PSO.n.support.vectors", "PSO.index", 
"PSO.n.solutions", "PSO.generations", "PSO.n.evaluations", "PSO.cpu.time", 
"RS.cost", "RS.gamma", "RS.data.balancing", "RS.feature.selection", 
"RS.valid.acc", "RS.test.acc", "RS.train.time", "RS.n.support.vectors", 
"RS.index", "RS.n.solutions", "RS.generations", "RS.n.evaluations", 
"RS.cpu.time", "DF.cost", "DF.gamma", "DF.data.balancing", "DF.feature.selection", 
"DF.valid.acc", "DF.test.acc", "DF.train.time", "DF.n.support.vectors", 
"DF.index", "DF.n.solutions", "DF.generations", "DF.n.evaluations", 
"DF.cpu.time", "SMBO.cost", "SMBO.gamma", "SMBO.balanced.test.accuracy"
), row.names = c(NA, -11L), class = "data.frame")
