new.sol <-
structure(list(Sampling = c(50, 55, 60, 65, 70, 75, 80, 85, 90, 
95, 100), PSO.cost = c(4.41524, 6.61296, 7.30919, 2.70095, 2.68244, 
10.93417, 2.71406, 4.08089, 2.64731, 15, 6.34329), PSO.gamma = c(-6.96839, 
-7.3652, -4.50484, -5.0838, -5.0997, -14.35206, -6.01236, -7.27959, 
-2.93283, -12.23743, -7.54539), PSO.data.balancing = c(0, 0, 
0, 0, 0, 0, 0, 0, 0, 0, 0), PSO.feature.selection = c(0, 0, 0, 
0, 0, 0, 0, 0, 0, 0, 0), PSO.valid.acc = c(0.93704, 0.92974, 
0.92622, 0.9319, 0.93135, 0.91866, 0.91939, 0.91725, 0.91769, 
0.92401, 0.91682), PSO.test.acc = c(0.91852, 0.91618, 0.90746, 
0.91752, 0.91023, 0.91366, 0.91933, 0.9085, 0.91356, 0.91417, 
0.91665), PSO.train.time = c(0.0259, 0.0287, 0.0323, 0.035, 0.0376, 
0.0344, 0.0404, 0.0427, 0.0995, 0.1543, 0.0585), PSO.n.support.vectors = c(54.8, 
62.8, 93.8, 91.3, 97.1, 65.6, 91.2, 90.9, 318.1, 99.9, 107.8), 
    PSO.index = c(319, 790, 61, 1741, 579, 15, 1500, 34, 164, 
    1292, 1282), PSO.n.solutions = c(99, 116, 683, 2, 476, 101, 
    21, 110, 170, 9, 18), PSO.generations = c(100, 100, 100, 
    100, 100, 100, 100, 100, 100, 100, 100), PSO.n.evaluations = c(2500, 
    2500, 2500, 2500, 2500, 2500, 2500, 2500, 2500, 2500, 2500
    ), PSO.cpu.time = c(6572.826, 6581.424, 6486.189, 6647.213, 
    6624.443, 6784.83900000001, 6977.68000000001, 7143.39600000001, 
    8009.99299999999, 8091.768, 8289.47199999998), RS.cost = c(4.72729, 
    6.73186, 6.29753, 2.81149, 2.72931, 8.11523, 14.99218, 6.48965, 
    9.80667, 13.45049, 5.97708), RS.gamma = c(-7.0567, -7.46009, 
    -4.47495, -5.47002, -5.12494, -11.44769, -14.15281, -8.95668, 
    -13.2106, -11.38024, -7.32048), RS.data.balancing = c(0, 
    0, 0, 0, 0, 0, 0, 0, 0, 0, 0), RS.feature.selection = c(0, 
    0, 0, 0, 0, 0, 0, 0, 0, 0, 0), RS.valid.acc = c(0.93333, 
    0.92974, 0.92622, 0.92912, 0.93135, 0.91866, 0.91949, 0.91725, 
    0.91773, 0.92201, 0.91682), RS.test.acc = c(0.91852, 0.91618, 
    0.90746, 0.91752, 0.91023, 0.91122, 0.90088, 0.91285, 0.9094, 
    0.91609, 0.91484), RS.train.time = c(0.0261, 0.0292, 0.0329, 
    0.0337, 0.0369, 0.0356, 0.0544, 0.0429, 0.0509, 0.1182, 0.0585
    ), RS.n.support.vectors = c(55.3, 61.9, 95, 82.9, 96.8, 66.4, 
    65.9, 84, 83.8, 101, 109.1), RS.index = c(241, 1418, 2, 352, 
    207, 18, 873, 130, 2308, 35, 1669), RS.n.solutions = c(12, 
    1, 28, 2, 1, 6, 1, 11, 1, 8, 3), RS.generations = c(100, 
    100, 100, 100, 100, 100, 100, 100, 100, 100, 100), RS.n.evaluations = c(2500, 
    2500, 2500, 2500, 2500, 2500, 2500, 2500, 2500, 2500, 2500
    ), RS.cpu.time = c(6711.885, 6659.821, 6649.503, 6835.953, 
    6887.15399999999, 7158.64599999999, 7265.18000000001, 7508.777, 
    7782.62700000001, 7999.682, 8059.88), DF.cost = c(1, 1, 1, 
    1, 1, 1, 1, 1, 1, 1, 1), DF.gamma = c(0.05, 0.05, 0.05, 0.05, 
    0.05, 0.05, 0.05, 0.05, 0.05, 0.05, 0.05), DF.data.balancing = c(0, 
    0, 0, 0, 0, 0, 0, 0, 0, 0, 0), DF.feature.selection = c(0, 
    0, 0, 0, 0, 0, 0, 0, 0, 0, 0), DF.valid.acc = c(0.92593, 
    0.92274, 0.92309, 0.92324, 0.91542, 0.91372, 0.91447, 0.91285, 
    0.91565, 0.91432, 0.9149), DF.test.acc = c(0.92593, 0.92274, 
    0.92309, 0.92324, 0.91542, 0.91372, 0.91447, 0.91285, 0.91565, 
    0.91432, 0.9149), DF.train.time = c(0.0281, 0.0303, 0.0328, 
    0.0366, 0.0396, 0.0426, 0.0453, 0.0517, 0.0543, 0.06, 0.0633
    ), DF.n.support.vectors = c(87.7, 91.2, 98, 106.9, 111.9, 
    120.1, 127.3, 137.9, 141.1, 156.2, 159.2), DF.index = c(1, 
    1, 1, 1, 1, 1, 1, 1, 1, 1, 1), DF.n.solutions = c(1, 1, 1, 
    1, 1, 1, 1, 1, 1, 1, 1), DF.generations = c(1, 1, 1, 1, 1, 
    1, 1, 1, 1, 1, 1), DF.n.evaluations = c(1, 1, 1, 1, 1, 1, 
    1, 1, 1, 1, 1), DF.cpu.time = c(2.654, 2.525, 2.556, 2.648, 
    2.7, 2.688, 2.731, 2.855, 2.88, 2.916, 2.958), SMBO.cost = c(14.9623914647581, 
    14.9623914647581, 14.9623914647581, 14.9623914647581, 14.9623914647581, 
    14.9623914647581, 14.9623914647581, 14.9623914647581, 14.9623914647581, 
    14.9623914647581, 14.9623914647581), SMBO.gamma = c(-11.4627537462778, 
    -11.4627537462778, -11.4627537462778, -11.4627537462778, 
    -11.4627537462778, -11.4627537462778, -11.4627537462778, 
    -11.4627537462778, -11.4627537462778, -11.4627537462778, 
    -11.4627537462778), SMBO.balanced.test.accuracy = c(0.737333983108631, 
    0.737333983108631, 0.737333983108631, 0.737333983108631, 
    0.737333983108631, 0.737333983108631, 0.737333983108631, 
    0.737333983108631, 0.737333983108631, 0.737333983108631, 
    0.737333983108631)), .Names = c("Sampling", "PSO.cost", "PSO.gamma", 
"PSO.data.balancing", "PSO.feature.selection", "PSO.valid.acc", 
"PSO.test.acc", "PSO.train.time", "PSO.n.support.vectors", "PSO.index", 
"PSO.n.solutions", "PSO.generations", "PSO.n.evaluations", "PSO.cpu.time", 
"RS.cost", "RS.gamma", "RS.data.balancing", "RS.feature.selection", 
"RS.valid.acc", "RS.test.acc", "RS.train.time", "RS.n.support.vectors", 
"RS.index", "RS.n.solutions", "RS.generations", "RS.n.evaluations", 
"RS.cpu.time", "DF.cost", "DF.gamma", "DF.data.balancing", "DF.feature.selection", 
"DF.valid.acc", "DF.test.acc", "DF.train.time", "DF.n.support.vectors", 
"DF.index", "DF.n.solutions", "DF.generations", "DF.n.evaluations", 
"DF.cpu.time", "SMBO.cost", "SMBO.gamma", "SMBO.balanced.test.accuracy"
), row.names = c(NA, -11L), class = "data.frame")
