new.sol <-
structure(list(Sampling = c(50, 55, 60, 65, 70, 75, 80, 85, 90, 
95, 100), PSO.cost = c(1, 1, 1.39613, 1, 1, 1, 0.94629, 2.0367, 
3.29684, 6.75297, 2.22586), PSO.gamma = c(0.05, 0.05, -4.90796, 
0.05, 0.05, 0.05, -4.82938, -3.28944, -6.44882, -8.81095, -4.67646
), PSO.data.balancing = c(0, 0, 0, 0, 0, 0, 0, 0, 0, 0, 0), PSO.feature.selection = c(0, 
0, 0, 0, 0, 0, 0, 0, 0, 0, 0), PSO.valid.acc = c(0.91874, 0.91616, 
0.91667, 0.91452, 0.91805, 0.9186, 0.91907, 0.91946, 0.92188, 
0.92602, 0.92042), PSO.test.acc = c(0.91874, 0.91616, 0.91364, 
0.91452, 0.91805, 0.9186, 0.91679, 0.91729, 0.90946, 0.92213, 
0.91305), PSO.train.time = c(0.0325, 0.0325, 0.0333, 0.038, 0.0411, 
0.0427, 0.0453, 0.081, 0.0467, 0.0531, 0.0675), PSO.n.support.vectors = c(95.2, 
100.8, 94.3, 114.5, 120.1, 125.6, 116.7, 243.7, 103, 94.3, 149.4
), PSO.index = c(1, 1, 1097, 1, 1, 1, 111, 26, 496, 458, 1095
), PSO.n.solutions = c(2122, 2082, 34, 2079, 2093, 1906, 67, 
680, 39, 24, 71), PSO.generations = c(100, 100, 100, 100, 100, 
100, 100, 100, 100, 100, 100), PSO.n.evaluations = c(2500, 2500, 
2500, 2500, 2500, 2500, 2500, 2500, 2500, 2500, 2500), PSO.cpu.time = c(7466.612, 
7768.772, 7746.954, 7984.34899999999, 8349.825, 8051.928, 8198.928, 
8450.10800000001, 8321.49000000001, 10590.333, 11026.188), RS.cost = c(9.72423, 
5.45362, 2.03021, 4.85504, 12.51234, 0.44763, 2.42883, 8.1149, 
13.40056, 4.59204, 2.28394), RS.gamma = c(-0.93982, -1.9622, 
-5.61102, -8.76327, 0.80339, -9.94559, -6.56525, -3.20921, -12.39757, 
-7.4655, -4.76092), RS.data.balancing = c(0, 0, 0, 0, 0, 0, 0, 
0, 0, 0, 0), RS.feature.selection = c(0, 0, 0, 0, 0, 0, 0, 0, 
0, 0, 0), RS.valid.acc = c(0.91874, 0.91616, 0.91667, 0.9146, 
0.91805, 0.9186, 0.91907, 0.91946, 0.92184, 0.92602, 0.91861), 
    RS.test.acc = c(0.91874, 0.91616, 0.91364, 0.9146, 0.91805, 
    0.9186, 0.91679, 0.91946, 0.91359, 0.91433, 0.91305), RS.train.time = c(0.0473, 
    0.0518, 0.0318, 0.0317, 0.0869, 0.0334, 0.0405, 0.0824, 0.0749, 
    0.0524, 0.0645), RS.n.support.vectors = c(216, 237.6, 83.4, 
    63.6, 302.4, 69.1, 88.5, 257.2, 82.7, 100.7, 146.9), RS.index = c(2, 
    1, 539, 331, 1, 1, 714, 71, 992, 2445, 2089), RS.n.solutions = c(1562, 
    1485, 1, 3, 1508, 1467, 6, 17, 5, 1, 1), RS.generations = c(100, 
    100, 100, 100, 100, 100, 100, 100, 100, 100, 100), RS.n.evaluations = c(2500, 
    2500, 2500, 2500, 2500, 2500, 2500, 2500, 2500, 2500, 2500
    ), RS.cpu.time = c(7460.577, 7420.57, 7671.878, 7777.306, 
    7841.933, 7968.598, 8126.602, 8117.974, 10976.361, 11165.834, 
    11156.761), DF.cost = c(1, 1, 1, 1, 1, 1, 1, 1, 1, 1, 1), 
    DF.gamma = c(0.05, 0.05, 0.05, 0.05, 0.05, 0.05, 0.05, 0.05, 
    0.05, 0.05, 0.05), DF.data.balancing = c(0, 0, 0, 0, 0, 0, 
    0, 0, 0, 0, 0), DF.feature.selection = c(0, 0, 0, 0, 0, 0, 
    0, 0, 0, 0, 0), DF.valid.acc = c(0.91874, 0.91616, 0.91364, 
    0.91452, 0.91805, 0.9186, 0.91679, 0.91729, 0.91367, 0.91625, 
    0.9149), DF.test.acc = c(0.91874, 0.91616, 0.91364, 0.91452, 
    0.91805, 0.9186, 0.91679, 0.91729, 0.91367, 0.91625, 0.9149
    ), DF.train.time = c(0.0311, 0.0324, 0.0358, 0.0384, 0.0392, 
    0.0444, 0.0482, 0.0511, 0.0593, 0.0607, 0.0658), DF.n.support.vectors = c(95.2, 
    100.8, 109.7, 114.5, 120.1, 125.6, 137.1, 141.3, 148.1, 154.5, 
    158.2), DF.index = c(1, 1, 1, 1, 1, 1, 1, 1, 1, 1, 1), DF.n.solutions = c(1, 
    1, 1, 1, 1, 1, 1, 1, 1, 1, 1), DF.generations = c(1, 1, 1, 
    1, 1, 1, 1, 1, 1, 1, 1), DF.n.evaluations = c(1, 1, 1, 1, 
    1, 1, 1, 1, 1, 1, 1), DF.cpu.time = c(2.885, 2.918, 2.955, 
    2.976, 2.767, 3.046, 3.079, 3.007, 4.212, 4.244, 4.184), 
    SMBO.cost = c(12.7815471594352, 12.7815471594352, 12.7815471594352, 
    12.7815471594352, 12.7815471594352, 12.7815471594352, 12.7815471594352, 
    12.7815471594352, 12.7815471594352, 12.7815471594352, 12.7815471594352
    ), SMBO.gamma = c(-7.58113585829443, -7.58113585829443, -7.58113585829443, 
    -7.58113585829443, -7.58113585829443, -7.58113585829443, 
    -7.58113585829443, -7.58113585829443, -7.58113585829443, 
    -7.58113585829443, -7.58113585829443), SMBO.balanced.test.accuracy = c(0.693653355984272, 
    0.693653355984272, 0.693653355984272, 0.693653355984272, 
    0.693653355984272, 0.693653355984272, 0.693653355984272, 
    0.693653355984272, 0.693653355984272, 0.693653355984272, 
    0.693653355984272)), .Names = c("Sampling", "PSO.cost", "PSO.gamma", 
"PSO.data.balancing", "PSO.feature.selection", "PSO.valid.acc", 
"PSO.test.acc", "PSO.train.time", "PSO.n.support.vectors", "PSO.index", 
"PSO.n.solutions", "PSO.generations", "PSO.n.evaluations", "PSO.cpu.time", 
"RS.cost", "RS.gamma", "RS.data.balancing", "RS.feature.selection", 
"RS.valid.acc", "RS.test.acc", "RS.train.time", "RS.n.support.vectors", 
"RS.index", "RS.n.solutions", "RS.generations", "RS.n.evaluations", 
"RS.cpu.time", "DF.cost", "DF.gamma", "DF.data.balancing", "DF.feature.selection", 
"DF.valid.acc", "DF.test.acc", "DF.train.time", "DF.n.support.vectors", 
"DF.index", "DF.n.solutions", "DF.generations", "DF.n.evaluations", 
"DF.cpu.time", "SMBO.cost", "SMBO.gamma", "SMBO.balanced.test.accuracy"
), row.names = c(NA, -11L), class = "data.frame")
