new.sol <-
structure(list(Sampling = c(50, 55, 60, 65, 70, 75, 80, 85, 90, 
95, 100), PSO.cost = c(12.7744, 8.66018, 5.70593, 1.28735, 7.79772, 
1.84401, 8.53183, 0.87267, 0.95893, 10.00623, 14.90759), PSO.gamma = c(-3.17576, 
-3.11372, -3.3283, -3.44898, -3.42083, -5.33907, -3.15573, -3.3312, 
-3.0185, -3.24041, -3.0388), PSO.data.balancing = c(0, 0, 0, 
0, 0, 0, 0, 0, 0, 0, 0), PSO.feature.selection = c(0, 0, 0, 0, 
0, 0, 0, 0, 0, 0, 0), PSO.valid.acc = c(0.92963, 0.9293, 0.92926, 
0.92887, 0.92873, 0.92835, 0.92833, 0.93254, 0.9301, 0.92398, 
0.91669), PSO.test.acc = c(0.92963, 0.9293, 0.91989, 0.92046, 
0.92866, 0.92335, 0.92833, 0.92815, 0.92806, 0.91621, 0.91484
), PSO.train.time = c(0.0429, 0.0463, 0.0475, 0.0507, 0.0544, 
0.0399, 0.0732, 0.0686, 0.0996, 0.0917, 0.1146), PSO.n.support.vectors = c(179.3, 
199.6, 174.7, 168.5, 176.6, 96.2, 235.6, 215.6, 296.3, 258.3, 
322.7), PSO.index = c(21, 19, 744, 1156, 64, 1155, 40, 1099, 
95, 69, 12), PSO.n.solutions = c(923, 735, 192, 58, 440, 31, 
264, 66, 588, 1095, 445), PSO.generations = c(100, 100, 100, 
100, 100, 100, 100, 100, 100, 100, 100), PSO.n.evaluations = c(2500, 
2500, 2500, 2500, 2500, 2500, 2500, 2500, 2500, 2500, 2500), 
    PSO.cpu.time = c(7490.595, 7570.793, 7502.955, 7547.355, 
    7705.911, 8007.68299999999, 8076.954, 8279.53199999999, 8528.14499999999, 
    8834.93100000001, 9063.79699999999), RS.cost = c(8.09907, 
    9.23507, 7.78437, 4.42273, 1.29335, 5.36844, 13.09787, 1.66749, 
    14.43005, 13.35294, 0.96773), RS.gamma = c(-3.26086, -3.25398, 
    -3.33149, -3.27663, -3.38367, -3.0682, -3.14938, -5.42076, 
    -3.00562, -3.25736, -3.06015), RS.data.balancing = c(0, 0, 
    0, 0, 0, 0, 0, 0, 0, 0, 0), RS.feature.selection = c(0, 0, 
    0, 0, 0, 0, 0, 0, 0, 0, 0), RS.valid.acc = c(0.92963, 0.9293, 
    0.92926, 0.92609, 0.92873, 0.92591, 0.92833, 0.93037, 0.9301, 
    0.92398, 0.91669), RS.test.acc = c(0.92963, 0.9293, 0.91989, 
    0.92331, 0.93129, 0.92098, 0.92833, 0.92602, 0.92806, 0.91814, 
    0.91302), RS.train.time = c(0.0407, 0.0441, 0.0487, 0.0542, 
    0.0556, 0.072, 0.0741, 0.0429, 0.0957, 0.091, 0.113), RS.n.support.vectors = c(168, 
    180.3, 174.1, 192.7, 182.7, 253.5, 237.3, 99.4, 298, 254.6, 
    318.1), RS.index = c(5, 309, 1477, 89, 152, 38, 974, 2286, 
    100, 586, 25), RS.n.solutions = c(35, 35, 1, 26, 31, 21, 
    4, 1, 28, 8, 17), RS.generations = c(100, 100, 100, 100, 
    100, 100, 100, 100, 100, 100, 100), RS.n.evaluations = c(2500, 
    2500, 2500, 2500, 2500, 2500, 2500, 2500, 2500, 2500, 2500
    ), RS.cpu.time = c(7346.476, 7372.61, 7438.217, 7563.16, 
    7683.857, 7835.96399999999, 8068.09800000001, 8201.673, 8386.33600000001, 
    8511.973, 8680.29300000001), DF.cost = c(1, 1, 1, 1, 1, 1, 
    1, 1, 1, 1, 1), DF.gamma = c(0.05, 0.05, 0.05, 0.05, 0.05, 
    0.05, 0.05, 0.05, 0.05, 0.05, 0.05), DF.data.balancing = c(0, 
    0, 0, 0, 0, 0, 0, 0, 0, 0, 0), DF.feature.selection = c(0, 
    0, 0, 0, 0, 0, 0, 0, 0, 0, 0), DF.valid.acc = c(0.92593, 
    0.92607, 0.92301, 0.92324, 0.92603, 0.92348, 0.926, 0.9282, 
    0.92806, 0.9201, 0.91487), DF.test.acc = c(0.92593, 0.92607, 
    0.92301, 0.92324, 0.92603, 0.92348, 0.926, 0.9282, 0.92806, 
    0.9201, 0.91487), DF.train.time = c(0.0295, 0.0314, 0.0348, 
    0.0369, 0.0401, 0.0422, 0.0466, 0.048, 0.0527, 0.0571, 0.0622
    ), DF.n.support.vectors = c(87.8, 94, 101.5, 109.7, 116.7, 
    117.8, 122.8, 127.7, 138.7, 149.6, 157.7), DF.index = c(1, 
    1, 1, 1, 1, 1, 1, 1, 1, 1, 1), DF.n.solutions = c(1, 1, 1, 
    1, 1, 1, 1, 1, 1, 1, 1), DF.generations = c(1, 1, 1, 1, 1, 
    1, 1, 1, 1, 1, 1), DF.n.evaluations = c(1, 1, 1, 1, 1, 1, 
    1, 1, 1, 1, 1), DF.cpu.time = c(2.856, 2.845, 2.909, 2.917, 
    2.879, 2.934, 3.035, 3.032, 3.016, 3.125, 3.163), SMBO.cost = c(9.79292006371611, 
    9.79292006371611, 9.79292006371611, 9.79292006371611, 9.79292006371611, 
    9.79292006371611, 9.79292006371611, 9.79292006371611, 9.79292006371611, 
    9.79292006371611, 9.79292006371611), SMBO.gamma = c(-8.53645641668121, 
    -8.53645641668121, -8.53645641668121, -8.53645641668121, 
    -8.53645641668121, -8.53645641668121, -8.53645641668121, 
    -8.53645641668121, -8.53645641668121, -8.53645641668121, 
    -8.53645641668121), SMBO.balanced.test.accuracy = c(0.71040582381642, 
    0.71040582381642, 0.71040582381642, 0.71040582381642, 0.71040582381642, 
    0.71040582381642, 0.71040582381642, 0.71040582381642, 0.71040582381642, 
    0.71040582381642, 0.71040582381642)), .Names = c("Sampling", 
"PSO.cost", "PSO.gamma", "PSO.data.balancing", "PSO.feature.selection", 
"PSO.valid.acc", "PSO.test.acc", "PSO.train.time", "PSO.n.support.vectors", 
"PSO.index", "PSO.n.solutions", "PSO.generations", "PSO.n.evaluations", 
"PSO.cpu.time", "RS.cost", "RS.gamma", "RS.data.balancing", "RS.feature.selection", 
"RS.valid.acc", "RS.test.acc", "RS.train.time", "RS.n.support.vectors", 
"RS.index", "RS.n.solutions", "RS.generations", "RS.n.evaluations", 
"RS.cpu.time", "DF.cost", "DF.gamma", "DF.data.balancing", "DF.feature.selection", 
"DF.valid.acc", "DF.test.acc", "DF.train.time", "DF.n.support.vectors", 
"DF.index", "DF.n.solutions", "DF.generations", "DF.n.evaluations", 
"DF.cpu.time", "SMBO.cost", "SMBO.gamma", "SMBO.balanced.test.accuracy"
), row.names = c(NA, -11L), class = "data.frame")
