new.sol <-
structure(list(Sampling = c(50, 55, 60, 65, 70, 75, 80, 85, 90, 
95, 100), PSO.cost = c(3.28312, 3.38848, 3.51583, 9.93244, 1, 
8.15741, 7.9388, 8.28989, 2.31575, 9.90509, 1), PSO.gamma = c(-6.68547, 
-4.23747, -6.25913, -11.34747, 0.05, -8.70343, -10.98201, -8.78675, 
-5.682, -2.96469, 0.05), PSO.data.balancing = c(0, 0, 0, 0, 0, 
0, 0, 0, 0, 0, 0), PSO.feature.selection = c(0, 0, 0, 0, 0, 0, 
0, 0, 0, 0, 0), PSO.valid.acc = c(0.93716, 0.93618, 0.92917, 
0.92886, 0.92333, 0.92122, 0.91437, 0.9172, 0.91772, 0.91817, 
0.9149), PSO.test.acc = c(0.93346, 0.92952, 0.92604, 0.92322, 
0.92333, 0.91122, 0.90966, 0.91068, 0.92189, 0.91821, 0.9149), 
    PSO.train.time = c(0.0282, 0.0365, 0.034, 0.0367, 0.0455, 
    0.0508, 0.0429, 0.0551, 0.0497, 0.1122, 0.0646), PSO.n.support.vectors = c(57.3, 
    107.2, 74.2, 53.3, 126.9, 86.3, 73.7, 90.4, 111.3, 328.8, 
    157.1), PSO.index = c(357, 26, 12, 546, 1, 419, 665, 913, 
    1550, 14, 1), PSO.n.solutions = c(24, 1199, 157, 63, 2216, 
    54, 41, 76, 40, 114, 1900), PSO.generations = c(100, 100, 
    100, 100, 100, 100, 100, 100, 100, 100, 100), PSO.n.evaluations = c(2500, 
    2500, 2500, 2500, 2500, 2500, 2500, 2500, 2500, 2500, 2500
    ), PSO.cpu.time = c(7478.191, 10216.467, 10071.254, 10443.847, 
    10575.836, 10482.201, 10603.107, 10552.193, 11000.045, 11075.639, 
    10650.1), RS.cost = c(2.88308, 3.89354, 13.4483, 12.43652, 
    3.76769, 8.08144, 7.40919, 8.12682, 3.70957, 14.57505, -1.44939
    ), RS.gamma = c(-6.49458, -4.1899, -14.15612, -14.33744, 
    -9.71093, -8.66791, -10.41667, -8.62012, -6.73523, -2.99534, 
    -14.71034), RS.data.balancing = c(0, 0, 0, 0, 0, 0, 0, 0, 
    0, 0, 0), RS.feature.selection = c(0, 0, 0, 0, 0, 0, 0, 0, 
    0, 0, 0), RS.valid.acc = c(0.93716, 0.93618, 0.92917, 0.92886, 
    0.92333, 0.92122, 0.91437, 0.91502, 0.91772, 0.91817, 0.9149
    ), RS.test.acc = c(0.93716, 0.92952, 0.91383, 0.91751, 0.92333, 
    0.91122, 0.90966, 0.91068, 0.91368, 0.91821, 0.9149), RS.train.time = c(0.0295, 
    0.036, 0.0363, 0.0358, 0.0371, 0.0492, 0.0428, 0.0551, 0.0501, 
    0.1104, 0.043), RS.n.support.vectors = c(58.7, 109, 47, 52, 
    64.7, 86.2, 74.5, 91.2, 100.2, 323.6, 74.4), RS.index = c(548, 
    152, 205, 45, 4, 2134, 42, 278, 1764, 62, 4), RS.n.solutions = c(4, 
    48, 7, 8, 1577, 1, 6, 14, 1, 9, 1520), RS.generations = c(100, 
    100, 100, 100, 100, 100, 100, 100, 100, 100, 100), RS.n.evaluations = c(2500, 
    2500, 2500, 2500, 2500, 2500, 2500, 2500, 2500, 2500, 2500
    ), RS.cpu.time = c(9971.712, 10115.158, 10329.137, 10395.084, 
    10641.612, 10655.809, 10929.895, 10861.451, 10866.143, 10851.831, 
    11017.315), DF.cost = c(1, 1, 1, 1, 1, 1, 1, 1, 1, 1, 1), 
    DF.gamma = c(0.05, 0.05, 0.05, 0.05, 0.05, 0.05, 0.05, 0.05, 
    0.05, 0.05, 0.05), DF.data.balancing = c(0, 0, 0, 0, 0, 0, 
    0, 0, 0, 0, 0), DF.feature.selection = c(0, 0, 0, 0, 0, 0, 
    0, 0, 0, 0, 0), DF.valid.acc = c(0.93346, 0.9294, 0.92614, 
    0.92616, 0.92333, 0.91372, 0.90977, 0.91285, 0.91364, 0.91625, 
    0.9149), DF.test.acc = c(0.93346, 0.9294, 0.92614, 0.92616, 
    0.92333, 0.91372, 0.90977, 0.91285, 0.91364, 0.91625, 0.9149
    ), DF.train.time = c(0.0341, 0.0356, 0.039, 0.0417, 0.0459, 
    0.0497, 0.0529, 0.0552, 0.0577, 0.0616, 0.065), DF.n.support.vectors = c(96.4, 
    101.4, 109.1, 115.8, 126.9, 134.7, 139.1, 143.3, 145.3, 153.5, 
    157.1), DF.index = c(1, 1, 1, 1, 1, 1, 1, 1, 1, 1, 1), DF.n.solutions = c(1, 
    1, 1, 1, 1, 1, 1, 1, 1, 1, 1), DF.generations = c(1, 1, 1, 
    1, 1, 1, 1, 1, 1, 1, 1), DF.n.evaluations = c(1, 1, 1, 1, 
    1, 1, 1, 1, 1, 1, 1), DF.cpu.time = c(4.103, 3.983, 4.063, 
    4.031, 4.115, 4.159, 4.238, 4.104, 4.151, 4.057, 4.033), 
    SMBO.cost = c(8.52466214671574, 8.52466214671574, 8.52466214671574, 
    8.52466214671574, 8.52466214671574, 8.52466214671574, 8.52466214671574, 
    8.52466214671574, 8.52466214671574, 8.52466214671574, 8.52466214671574
    ), SMBO.gamma = c(-7.88954211139261, -7.88954211139261, -7.88954211139261, 
    -7.88954211139261, -7.88954211139261, -7.88954211139261, 
    -7.88954211139261, -7.88954211139261, -7.88954211139261, 
    -7.88954211139261, -7.88954211139261), SMBO.balanced.test.accuracy = c(0.695563719905825, 
    0.695563719905825, 0.695563719905825, 0.695563719905825, 
    0.695563719905825, 0.695563719905825, 0.695563719905825, 
    0.695563719905825, 0.695563719905825, 0.695563719905825, 
    0.695563719905825)), .Names = c("Sampling", "PSO.cost", "PSO.gamma", 
"PSO.data.balancing", "PSO.feature.selection", "PSO.valid.acc", 
"PSO.test.acc", "PSO.train.time", "PSO.n.support.vectors", "PSO.index", 
"PSO.n.solutions", "PSO.generations", "PSO.n.evaluations", "PSO.cpu.time", 
"RS.cost", "RS.gamma", "RS.data.balancing", "RS.feature.selection", 
"RS.valid.acc", "RS.test.acc", "RS.train.time", "RS.n.support.vectors", 
"RS.index", "RS.n.solutions", "RS.generations", "RS.n.evaluations", 
"RS.cpu.time", "DF.cost", "DF.gamma", "DF.data.balancing", "DF.feature.selection", 
"DF.valid.acc", "DF.test.acc", "DF.train.time", "DF.n.support.vectors", 
"DF.index", "DF.n.solutions", "DF.generations", "DF.n.evaluations", 
"DF.cpu.time", "SMBO.cost", "SMBO.gamma", "SMBO.balanced.test.accuracy"
), row.names = c(NA, -11L), class = "data.frame")
