new.sol <-
structure(list(Sampling = c(50, 55, 60, 65, 70, 75, 80, 85, 90, 
95, 100), PSO.cost = c(0.99327, 1.928, 4.14622, 1.629, 1.75136, 
1.43663, 0.84086, 6.29498, -0.42042, 0.20581, 0.66737), PSO.gamma = c(-3.72531, 
-4.19685, -3.28408, -3.59725, -4.6959, -2.5723, -3.78287, -8.70455, 
-3.53037, -3.5436, -2.33188), PSO.data.balancing = c(0, 0, 0, 
0, 0, 0, 0, 0, 0, 0, 0), PSO.feature.selection = c(0, 0, 0, 0, 
0, 0, 0, 0, 0, 0, 0), PSO.valid.acc = c(0.89742, 0.89444, 0.88306, 
0.88273, 0.8997, 0.88362, 0.8891, 0.86291, 0.88048, 0.90661, 
0.88292), PSO.test.acc = c(0.87381, 0.82639, 0.84083, 0.87182, 
0.88227, 0.84953, 0.86603, 0.8261, 0.84476, 0.89369, 0.86292), 
    PSO.train.time = c(0.0198, 0.0186, 0.0184, 0.0191, 0.0204, 
    0.0237, 0.0207, 0.0213, 0.022, 0.0221, 0.024), PSO.n.support.vectors = c(32, 
    32.9, 42.6, 43.6, 40.3, 64, 50.2, 39.5, 59, 60.4, 82.6), 
    PSO.index = c(362, 518, 1160, 151, 720, 436, 231, 343, 571, 
    1397, 768), PSO.n.solutions = c(459, 457, 33, 1040, 106, 
    61, 736, 90, 439, 20, 345), PSO.generations = c(100, 100, 
    100, 100, 100, 100, 100, 100, 100, 100, 100), PSO.n.evaluations = c(2500, 
    2500, 2500, 2500, 2500, 2500, 2500, 2500, 2500, 2500, 2500
    ), PSO.cpu.time = c(8688.815, 8584.41, 8551.47300000001, 
    8567.113, 8473.003, 8452.69, 8421.523, 8366.694, 8258.18299999999, 
    8182.72200000001, 8309.24299999999), RS.cost = c(2.68456, 
    2.17852, 0.79573, 1.33012, 1.5235, 1.20532, 1.11177, 6.86868, 
    0.06155, 0.0506, 0.37088), RS.gamma = c(-5.77588, -3.98632, 
    -4.12948, -3.49965, -4.65666, -2.52396, -3.92868, -9.20689, 
    -2.66768, -3.98709, -3.13818), RS.data.balancing = c(0, 0, 
    0, 0, 0, 0, 0, 0, 0, 0, 0), RS.feature.selection = c(0, 0, 
    0, 0, 0, 0, 0, 0, 0, 0, 0), RS.valid.acc = c(0.88313, 0.88333, 
    0.87528, 0.88273, 0.8997, 0.88362, 0.8891, 0.86291, 0.87333, 
    0.90036, 0.88875), RS.test.acc = c(0.88492, 0.84861, 0.85417, 
    0.86273, 0.88152, 0.86696, 0.86538, 0.8261, 0.86619, 0.87411, 
    0.85583), RS.train.time = c(0.0183, 0.018, 0.0199, 0.0218, 
    0.0215, 0.0206, 0.021, 0.0207, 0.0246, 0.0226, 0.0267), RS.n.support.vectors = c(25.2, 
    33.4, 38.2, 43.7, 40.3, 64.1, 48.6, 39.4, 69.8, 57, 67), 
    RS.index = c(76, 110, 54, 541, 573, 985, 86, 516, 791, 29, 
    51), RS.n.solutions = c(8, 8, 12, 3, 1, 2, 3, 1, 3, 7, 1), 
    RS.generations = c(100, 100, 100, 100, 100, 100, 100, 100, 
    100, 100, 100), RS.n.evaluations = c(2500, 2500, 2500, 2500, 
    2500, 2500, 2500, 2500, 2500, 2500, 2500), RS.cpu.time = c(8614.669, 
    8564.157, 8566.466, 8489.14699999999, 8444.728, 8453.761, 
    8409.71000000001, 8423.92300000001, 8306.326, 8259.64599999998, 
    8225.82200000001), DF.cost = c(1, 1, 1, 1, 1, 1, 1, 1, 1, 
    1, 1), DF.gamma = c(0.05263, 0.05263, 0.05263, 0.05263, 0.05263, 
    0.05263, 0.05263, 0.05263, 0.05263, 0.05263, 0.05263), DF.data.balancing = c(0, 
    0, 0, 0, 0, 0, 0, 0, 0, 0, 0), DF.feature.selection = c(0, 
    0, 0, 0, 0, 0, 0, 0, 0, 0, 0), DF.valid.acc = c(0.83274, 
    0.82639, 0.85417, 0.84182, 0.83833, 0.85862, 0.85769, 0.84258, 
    0.86619, 0.90036, 0.85777), DF.test.acc = c(0.82341, 0.81528, 
    0.83194, 0.85182, 0.81758, 0.8676, 0.84936, 0.83489, 0.83762, 
    0.88077, 0.85032), DF.train.time = c(0.0182, 0.0203, 0.0193, 
    0.0197, 0.0209, 0.0208, 0.0208, 0.0216, 0.0221, 0.0217, 0.0219
    ), DF.n.support.vectors = c(30.4, 32.9, 38, 39.6, 42.6, 44.3, 
    47.3, 50.3, 53.5, 54.7, 55.9), DF.index = c(1, 1, 1, 1, 1, 
    1, 1, 1, 1, 1, 1), DF.n.solutions = c(1, 1, 1, 1, 1, 1, 1, 
    1, 1, 1, 1), DF.generations = c(1, 1, 1, 1, 1, 1, 1, 1, 1, 
    1, 1), DF.n.evaluations = c(1, 1, 1, 1, 1, 1, 1, 1, 1, 1, 
    1), DF.cpu.time = c(3.446, 3.427, 3.432, 3.364, 3.383, 3.405, 
    3.395, 3.37, 3.257, 3.379, 3.319), SMBO.cost = c(14.8150214406379, 
    14.8150214406379, 14.8150214406379, 14.8150214406379, 14.8150214406379, 
    14.8150214406379, 14.8150214406379, 14.8150214406379, 14.8150214406379, 
    14.8150214406379, 14.8150214406379), SMBO.gamma = c(-7.88775731182242, 
    -7.88775731182242, -7.88775731182242, -7.88775731182242, 
    -7.88775731182242, -7.88775731182242, -7.88775731182242, 
    -7.88775731182242, -7.88775731182242, -7.88775731182242, 
    -7.88775731182242), SMBO.balanced.test.accuracy = c(0.839534720022525, 
    0.839534720022525, 0.839534720022525, 0.839534720022525, 
    0.839534720022525, 0.839534720022525, 0.839534720022525, 
    0.839534720022525, 0.839534720022525, 0.839534720022525, 
    0.839534720022525)), .Names = c("Sampling", "PSO.cost", "PSO.gamma", 
"PSO.data.balancing", "PSO.feature.selection", "PSO.valid.acc", 
"PSO.test.acc", "PSO.train.time", "PSO.n.support.vectors", "PSO.index", 
"PSO.n.solutions", "PSO.generations", "PSO.n.evaluations", "PSO.cpu.time", 
"RS.cost", "RS.gamma", "RS.data.balancing", "RS.feature.selection", 
"RS.valid.acc", "RS.test.acc", "RS.train.time", "RS.n.support.vectors", 
"RS.index", "RS.n.solutions", "RS.generations", "RS.n.evaluations", 
"RS.cpu.time", "DF.cost", "DF.gamma", "DF.data.balancing", "DF.feature.selection", 
"DF.valid.acc", "DF.test.acc", "DF.train.time", "DF.n.support.vectors", 
"DF.index", "DF.n.solutions", "DF.generations", "DF.n.evaluations", 
"DF.cpu.time", "SMBO.cost", "SMBO.gamma", "SMBO.balanced.test.accuracy"
), row.names = c(NA, -11L), class = "data.frame")
