new.sol <-
structure(list(Sampling = c(50, 55, 60, 65, 70, 75, 80, 85, 90, 
95, 100), PSO.cost = c(5.89318, 7.80708, 1.09229, 0.93657, 0.34319, 
0.84806, 13.84457, 0.57429, 5.44568, 0.1515, 6.1804), PSO.gamma = c(-7.85114, 
-8.66419, -2.42857, -2.49315, -2.53517, -2.79799, -2.44897, -3.28439, 
-8.2154, -2.46385, -2.3581), PSO.data.balancing = c(0, 0, 0, 
0, 0, 0, 0, 0, 0, 0, 0), PSO.feature.selection = c(0, 0, 0, 0, 
0, 0, 0, 0, 0, 0, 0), PSO.valid.acc = c(0.96528, 0.89722, 0.92778, 
0.93182, 0.90273, 0.91667, 0.92756, 0.94011, 0.89421, 0.89333, 
0.8711), PSO.test.acc = c(0.96389, 0.89583, 0.90778, 0.87364, 
0.89364, 0.87424, 0.89551, 0.91044, 0.8589, 0.86, 0.87074), PSO.train.time = c(0.0172, 
0.0185, 0.0208, 0.021, 0.0208, 0.0216, 0.0206, 0.0226, 0.0194, 
0.0253, 0.0255), PSO.n.support.vectors = c(18, 21, 51.8, 53.5, 
56.5, 54.5, 61.1, 51.7, 37.8, 77.7, 80.5), PSO.index = c(137, 
183, 859, 611, 490, 559, 139, 440, 270, 757, 316), PSO.n.solutions = c(358, 
155, 221, 587, 240, 213, 216, 427, 162, 335, 595), PSO.generations = c(100, 
100, 100, 100, 100, 100, 100, 100, 100, 100, 100), PSO.n.evaluations = c(2500, 
2500, 2500, 2500, 2500, 2500, 2500, 2500, 2500, 2500, 2500), 
    PSO.cpu.time = c(7229.095, 7264.14, 7333.951, 7581.837, 7515.827, 
    7489.291, 7273.273, 7279.14899999999, 7219.329, 7123.68100000001, 
    7316.704), RS.cost = c(12.76698, 8.20605, 0.87947, 0.66661, 
    0.22971, 0.97013, 13.12088, 0.35894, 1.11127, 3.17054, 13.12699
    ), RS.gamma = c(-14.35083, -9.19637, -2.36848, -2.35234, 
    -2.90367, -2.75232, -2.38093, -2.63223, -4.20069, -2.25348, 
    -2.37687), RS.data.balancing = c(0, 0, 0, 0, 0, 0, 0, 0, 
    0, 0, 0), RS.feature.selection = c(0, 0, 0, 0, 0, 0, 0, 0, 
    0, 0, 0), RS.valid.acc = c(0.97639, 0.89722, 0.90778, 0.92182, 
    0.90273, 0.91667, 0.92756, 0.92527, 0.89469, 0.88, 0.8711
    ), RS.test.acc = c(0.97639, 0.89583, 0.91778, 0.87364, 0.90273, 
    0.86515, 0.89551, 0.89615, 0.87985, 0.85333, 0.87074), RS.train.time = c(0.0162, 
    0.0176, 0.02, 0.0206, 0.0209, 0.0208, 0.0218, 0.0216, 0.0224, 
    0.0234, 0.0253), RS.n.support.vectors = c(16, 21.2, 52.8, 
    56.3, 51.6, 55.3, 62.3, 62.5, 46.8, 83.7, 80.1), RS.index = c(21, 
    382, 2394, 39, 1189, 1771, 79, 75, 1379, 508, 86), RS.n.solutions = c(2, 
    11, 1, 6, 3, 3, 9, 5, 1, 8, 5), RS.generations = c(100, 100, 
    100, 100, 100, 100, 100, 100, 100, 100, 100), RS.n.evaluations = c(2500, 
    2500, 2500, 2500, 2500, 2500, 2500, 2500, 2500, 2500, 2500
    ), RS.cpu.time = c(7097.212, 7349.968, 7590.292, 7478.788, 
    7576.95199999999, 7339.64599999999, 7296.446, 7287.985, 7084.124, 
    7110.20000000001, 7276.01200000002), DF.cost = c(1, 1, 1, 
    1, 1, 1, 1, 1, 1, 1, 1), DF.gamma = c(0.05263, 0.05263, 0.05263, 
    0.05263, 0.05263, 0.05263, 0.05263, 0.05263, 0.05263, 0.05263, 
    0.05263), DF.data.balancing = c(0, 0, 0, 0, 0, 0, 0, 0, 0, 
    0, 0), DF.feature.selection = c(0, 0, 0, 0, 0, 0, 0, 0, 0, 
    0, 0), DF.valid.acc = c(0.89921, 0.84861, 0.85222, 0.86364, 
    0.86697, 0.87348, 0.88782, 0.89551, 0.86557, 0.86, 0.85157
    ), DF.test.acc = c(0.89921, 0.86111, 0.85333, 0.85364, 0.86697, 
    0.86515, 0.88782, 0.90266, 0.8793, 0.87333, 0.85824), DF.train.time = c(0.0195, 
    0.0187, 0.0192, 0.0179, 0.0205, 0.0201, 0.0194, 0.0195, 0.0221, 
    0.0222, 0.0213), DF.n.support.vectors = c(27.4, 31.6, 35.2, 
    38.5, 42.5, 43.4, 45.5, 44.8, 49.3, 57.4, 56.5), DF.index = c(1, 
    1, 1, 1, 1, 1, 1, 1, 1, 1, 1), DF.n.solutions = c(1, 1, 1, 
    1, 1, 1, 1, 1, 1, 1, 1), DF.generations = c(1, 1, 1, 1, 1, 
    1, 1, 1, 1, 1, 1), DF.n.evaluations = c(1, 1, 1, 1, 1, 1, 
    1, 1, 1, 1, 1), DF.cpu.time = c(2.945, 2.958, 3.048, 2.792, 
    3.031, 2.918, 2.786, 2.727, 2.907, 2.885, 2.688), SMBO.cost = c(3.65939506261144, 
    3.65939506261144, 3.65939506261144, 3.65939506261144, 3.65939506261144, 
    3.65939506261144, 3.65939506261144, 3.65939506261144, 3.65939506261144, 
    3.65939506261144, 3.65939506261144), SMBO.gamma = c(-4.4012211504858, 
    -4.4012211504858, -4.4012211504858, -4.4012211504858, -4.4012211504858, 
    -4.4012211504858, -4.4012211504858, -4.4012211504858, -4.4012211504858, 
    -4.4012211504858, -4.4012211504858), SMBO.balanced.test.accuracy = c(0.842221253511576, 
    0.842221253511576, 0.842221253511576, 0.842221253511576, 
    0.842221253511576, 0.842221253511576, 0.842221253511576, 
    0.842221253511576, 0.842221253511576, 0.842221253511576, 
    0.842221253511576)), .Names = c("Sampling", "PSO.cost", "PSO.gamma", 
"PSO.data.balancing", "PSO.feature.selection", "PSO.valid.acc", 
"PSO.test.acc", "PSO.train.time", "PSO.n.support.vectors", "PSO.index", 
"PSO.n.solutions", "PSO.generations", "PSO.n.evaluations", "PSO.cpu.time", 
"RS.cost", "RS.gamma", "RS.data.balancing", "RS.feature.selection", 
"RS.valid.acc", "RS.test.acc", "RS.train.time", "RS.n.support.vectors", 
"RS.index", "RS.n.solutions", "RS.generations", "RS.n.evaluations", 
"RS.cpu.time", "DF.cost", "DF.gamma", "DF.data.balancing", "DF.feature.selection", 
"DF.valid.acc", "DF.test.acc", "DF.train.time", "DF.n.support.vectors", 
"DF.index", "DF.n.solutions", "DF.generations", "DF.n.evaluations", 
"DF.cpu.time", "SMBO.cost", "SMBO.gamma", "SMBO.balanced.test.accuracy"
), row.names = c(NA, -11L), class = "data.frame")
