new.sol <-
structure(list(Sampling = c(50, 55, 60, 65, 70, 75, 80, 85, 90, 
95, 100), PSO.cost = c(2.63581, 3.05753, 0.78502, 0.79703, 6.69022, 
2.43825, 1.13681, 4.94269, 14.43865, 0.40874, 10.43482), PSO.gamma = c(-3.42107, 
-2.75768, -4.38068, -3.89291, -2.31471, -6.0147, -3.21769, -2.30706, 
-1.98935, -3.23727, -2.48986), PSO.data.balancing = c(0, 0, 0, 
0, 0, 0, 0, 0, 0, 0, 0), PSO.feature.selection = c(0, 0, 0, 0, 
0, 0, 0, 0, 0, 0, 0), PSO.valid.acc = c(0.92599, 0.90972, 0.90444, 
0.92182, 0.91939, 0.92541, 0.90449, 0.90375, 0.89612, 0.88667, 
0.89), PSO.test.acc = c(0.89921, 0.88611, 0.89444, 0.90182, 0.90121, 
0.92541, 0.90385, 0.8794, 0.89564, 0.86667, 0.86417), PSO.train.time = c(0.0184, 
0.0186, 0.0194, 0.0188, 0.0197, 0.0185, 0.0218, 0.0234, 0.025, 
0.0236, 0.025), PSO.n.support.vectors = c(32.7, 40.8, 34.5, 37.6, 
58.6, 34.3, 56.5, 71, 84.9, 66.3, 78.7), PSO.index = c(7, 54, 
238, 289, 44, 46, 2218, 88, 214, 2122, 163), PSO.n.solutions = c(570, 
1142, 920, 811, 1206, 494, 1, 717, 642, 3, 906), PSO.generations = c(100, 
100, 100, 100, 100, 100, 100, 100, 100, 100, 100), PSO.n.evaluations = c(2500, 
2500, 2500, 2500, 2500, 2500, 2500, 2500, 2500, 2500, 2500), 
    PSO.cpu.time = c(6833.612, 6884.495, 6954.17, 7007.73, 7049.467, 
    6685.99500000001, 6737.34700000001, 6784.50200000001, 6988.83499999999, 
    6965.97199999999, 7078.226), RS.cost = c(2.40283, 3.35981, 
    0.26332, 0.28352, 9.85373, 2.60344, 1.60956, 7.83192, 14.64406, 
    7.59698, 4.78207), RS.gamma = c(-3.44422, -2.66392, -4.4254, 
    -3.9664, -2.34196, -5.90746, -3.57746, -2.30445, -2.0154, 
    -2.79168, -2.52338), RS.data.balancing = c(0, 0, 0, 0, 0, 
    0, 0, 0, 0, 0, 0), RS.feature.selection = c(0, 0, 0, 0, 0, 
    0, 0, 0, 0, 0, 0), RS.valid.acc = c(0.92599, 0.90972, 0.90444, 
    0.91182, 0.91939, 0.92541, 0.90385, 0.90375, 0.89612, 0.88, 
    0.89), RS.test.acc = c(0.89921, 0.88611, 0.88444, 0.91182, 
    0.90121, 0.92541, 0.90385, 0.8794, 0.90278, 0.86, 0.86417
    ), RS.train.time = c(0.0175, 0.0185, 0.0178, 0.0185, 0.0202, 
    0.0179, 0.0213, 0.0217, 0.0245, 0.0239, 0.0256), RS.n.support.vectors = c(32.8, 
    41.9, 34.3, 37.6, 58, 33, 51.5, 71, 83.6, 71.9, 78.1), RS.index = c(548, 
    67, 62, 30, 370, 639, 19, 295, 886, 16, 549), RS.n.solutions = c(2, 
    8, 8, 22, 12, 12, 21, 14, 4, 20, 5), RS.generations = c(100, 
    100, 100, 100, 100, 100, 100, 100, 100, 100, 100), RS.n.evaluations = c(2500, 
    2500, 2500, 2500, 2500, 2500, 2500, 2500, 2500, 2500, 2500
    ), RS.cpu.time = c(6827.484, 6918.902, 7009.104, 7021.649, 
    6807.754, 6658.94100000001, 6738.599, 6692.489, 6931.648, 
    7058.38500000001, 7072.853), DF.cost = c(1, 1, 1, 1, 1, 1, 
    1, 1, 1, 1, 1), DF.gamma = c(0.05263, 0.05263, 0.05263, 0.05263, 
    0.05263, 0.05263, 0.05263, 0.05263, 0.05263, 0.05263, 0.05263
    ), DF.data.balancing = c(0, 0, 0, 0, 0, 0, 0, 0, 0, 0, 0), 
    DF.feature.selection = c(0, 0, 0, 0, 0, 0, 0, 0, 0, 0, 0), 
    DF.valid.acc = c(0.91349, 0.85, 0.89444, 0.90273, 0.90697, 
    0.90029, 0.88782, 0.88709, 0.85374, 0.86667, 0.8525), DF.test.acc = c(0.90099, 
    0.86111, 0.88444, 0.91182, 0.90697, 0.89889, 0.89615, 0.88709, 
    0.84612, 0.86, 0.865), DF.train.time = c(0.0185, 0.0183, 
    0.019, 0.0196, 0.0187, 0.0186, 0.0212, 0.0218, 0.023, 0.0228, 
    0.0232), DF.n.support.vectors = c(28.2, 33.2, 35.5, 37.3, 
    41.4, 42.5, 47.2, 48.7, 53.7, 55.9, 57.2), DF.index = c(1, 
    1, 1, 1, 1, 1, 1, 1, 1, 1, 1), DF.n.solutions = c(1, 1, 1, 
    1, 1, 1, 1, 1, 1, 1, 1), DF.generations = c(1, 1, 1, 1, 1, 
    1, 1, 1, 1, 1, 1), DF.n.evaluations = c(1, 1, 1, 1, 1, 1, 
    1, 1, 1, 1, 1), DF.cpu.time = c(2.745, 2.745, 2.785, 2.809, 
    2.703, 2.581, 2.778, 2.798, 2.839, 2.848, 2.87), SMBO.cost = c(6.58836704696878, 
    6.58836704696878, 6.58836704696878, 6.58836704696878, 6.58836704696878, 
    6.58836704696878, 6.58836704696878, 6.58836704696878, 6.58836704696878, 
    6.58836704696878, 6.58836704696878), SMBO.gamma = c(-8.29750736177495, 
    -8.29750736177495, -8.29750736177495, -8.29750736177495, 
    -8.29750736177495, -8.29750736177495, -8.29750736177495, 
    -8.29750736177495, -8.29750736177495, -8.29750736177495, 
    -8.29750736177495), SMBO.balanced.test.accuracy = c(0.807877219931549, 
    0.807877219931549, 0.807877219931549, 0.807877219931549, 
    0.807877219931549, 0.807877219931549, 0.807877219931549, 
    0.807877219931549, 0.807877219931549, 0.807877219931549, 
    0.807877219931549)), .Names = c("Sampling", "PSO.cost", "PSO.gamma", 
"PSO.data.balancing", "PSO.feature.selection", "PSO.valid.acc", 
"PSO.test.acc", "PSO.train.time", "PSO.n.support.vectors", "PSO.index", 
"PSO.n.solutions", "PSO.generations", "PSO.n.evaluations", "PSO.cpu.time", 
"RS.cost", "RS.gamma", "RS.data.balancing", "RS.feature.selection", 
"RS.valid.acc", "RS.test.acc", "RS.train.time", "RS.n.support.vectors", 
"RS.index", "RS.n.solutions", "RS.generations", "RS.n.evaluations", 
"RS.cpu.time", "DF.cost", "DF.gamma", "DF.data.balancing", "DF.feature.selection", 
"DF.valid.acc", "DF.test.acc", "DF.train.time", "DF.n.support.vectors", 
"DF.index", "DF.n.solutions", "DF.generations", "DF.n.evaluations", 
"DF.cpu.time", "SMBO.cost", "SMBO.gamma", "SMBO.balanced.test.accuracy"
), row.names = c(NA, -11L), class = "data.frame")
