new.sol <-
structure(list(Sampling = c(50, 55, 60, 65, 70, 75, 80, 85, 90, 
95, 100), PSO.cost = c(8.3435, 8.93185, 3.48178, 5.83372, 0.70632, 
0.45857, 8.72802, 3.35094, 0.96717, 1, -0.21442), PSO.gamma = c(-12.83328, 
-11.4218, -6.93886, -6.67972, -2.40813, -2.27192, -1.83975, -2.15771, 
-1.88293, 0.05263, -3.72798), PSO.data.balancing = c(0, 0, 0, 
0, 0, 0, 0, 0, 0, 0, 0), PSO.feature.selection = c(0, 0, 0, 0, 
0, 0, 0, 0, 0, 0, 0), PSO.valid.acc = c(0.89742, 0.90806, 0.90444, 
0.90545, 0.89152, 0.88916, 0.89725, 0.89606, 0.90231, 0.89333, 
0.89), PSO.test.acc = c(0.85913, 0.87194, 0.86083, 0.85525, 0.88333, 
0.87174, 0.88892, 0.88123, 0.88747, 0.86667, 0.85792), PSO.train.time = c(0.0172, 
0.0185, 0.0199, 0.0177, 0.0204, 0.0241, 0.0256, 0.0251, 0.027, 
0.0244, 0.0272), PSO.n.support.vectors = c(22.5, 21.8, 26.8, 
26.7, 60, 67.6, 81.9, 78, 87.2, 52.9, 59.7), PSO.index = c(17, 
122, 898, 468, 1112, 300, 26, 39, 1832, 1, 178), PSO.n.solutions = c(368, 
196, 70, 58, 1247, 235, 1099, 1078, 2, 30, 123), PSO.generations = c(100, 
100, 100, 100, 100, 100, 100, 100, 100, 100, 100), PSO.n.evaluations = c(2500, 
2500, 2500, 2500, 2500, 2500, 2500, 2500, 2500, 2500, 2500), 
    PSO.cpu.time = c(7690.587, 7635.502, 7274.867, 7316.629, 
    7238.63799999999, 9587.04800000001, 9574.473, 9747.21900000001, 
    9774.36600000001, 9728.46400000001, 9781.497), RS.cost = c(4.89229, 
    5.40008, 3.30963, 0.86459, 9.64342, 0.55903, 0.70879, 0.31205, 
    9.4266, 0.41853, -0.26361), RS.gamma = c(-9.47587, -8.06011, 
    -6.83833, -2.34395, -2.46686, -2.32497, -2.38863, -2.28689, 
    -1.86571, -4.7905, -3.50039), RS.data.balancing = c(0, 0, 
    0, 0, 0, 0, 0, 0, 0, 0, 0), RS.feature.selection = c(0, 0, 
    0, 0, 0, 0, 0, 0, 0, 0, 0), RS.valid.acc = c(0.89742, 0.90806, 
    0.90444, 0.91434, 0.89152, 0.88916, 0.89789, 0.89606, 0.89516, 
    0.89333, 0.89), RS.test.acc = c(0.85913, 0.87194, 0.85972, 
    0.89343, 0.85682, 0.88083, 0.88956, 0.88837, 0.88033, 0.85333, 
    0.85833), RS.train.time = c(0.0182, 0.0166, 0.0171, 0.0193, 
    0.0225, 0.0242, 0.0252, 0.0258, 0.027, 0.0256, 0.0275), RS.n.support.vectors = c(22.7, 
    22.3, 27.2, 56.9, 58.2, 66.7, 69.9, 74.1, 87.8, 50.9, 62.4
    ), RS.index = c(10, 755, 351, 1157, 66, 461, 1224, 51, 231, 
    2376, 368), RS.n.solutions = c(56, 8, 7, 1, 25, 2, 3, 24, 
    46, 1, 2), RS.generations = c(100, 100, 100, 100, 100, 100, 
    100, 100, 100, 100, 100), RS.n.evaluations = c(2500, 2500, 
    2500, 2500, 2500, 2500, 2500, 2500, 2500, 2500, 2500), RS.cpu.time = c(7712.119, 
    7365.527, 7340.717, 7293.358, 8695.61599999999, 9535.098, 
    9624.66900000001, 9720.47499999999, 9716.046, 9901.26300000001, 
    9083.94700000001), DF.cost = c(1, 1, 1, 1, 1, 1, 1, 1, 1, 
    1, 1), DF.gamma = c(0.05263, 0.05263, 0.05263, 0.05263, 0.05263, 
    0.05263, 0.05263, 0.05263, 0.05263, 0.05263, 0.05263), DF.data.balancing = c(0, 
    0, 0, 0, 0, 0, 0, 0, 0, 0, 0), DF.feature.selection = c(0, 
    0, 0, 0, 0, 0, 0, 0, 0, 0, 0), DF.valid.acc = c(0.87063, 
    0.86472, 0.86083, 0.86434, 0.87182, 0.83916, 0.85751, 0.88114, 
    0.85945, 0.89333, 0.86333), DF.test.acc = c(0.85774, 0.84944, 
    0.87306, 0.85525, 0.86348, 0.85659, 0.85806, 0.85806, 0.85183, 
    0.86667, 0.85792), DF.train.time = c(0.0176, 0.0188, 0.0188, 
    0.0182, 0.0211, 0.0222, 0.0224, 0.0235, 0.0239, 0.0237, 0.0228
    ), DF.n.support.vectors = c(29, 29.5, 34.3, 35.8, 38.7, 44.2, 
    47.9, 48.2, 49.2, 52.9, 56.2), DF.index = c(1, 1, 1, 1, 1, 
    1, 1, 1, 1, 1, 1), DF.n.solutions = c(1, 1, 1, 1, 1, 1, 1, 
    1, 1, 1, 1), DF.generations = c(1, 1, 1, 1, 1, 1, 1, 1, 1, 
    1, 1), DF.n.evaluations = c(1, 1, 1, 1, 1, 1, 1, 1, 1, 1, 
    1), DF.cpu.time = c(3.071, 3.069, 2.902, 2.856, 3.849, 3.816, 
    3.827, 3.859, 3.88, 3.7, 3.087), SMBO.cost = c(12.731530120065, 
    12.731530120065, 12.731530120065, 12.731530120065, 12.731530120065, 
    12.731530120065, 12.731530120065, 12.731530120065, 12.731530120065, 
    12.731530120065, 12.731530120065), SMBO.gamma = c(-14.9881957031956, 
    -14.9881957031956, -14.9881957031956, -14.9881957031956, 
    -14.9881957031956, -14.9881957031956, -14.9881957031956, 
    -14.9881957031956, -14.9881957031956, -14.9881957031956, 
    -14.9881957031956), SMBO.balanced.test.accuracy = c(0.848239051718248, 
    0.848239051718248, 0.848239051718248, 0.848239051718248, 
    0.848239051718248, 0.848239051718248, 0.848239051718248, 
    0.848239051718248, 0.848239051718248, 0.848239051718248, 
    0.848239051718248)), .Names = c("Sampling", "PSO.cost", "PSO.gamma", 
"PSO.data.balancing", "PSO.feature.selection", "PSO.valid.acc", 
"PSO.test.acc", "PSO.train.time", "PSO.n.support.vectors", "PSO.index", 
"PSO.n.solutions", "PSO.generations", "PSO.n.evaluations", "PSO.cpu.time", 
"RS.cost", "RS.gamma", "RS.data.balancing", "RS.feature.selection", 
"RS.valid.acc", "RS.test.acc", "RS.train.time", "RS.n.support.vectors", 
"RS.index", "RS.n.solutions", "RS.generations", "RS.n.evaluations", 
"RS.cpu.time", "DF.cost", "DF.gamma", "DF.data.balancing", "DF.feature.selection", 
"DF.valid.acc", "DF.test.acc", "DF.train.time", "DF.n.support.vectors", 
"DF.index", "DF.n.solutions", "DF.generations", "DF.n.evaluations", 
"DF.cpu.time", "SMBO.cost", "SMBO.gamma", "SMBO.balanced.test.accuracy"
), row.names = c(NA, -11L), class = "data.frame")
