new.sol <-
structure(list(Sampling = c(50, 55, 60, 65, 70, 75, 80, 85, 90, 
95, 100), PSO.cost = c(5.34143, 0.33444, 2.54274, 1.85526, 0.7898, 
1.07892, 1.10101, 1.32604, 9.90164, 15, 1.66685), PSO.gamma = c(-3.37687, 
-2.43825, -3.46422, -3.78871, -3.85109, -1.81804, -2.32951, -2.35693, 
-10.69137, -1.89776, -2.60634), PSO.data.balancing = c(0, 0, 
0, 0, 0, 0, 0, 0, 0, 0, 0), PSO.feature.selection = c(0, 0, 0, 
0, 0, 0, 0, 0, 0, 0, 0), PSO.valid.acc = c(0.925, 0.94028, 0.92333, 
0.93162, 0.91939, 0.89079, 0.88205, 0.87463, 0.87381, 0.88018, 
0.88333), PSO.test.acc = c(0.90893, 0.88194, 0.92444, 0.89434, 
0.9103, 0.87477, 0.86667, 0.86749, 0.82429, 0.86774, 0.87), PSO.train.time = c(0.0187, 
0.0209, 0.0204, 0.0195, 0.021, 0.0237, 0.0234, 0.0251, 0.022, 
0.0258, 0.0266), PSO.n.support.vectors = c(35.3, 49.4, 40.5, 
43.6, 45.2, 79.6, 72.2, 73.8, 38, 90.8, 77.4), PSO.index = c(86, 
4, 4, 910, 786, 471, 141, 404, 2, 98, 211), PSO.n.solutions = c(1111, 
254, 1174, 165, 221, 260, 566, 638, 852, 897, 813), PSO.generations = c(100, 
100, 100, 100, 100, 100, 100, 100, 100, 100, 100), PSO.n.evaluations = c(2500, 
2500, 2500, 2500, 2500, 2500, 2500, 2500, 2500, 2500, 2500), 
    PSO.cpu.time = c(7322.368, 7359.796, 7121.91, 7089.177, 7190.61, 
    7214.79699999999, 7307.571, 7345.97799999999, 7506.145, 7503.182, 
    7695.39800000002), RS.cost = c(9.61269, 0.50572, 12.23871, 
    1.62839, 0.86902, 0.9392, 1.15883, 0.99843, 9.19601, 2.02324, 
    1.39943), RS.gamma = c(-3.39564, -3.44911, -3.46131, -3.79923, 
    -3.83971, -1.93793, -2.19194, -2.35838, -11.43688, -1.90222, 
    -2.50994), RS.data.balancing = c(0, 0, 0, 0, 0, 0, 0, 0, 
    0, 0, 0), RS.feature.selection = c(0, 0, 0, 0, 0, 0, 0, 0, 
    0, 0, 0), RS.valid.acc = c(0.925, 0.94028, 0.92333, 0.92253, 
    0.91939, 0.89079, 0.88205, 0.87463, 0.87381, 0.88018, 0.88333
    ), RS.test.acc = c(0.90893, 0.88056, 0.92444, 0.90434, 0.90197, 
    0.88234, 0.86667, 0.86749, 0.87381, 0.86774, 0.87667), RS.train.time = c(0.0202, 
    0.0205, 0.0212, 0.0185, 0.0222, 0.0241, 0.0227, 0.0229, 0.0229, 
    0.0282, 0.0255), RS.n.support.vectors = c(35.3, 39.2, 40.5, 
    43.5, 45, 76.6, 73.8, 73.7, 41, 90.7, 79.1), RS.index = c(478, 
    1579, 401, 2027, 734, 2266, 1433, 484, 5, 516, 161), RS.n.solutions = c(15, 
    2, 17, 2, 2, 1, 2, 1, 112, 7, 3), RS.generations = c(100, 
    100, 100, 100, 100, 100, 100, 100, 100, 100, 100), RS.n.evaluations = c(2500, 
    2500, 2500, 2500, 2500, 2500, 2500, 2500, 2500, 2500, 2500
    ), RS.cpu.time = c(7347.937, 7333.148, 7049.134, 7089.75900000001, 
    7247.855, 7358.872, 7255.80499999999, 7355.62699999999, 7563.60399999999, 
    7528.11299999998, 7592.818), DF.cost = c(1, 1, 1, 1, 1, 1, 
    1, 1, 1, 1, 1), DF.gamma = c(0.05263, 0.05263, 0.05263, 0.05263, 
    0.05263, 0.05263, 0.05263, 0.05263, 0.05263, 0.05263, 0.05263
    ), DF.data.balancing = c(0, 0, 0, 0, 0, 0, 0, 0, 0, 0, 0), 
    DF.feature.selection = c(0, 0, 0, 0, 0, 0, 0, 0, 0, 0, 0), 
    DF.valid.acc = c(0.89643, 0.92639, 0.88182, 0.89525, 0.86303, 
    0.85659, 0.84167, 0.81355, 0.85238, 0.84137, 0.85083), DF.test.acc = c(0.90893, 
    0.85556, 0.89404, 0.88525, 0.89121, 0.87401, 0.84231, 0.82839, 
    0.84524, 0.85387, 0.8375), DF.train.time = c(0.0199, 0.0201, 
    0.0196, 0.0201, 0.02, 0.0207, 0.0205, 0.0214, 0.0224, 0.0216, 
    0.0246), DF.n.support.vectors = c(33.1, 35, 37.2, 43.2, 45, 
    47, 50.9, 52.1, 54.8, 55.4, 55.9), DF.index = c(1, 1, 1, 
    1, 1, 1, 1, 1, 1, 1, 1), DF.n.solutions = c(1, 1, 1, 1, 1, 
    1, 1, 1, 1, 1, 1), DF.generations = c(1, 1, 1, 1, 1, 1, 1, 
    1, 1, 1, 1), DF.n.evaluations = c(1, 1, 1, 1, 1, 1, 1, 1, 
    1, 1, 1), DF.cpu.time = c(2.955, 2.895, 2.834, 2.935, 2.827, 
    2.951, 2.79, 2.974, 2.979, 2.835, 3.059), SMBO.cost = c(7.35591213046107, 
    7.35591213046107, 7.35591213046107, 7.35591213046107, 7.35591213046107, 
    7.35591213046107, 7.35591213046107, 7.35591213046107, 7.35591213046107, 
    7.35591213046107, 7.35591213046107), SMBO.gamma = c(-6.23145003363659, 
    -6.23145003363659, -6.23145003363659, -6.23145003363659, 
    -6.23145003363659, -6.23145003363659, -6.23145003363659, 
    -6.23145003363659, -6.23145003363659, -6.23145003363659, 
    -6.23145003363659), SMBO.balanced.test.accuracy = c(0.868398548049711, 
    0.868398548049711, 0.868398548049711, 0.868398548049711, 
    0.868398548049711, 0.868398548049711, 0.868398548049711, 
    0.868398548049711, 0.868398548049711, 0.868398548049711, 
    0.868398548049711)), .Names = c("Sampling", "PSO.cost", "PSO.gamma", 
"PSO.data.balancing", "PSO.feature.selection", "PSO.valid.acc", 
"PSO.test.acc", "PSO.train.time", "PSO.n.support.vectors", "PSO.index", 
"PSO.n.solutions", "PSO.generations", "PSO.n.evaluations", "PSO.cpu.time", 
"RS.cost", "RS.gamma", "RS.data.balancing", "RS.feature.selection", 
"RS.valid.acc", "RS.test.acc", "RS.train.time", "RS.n.support.vectors", 
"RS.index", "RS.n.solutions", "RS.generations", "RS.n.evaluations", 
"RS.cpu.time", "DF.cost", "DF.gamma", "DF.data.balancing", "DF.feature.selection", 
"DF.valid.acc", "DF.test.acc", "DF.train.time", "DF.n.support.vectors", 
"DF.index", "DF.n.solutions", "DF.generations", "DF.n.evaluations", 
"DF.cpu.time", "SMBO.cost", "SMBO.gamma", "SMBO.balanced.test.accuracy"
), row.names = c(NA, -11L), class = "data.frame")
