new.sol <-
structure(list(Sampling = c(50, 55, 60, 65, 70, 75, 80, 85, 90, 
95, 100), PSO.cost = c(2.41163, 12.87955, 10.07798, 10.43287, 
5.06315, 1.01669, 0.7661, 0.52158, 12.36053, 3.71371, 0.54567
), PSO.gamma = c(-5.3729, -12.10851, -12.4019, -10.24005, -7.99489, 
-2.15815, -3.66799, -2.85949, -1.97865, -2.17206, -3.42971), 
    PSO.data.balancing = c(0, 0, 0, 0, 0, 0, 0, 0, 0, 0, 0), 
    PSO.feature.selection = c(0, 0, 0, 0, 0, 0, 0, 0, 0, 0, 0
    ), PSO.valid.acc = c(0.8746, 0.88472, 0.89333, 0.89364, 0.89136, 
    0.89132, 0.89744, 0.88883, 0.90095, 0.8803, 0.88324), PSO.test.acc = c(0.85238, 
    0.86111, 0.87333, 0.84455, 0.8747, 0.88223, 0.86538, 0.87399, 
    0.88714, 0.85315, 0.8511), PSO.train.time = c(0.0183, 0.0187, 
    0.0187, 0.0201, 0.0197, 0.0232, 0.022, 0.0228, 0.0254, 0.0259, 
    0.0234), PSO.n.support.vectors = c(28.3, 23.8, 27.9, 25.3, 
    32.7, 68.9, 49.4, 62.6, 87.3, 82.6, 62.2), PSO.index = c(649, 
    58, 57, 1978, 312, 96, 206, 633, 156, 390, 179), PSO.n.solutions = c(205, 
    472, 145, 1, 597, 70, 968, 265, 864, 922, 80), PSO.generations = c(100, 
    100, 100, 100, 100, 100, 100, 100, 100, 100, 100), PSO.n.evaluations = c(2500, 
    2500, 2500, 2500, 2500, 2500, 2500, 2500, 2500, 2500, 2500
    ), PSO.cpu.time = c(6783.565, 7889.191, 8744.196, 8903.241, 
    8631.946, 9055.595, 9045.739, 9073.26700000001, 9062.01199999999, 
    9051.26999999999, 9025.155), RS.cost = c(2.36121, 14.24668, 
    9.47601, 9.98365, 4.52432, 1.05787, 0.38477, 0.42422, 2.34619, 
    6.46188, 7.34836), RS.gamma = c(-5.59279, -13.57174, -11.80736, 
    -9.89096, -7.43975, -2.18002, -3.55832, -2.3754, -2.02061, 
    -2.16297, -11.55066), RS.data.balancing = c(0, 0, 0, 0, 0, 
    0, 0, 0, 0, 0, 0), RS.feature.selection = c(0, 0, 0, 0, 0, 
    0, 0, 0, 0, 0, 0), RS.valid.acc = c(0.8746, 0.88472, 0.89333, 
    0.88455, 0.89136, 0.89132, 0.89744, 0.88114, 0.90095, 0.8803, 
    0.88287), RS.test.acc = c(0.86349, 0.87361, 0.87333, 0.83455, 
    0.8747, 0.88223, 0.85769, 0.85971, 0.89429, 0.85982, 0.84412
    ), RS.train.time = c(0.0179, 0.0193, 0.0209, 0.022, 0.0193, 
    0.0243, 0.0224, 0.024, 0.0274, 0.0262, 0.0231), RS.n.support.vectors = c(27.7, 
    23.7, 27.9, 25.2, 33, 68.5, 50.9, 71.1, 85.6, 82.7, 47), 
    RS.index = c(2076, 654, 292, 66, 992, 1739, 416, 66, 83, 
    431, 432), RS.n.solutions = c(1, 8, 11, 5, 2, 1, 4, 4, 6, 
    2, 5), RS.generations = c(100, 100, 100, 100, 100, 100, 100, 
    100, 100, 100, 100), RS.n.evaluations = c(2500, 2500, 2500, 
    2500, 2500, 2500, 2500, 2500, 2500, 2500, 2500), RS.cpu.time = c(6732.766, 
    8729.113, 8925.914, 8806.204, 8764.303, 9008.102, 9080.25899999999, 
    9029.92100000002, 9019.70800000001, 9077.815, 9073.81200000001
    ), DF.cost = c(1, 1, 1, 1, 1, 1, 1, 1, 1, 1, 1), DF.gamma = c(0.05263, 
    0.05263, 0.05263, 0.05263, 0.05263, 0.05263, 0.05263, 0.05263, 
    0.05263, 0.05263, 0.05263), DF.data.balancing = c(0, 0, 0, 
    0, 0, 0, 0, 0, 0, 0, 0), DF.feature.selection = c(0, 0, 0, 
    0, 0, 0, 0, 0, 0, 0, 0), DF.valid.acc = c(0.79782, 0.81389, 
    0.81778, 0.84455, 0.84652, 0.84802, 0.87372, 0.83654, 0.87381, 
    0.8394, 0.83865), DF.test.acc = c(0.83849, 0.80278, 0.82889, 
    0.83364, 0.82909, 0.84942, 0.85705, 0.84478, 0.88, 0.86565, 
    0.85902), DF.train.time = c(0.0168, 0.0218, 0.0196, 0.0212, 
    0.0196, 0.0216, 0.0221, 0.022, 0.0228, 0.0235, 0.0234), DF.n.support.vectors = c(33.3, 
    36.1, 38.6, 40.5, 43.3, 45.4, 48.2, 50.2, 54.4, 54.8, 56.8
    ), DF.index = c(1, 1, 1, 1, 1, 1, 1, 1, 1, 1, 1), DF.n.solutions = c(1, 
    1, 1, 1, 1, 1, 1, 1, 1, 1, 1), DF.generations = c(1, 1, 1, 
    1, 1, 1, 1, 1, 1, 1, 1), DF.n.evaluations = c(1, 1, 1, 1, 
    1, 1, 1, 1, 1, 1, 1), DF.cpu.time = c(2.557, 3.677, 3.421, 
    3.623, 3.478, 3.583, 3.68, 3.572, 3.545, 3.572, 3.562), SMBO.cost = c(2.31000800855399, 
    2.31000800855399, 2.31000800855399, 2.31000800855399, 2.31000800855399, 
    2.31000800855399, 2.31000800855399, 2.31000800855399, 2.31000800855399, 
    2.31000800855399, 2.31000800855399), SMBO.gamma = c(-5.17254836947192, 
    -5.17254836947192, -5.17254836947192, -5.17254836947192, 
    -5.17254836947192, -5.17254836947192, -5.17254836947192, 
    -5.17254836947192, -5.17254836947192, -5.17254836947192, 
    -5.17254836947192), SMBO.balanced.test.accuracy = c(0.824885082238023, 
    0.824885082238023, 0.824885082238023, 0.824885082238023, 
    0.824885082238023, 0.824885082238023, 0.824885082238023, 
    0.824885082238023, 0.824885082238023, 0.824885082238023, 
    0.824885082238023)), .Names = c("Sampling", "PSO.cost", "PSO.gamma", 
"PSO.data.balancing", "PSO.feature.selection", "PSO.valid.acc", 
"PSO.test.acc", "PSO.train.time", "PSO.n.support.vectors", "PSO.index", 
"PSO.n.solutions", "PSO.generations", "PSO.n.evaluations", "PSO.cpu.time", 
"RS.cost", "RS.gamma", "RS.data.balancing", "RS.feature.selection", 
"RS.valid.acc", "RS.test.acc", "RS.train.time", "RS.n.support.vectors", 
"RS.index", "RS.n.solutions", "RS.generations", "RS.n.evaluations", 
"RS.cpu.time", "DF.cost", "DF.gamma", "DF.data.balancing", "DF.feature.selection", 
"DF.valid.acc", "DF.test.acc", "DF.train.time", "DF.n.support.vectors", 
"DF.index", "DF.n.solutions", "DF.generations", "DF.n.evaluations", 
"DF.cpu.time", "SMBO.cost", "SMBO.gamma", "SMBO.balanced.test.accuracy"
), row.names = c(NA, -11L), class = "data.frame")
