new.sol <-
structure(list(Sampling = c(50, 55, 60, 65, 70, 75, 80, 85, 90, 
95, 100), PSO.cost = c(0.42372, 9.9589, 6.04607, 15, 7.08218, 
11.3277, 1.23067, 5.46166, 13.86751, 1.59675, 4.40933), PSO.gamma = c(-2.28588, 
-2.0212, -9.90558, -1.88679, -1.89397, -14.80784, -2.3899, -2.15549, 
-2.03053, -3.46911, -1.96028), PSO.data.balancing = c(0, 0, 0, 
0, 0, 0, 0, 0, 0, 0, 0), PSO.feature.selection = c(0, 0, 0, 0, 
0, 0, 0, 0, 0, 0, 0), PSO.valid.acc = c(0.85893, 0.87083, 0.88333, 
0.88253, 0.8953, 0.88427, 0.89167, 0.8956, 0.88048, 0.88774, 
0.88355), PSO.test.acc = c(0.84643, 0.84861, 0.86222, 0.84141, 
0.87621, 0.85006, 0.88397, 0.87308, 0.8519, 0.86107, 0.87022), 
    PSO.train.time = c(0.0202, 0.0201, 0.0197, 0.0217, 0.0224, 
    0.0196, 0.0234, 0.0242, 0.0259, 0.0237, 0.0252), PSO.n.support.vectors = c(48.3, 
    56.7, 31.4, 68.1, 71.3, 37.1, 68.8, 78.1, 85.6, 62.1, 92.3
    ), PSO.index = c(336, 55, 21, 107, 75, 276, 671, 140, 91, 
    403, 699), PSO.n.solutions = c(99, 873, 68, 842, 1245, 24, 
    411, 790, 1365, 624, 573), PSO.generations = c(100, 100, 
    100, 100, 100, 100, 100, 100, 100, 100, 100), PSO.n.evaluations = c(2500, 
    2500, 2500, 2500, 2500, 2500, 2500, 2500, 2500, 2500, 2500
    ), PSO.cpu.time = c(7551.028, 7190.515, 7312.055, 7323.258, 
    6965.27899999999, 7059.71100000001, 7157.337, 7392.986, 7239.74800000001, 
    7203.41799999999, 7621.84599999999), RS.cost = c(-0.09218, 
    4.09996, 10.65108, 5.31732, 2.61564, -0.10952, 14.13014, 
    11.33855, 11.99436, 1.61917, 13.55926), RS.gamma = c(-2.6777, 
    -1.92274, -14.54103, -1.88988, -1.94255, -2.67931, -2.33143, 
    -2.17502, -1.98599, -3.50185, -1.96965), RS.data.balancing = c(0, 
    0, 0, 0, 0, 0, 0, 0, 0, 0, 0), RS.feature.selection = c(0, 
    0, 0, 0, 0, 0, 0, 0, 0, 0, 0), RS.valid.acc = c(0.85893, 
    0.87083, 0.88333, 0.88253, 0.8953, 0.88362, 0.88397, 0.8956, 
    0.88048, 0.88774, 0.88355), RS.test.acc = c(0.83393, 0.85833, 
    0.86222, 0.84141, 0.87621, 0.86684, 0.86795, 0.87308, 0.8519, 
    0.86107, 0.87022), RS.train.time = c(0.0191, 0.0197, 0.0193, 
    0.0218, 0.0229, 0.021, 0.0232, 0.0242, 0.0238, 0.022, 0.0259
    ), RS.n.support.vectors = c(44.7, 57.9, 30.9, 68.1, 70.1, 
    60.3, 70, 77.7, 87, 61.6, 91.7), RS.index = c(1155, 2, 1323, 
    115, 17, 1566, 22, 548, 194, 961, 1256), RS.n.solutions = c(2, 
    27, 5, 2, 21, 1, 42, 4, 12, 1, 2), RS.generations = c(100, 
    100, 100, 100, 100, 100, 100, 100, 100, 100, 100), RS.n.evaluations = c(2500, 
    2500, 2500, 2500, 2500, 2500, 2500, 2500, 2500, 2500, 2500
    ), RS.cpu.time = c(7374.934, 7305.462, 7339.686, 7218.183, 
    7182.538, 7107.60399999999, 7190.21400000001, 7365.711, 7196.807, 
    7344.285, 7601.10700000002), DF.cost = c(1, 1, 1, 1, 1, 1, 
    1, 1, 1, 1, 1), DF.gamma = c(0.05263, 0.05263, 0.05263, 0.05263, 
    0.05263, 0.05263, 0.05263, 0.05263, 0.05263, 0.05263, 0.05263
    ), DF.data.balancing = c(0, 0, 0, 0, 0, 0, 0, 0, 0, 0, 0), 
    DF.feature.selection = c(0, 0, 0, 0, 0, 0, 0, 0, 0, 0, 0), 
    DF.valid.acc = c(0.80893, 0.8, 0.85222, 0.84121, 0.82879, 
    0.85699, 0.84784, 0.85989, 0.84524, 0.86637, 0.8585), DF.test.acc = c(0.82143, 
    0.81111, 0.84111, 0.82212, 0.82803, 0.82418, 0.84784, 0.83791, 
    0.85952, 0.87262, 0.85924), DF.train.time = c(0.0179, 0.0214, 
    0.0196, 0.0201, 0.0208, 0.0218, 0.0221, 0.0216, 0.0206, 0.0249, 
    0.0238), DF.n.support.vectors = c(33.9, 35.9, 37.5, 42, 42.8, 
    46.3, 48.7, 52.6, 55, 56.8, 56.4), DF.index = c(1, 1, 1, 
    1, 1, 1, 1, 1, 1, 1, 1), DF.n.solutions = c(1, 1, 1, 1, 1, 
    1, 1, 1, 1, 1, 1), DF.generations = c(1, 1, 1, 1, 1, 1, 1, 
    1, 1, 1, 1), DF.n.evaluations = c(1, 1, 1, 1, 1, 1, 1, 1, 
    1, 1, 1), DF.cpu.time = c(2.953, 3.053, 2.931, 2.857, 2.906, 
    2.835, 2.983, 2.934, 2.739, 3.07, 3.063), SMBO.cost = c(14.9922831515716, 
    14.9922831515716, 14.9922831515716, 14.9922831515716, 14.9922831515716, 
    14.9922831515716, 14.9922831515716, 14.9922831515716, 14.9922831515716, 
    14.9922831515716, 14.9922831515716), SMBO.gamma = c(-3.89646388966008, 
    -3.89646388966008, -3.89646388966008, -3.89646388966008, 
    -3.89646388966008, -3.89646388966008, -3.89646388966008, 
    -3.89646388966008, -3.89646388966008, -3.89646388966008, 
    -3.89646388966008), SMBO.balanced.test.accuracy = c(0.861745905166958, 
    0.861745905166958, 0.861745905166958, 0.861745905166958, 
    0.861745905166958, 0.861745905166958, 0.861745905166958, 
    0.861745905166958, 0.861745905166958, 0.861745905166958, 
    0.861745905166958)), .Names = c("Sampling", "PSO.cost", "PSO.gamma", 
"PSO.data.balancing", "PSO.feature.selection", "PSO.valid.acc", 
"PSO.test.acc", "PSO.train.time", "PSO.n.support.vectors", "PSO.index", 
"PSO.n.solutions", "PSO.generations", "PSO.n.evaluations", "PSO.cpu.time", 
"RS.cost", "RS.gamma", "RS.data.balancing", "RS.feature.selection", 
"RS.valid.acc", "RS.test.acc", "RS.train.time", "RS.n.support.vectors", 
"RS.index", "RS.n.solutions", "RS.generations", "RS.n.evaluations", 
"RS.cpu.time", "DF.cost", "DF.gamma", "DF.data.balancing", "DF.feature.selection", 
"DF.valid.acc", "DF.test.acc", "DF.train.time", "DF.n.support.vectors", 
"DF.index", "DF.n.solutions", "DF.generations", "DF.n.evaluations", 
"DF.cpu.time", "SMBO.cost", "SMBO.gamma", "SMBO.balanced.test.accuracy"
), row.names = c(NA, -11L), class = "data.frame")
