new.sol <-
structure(list(Sampling = c(50, 55, 60, 65, 70, 75, 80, 85, 90, 
95, 100), PSO.cost = c(6.57782, 9.7267, 13.44961, 6.6302, 10.82536, 
5.04413, 9.34616, 8.07483, 1.73748, 8.0313, 2.21844), PSO.gamma = c(-7.86342, 
-9.69247, -5.19614, -3.08358, -9.41285, -5.97514, -5.09267, -2.42564, 
-2.46297, -2.23258, -2.70873), PSO.data.balancing = c(0, 0, 0, 
0, 0, 0, 0, 0, 0, 0, 0), PSO.feature.selection = c(0, 0, 0, 0, 
0, 0, 0, 0, 0, 0, 0), PSO.valid.acc = c(0.89643, 0.89583, 0.89556, 
0.89273, 0.90909, 0.89697, 0.89734, 0.89597, 0.89462, 0.88661, 
0.88375), PSO.test.acc = c(0.85714, 0.82472, 0.85194, 0.86364, 
0.86364, 0.86288, 0.82601, 0.88828, 0.88081, 0.89417, 0.85167
), PSO.train.time = c(0.0187, 0.0186, 0.0194, 0.0207, 0.0214, 
0.0193, 0.0213, 0.0229, 0.024, 0.0248, 0.0255), PSO.n.support.vectors = c(21.3, 
20.3, 28.3, 48.2, 20.1, 29.7, 35.8, 70, 73, 82.7, 75.2), PSO.index = c(1748, 
26, 43, 29, 264, 49, 226, 48, 277, 70, 789), PSO.n.solutions = c(71, 
162, 1334, 704, 76, 222, 751, 1203, 243, 1108, 45), PSO.generations = c(100, 
100, 100, 100, 100, 100, 100, 100, 100, 100, 100), PSO.n.evaluations = c(2500, 
2500, 2500, 2500, 2500, 2500, 2500, 2500, 2500, 2500, 2500), 
    PSO.cpu.time = c(8721.627, 8687.724, 8615.444, 8549.06, 8453.51800000001, 
    8441.56299999999, 8385.67999999999, 8351.946, 8301.56900000002, 
    8215.99100000001, 8203.37400000001), RS.cost = c(6.68478, 
    2.2732, 10.06488, 9.69203, 14.72668, 0.93059, 10.90852, 5.1647, 
    0.93826, 11.55828, 0.20631), RS.gamma = c(-8.2384, -4.10325, 
    -9.44806, -3.1065, -12.78817, -2.95987, -5.12879, -2.42807, 
    -2.50441, -2.23452, -4.77702), RS.data.balancing = c(0, 0, 
    0, 0, 0, 0, 0, 0, 0, 0, 0), RS.feature.selection = c(0, 0, 
    0, 0, 0, 0, 0, 0, 0, 0, 0), RS.valid.acc = c(0.89643, 0.90667, 
    0.89667, 0.89273, 0.9, 0.89697, 0.89734, 0.89597, 0.88795, 
    0.88661, 0.87792), RS.test.acc = c(0.84464, 0.82472, 0.85944, 
    0.86364, 0.87273, 0.89697, 0.82601, 0.88828, 0.8885, 0.89417, 
    0.865), RS.train.time = c(0.0173, 0.0191, 0.0193, 0.0202, 
    0.0194, 0.0206, 0.0225, 0.0228, 0.0243, 0.0238, 0.0219), 
    RS.n.support.vectors = c(21.7, 33.1, 20.8, 47.8, 19.1, 53.7, 
    35.7, 70, 72.3, 82.6, 54.5), RS.index = c(1472, 1085, 2408, 
    133, 3, 747, 910, 6, 1462, 500, 1731), RS.n.solutions = c(1, 
    2, 1, 5, 12, 3, 5, 25, 1, 24, 1), RS.generations = c(100, 
    100, 100, 100, 100, 100, 100, 100, 100, 100, 100), RS.n.evaluations = c(2500, 
    2500, 2500, 2500, 2500, 2500, 2500, 2500, 2500, 2500, 2500
    ), RS.cpu.time = c(8665.842, 8632.893, 8571.76, 8423.198, 
    8414.224, 8430.49399999999, 8407.35800000001, 8416.99400000001, 
    8294.58500000002, 8256.11499999999, 8048.39800000002), DF.cost = c(1, 
    1, 1, 1, 1, 1, 1, 1, 1, 1, 1), DF.gamma = c(0.05263, 0.05263, 
    0.05263, 0.05263, 0.05263, 0.05263, 0.05263, 0.05263, 0.05263, 
    0.05263, 0.05263), DF.data.balancing = c(0, 0, 0, 0, 0, 0, 
    0, 0, 0, 0, 0), DF.feature.selection = c(0, 0, 0, 0, 0, 0, 
    0, 0, 0, 0, 0), DF.valid.acc = c(0.84742, 0.85083, 0.80917, 
    0.85273, 0.83636, 0.86364, 0.84084, 0.84313, 0.85209, 0.84702, 
    0.87125), DF.test.acc = c(0.84742, 0.83972, 0.83167, 0.86273, 
    0.83636, 0.86288, 0.8402, 0.84368, 0.84495, 0.84702, 0.87167
    ), DF.train.time = c(0.0183, 0.0183, 0.0196, 0.0234, 0.0197, 
    0.0199, 0.0192, 0.0201, 0.0217, 0.0223, 0.0217), DF.n.support.vectors = c(28.6, 
    31.9, 36.7, 38.1, 38.6, 40.1, 43, 48.1, 51.1, 53.9, 56.8), 
    DF.index = c(1, 1, 1, 1, 1, 1, 1, 1, 1, 1, 1), DF.n.solutions = c(1, 
    1, 1, 1, 1, 1, 1, 1, 1, 1, 1), DF.generations = c(1, 1, 1, 
    1, 1, 1, 1, 1, 1, 1, 1), DF.n.evaluations = c(1, 1, 1, 1, 
    1, 1, 1, 1, 1, 1, 1), DF.cpu.time = c(3.459, 3.462, 3.33, 
    3.381, 3.384, 3.377, 3.014, 3.319, 3.313, 3.322, 3.084), 
    SMBO.cost = c(4.23386810473016, 4.23386810473016, 4.23386810473016, 
    4.23386810473016, 4.23386810473016, 4.23386810473016, 4.23386810473016, 
    4.23386810473016, 4.23386810473016, 4.23386810473016, 4.23386810473016
    ), SMBO.gamma = c(-7.91832172544237, -7.91832172544237, -7.91832172544237, 
    -7.91832172544237, -7.91832172544237, -7.91832172544237, 
    -7.91832172544237, -7.91832172544237, -7.91832172544237, 
    -7.91832172544237, -7.91832172544237), SMBO.balanced.test.accuracy = c(0.823516937990622, 
    0.823516937990622, 0.823516937990622, 0.823516937990622, 
    0.823516937990622, 0.823516937990622, 0.823516937990622, 
    0.823516937990622, 0.823516937990622, 0.823516937990622, 
    0.823516937990622)), .Names = c("Sampling", "PSO.cost", "PSO.gamma", 
"PSO.data.balancing", "PSO.feature.selection", "PSO.valid.acc", 
"PSO.test.acc", "PSO.train.time", "PSO.n.support.vectors", "PSO.index", 
"PSO.n.solutions", "PSO.generations", "PSO.n.evaluations", "PSO.cpu.time", 
"RS.cost", "RS.gamma", "RS.data.balancing", "RS.feature.selection", 
"RS.valid.acc", "RS.test.acc", "RS.train.time", "RS.n.support.vectors", 
"RS.index", "RS.n.solutions", "RS.generations", "RS.n.evaluations", 
"RS.cpu.time", "DF.cost", "DF.gamma", "DF.data.balancing", "DF.feature.selection", 
"DF.valid.acc", "DF.test.acc", "DF.train.time", "DF.n.support.vectors", 
"DF.index", "DF.n.solutions", "DF.generations", "DF.n.evaluations", 
"DF.cpu.time", "SMBO.cost", "SMBO.gamma", "SMBO.balanced.test.accuracy"
), row.names = c(NA, -11L), class = "data.frame")
