new.sol <-
structure(list(Sampling = c(50, 55, 60, 65, 70, 75, 80, 85, 90, 
95, 100), PSO.cost = c(1.06558, 2.75149, 9.35976, 6.24184, 0.92427, 
1.07533, 4.91764, 11.4414, 0.3787, 9.79723, 4.36711), PSO.gamma = c(-4.00402, 
-4.19812, -2.7928, -9.52102, -2.21666, -2.47434, -3.06021, -11.83891, 
-2.43079, -2.68015, -8.79633), PSO.data.balancing = c(0, 0, 0, 
0, 0, 0, 0, 0, 0, 0, 0), PSO.feature.selection = c(0, 0, 0, 0, 
0, 0, 0, 0, 0, 0, 0), PSO.valid.acc = c(0.9, 0.93889, 0.90444, 
0.88455, 0.86485, 0.88712, 0.89167, 0.88736, 0.89319, 0.90667, 
0.89042), PSO.test.acc = c(0.86071, 0.90556, 0.88333, 0.86364, 
0.84758, 0.862, 0.86026, 0.83407, 0.87223, 0.88667, 0.865), PSO.train.time = c(0.0169, 
0.019, 0.02, 0.0196, 0.0223, 0.022, 0.0197, 0.023, 0.0264, 0.0278, 
0.0238), PSO.n.support.vectors = c(34.8, 35.8, 49.3, 30.3, 66.5, 
63.6, 55.7, 32.6, 74.2, 74, 49), PSO.index = c(1982, 755, 55, 
111, 1011, 562, 117, 103, 413, 134, 59), PSO.n.solutions = c(3, 
533, 102, 569, 49, 242, 1181, 75, 364, 795, 331), PSO.generations = c(100, 
100, 100, 100, 100, 100, 100, 100, 100, 100, 100), PSO.n.evaluations = c(2500, 
2500, 2500, 2500, 2500, 2500, 2500, 2500, 2500, 2500, 2500), 
    PSO.cpu.time = c(6724.073, 6853.764, 6888.247, 6914.251, 
    6901.903, 6605.11, 6620.30099999999, 9449.412, 9496.845, 
    9559.60000000001, 9333.139), RS.cost = c(9.01561, 3.12927, 
    5.24857, 10.76026, 1.62151, 1.04538, 2.84913, 11.40557, 0.67083, 
    9.89818, 3.03386), RS.gamma = c(-4.08958, -4.3708, -7.33892, 
    -13.55127, -2.65162, -2.4474, -3.8445, -11.75519, -2.2978, 
    -2.67306, -7.3539), RS.data.balancing = c(0, 0, 0, 0, 0, 
    0, 0, 0, 0, 0, 0), RS.feature.selection = c(0, 0, 0, 0, 0, 
    0, 0, 0, 0, 0, 0), RS.valid.acc = c(0.8875, 0.93889, 0.90444, 
    0.88455, 0.87318, 0.88712, 0.89936, 0.88736, 0.89319, 0.90667, 
    0.89667), RS.test.acc = c(0.875, 0.89444, 0.89444, 0.87455, 
    0.86485, 0.862, 0.86731, 0.83407, 0.87271, 0.88667, 0.865
    ), RS.train.time = c(0.0164, 0.019, 0.0191, 0.0186, 0.0202, 
    0.0215, 0.0219, 0.0232, 0.0264, 0.0271, 0.0236), RS.n.support.vectors = c(34, 
    34.6, 27.4, 28.8, 59.1, 63.9, 46.1, 32.5, 77.2, 74, 48.9), 
    RS.index = c(984, 1341, 145, 11, 521, 1940, 1843, 301, 336, 
    226, 1140), RS.n.solutions = c(2, 1, 17, 91, 1, 1, 1, 2, 
    2, 2, 2), RS.generations = c(100, 100, 100, 100, 100, 100, 
    100, 100, 100, 100, 100), RS.n.evaluations = c(2500, 2500, 
    2500, 2500, 2500, 2500, 2500, 2500, 2500, 2500, 2500), RS.cpu.time = c(6727.749, 
    6782.947, 6903.054, 6989.675, 6693.774, 6547.871, 8954.43699999999, 
    9460.435, 9514.48200000002, 9528.84299999999, 9419.54200000002
    ), DF.cost = c(1, 1, 1, 1, 1, 1, 1, 1, 1, 1, 1), DF.gamma = c(0.05263, 
    0.05263, 0.05263, 0.05263, 0.05263, 0.05263, 0.05263, 0.05263, 
    0.05263, 0.05263, 0.05263), DF.data.balancing = c(0, 0, 0, 
    0, 0, 0, 0, 0, 0, 0, 0), DF.feature.selection = c(0, 0, 0, 
    0, 0, 0, 0, 0, 0, 0, 0), DF.valid.acc = c(0.84821, 0.88333, 
    0.84, 0.86273, 0.83576, 0.8384, 0.85769, 0.84176, 0.85128, 
    0.86667, 0.86417), DF.test.acc = c(0.84821, 0.87222, 0.86222, 
    0.83455, 0.85561, 0.82931, 0.84167, 0.81978, 0.85081, 0.87333, 
    0.89042), DF.train.time = c(0.0193, 0.019, 0.018, 0.0178, 
    0.0179, 0.019, 0.0234, 0.0241, 0.0244, 0.0241, 0.0243), DF.n.support.vectors = c(34.7, 
    38, 36.8, 38.5, 43.1, 43.4, 44.1, 48.1, 53, 56.3, 56.5), 
    DF.index = c(1, 1, 1, 1, 1, 1, 1, 1, 1, 1, 1), DF.n.solutions = c(1, 
    1, 1, 1, 1, 1, 1, 1, 1, 1, 1), DF.generations = c(1, 1, 1, 
    1, 1, 1, 1, 1, 1, 1, 1), DF.n.evaluations = c(1, 1, 1, 1, 
    1, 1, 1, 1, 1, 1, 1), DF.cpu.time = c(2.896, 2.814, 2.71, 
    2.625, 2.612, 2.683, 3.774, 3.798, 3.815, 3.754, 3.792), 
    SMBO.cost = c(0.806851281256532, 0.806851281256532, 0.806851281256532, 
    0.806851281256532, 0.806851281256532, 0.806851281256532, 
    0.806851281256532, 0.806851281256532, 0.806851281256532, 
    0.806851281256532, 0.806851281256532), SMBO.gamma = c(-3.4771393936628, 
    -3.4771393936628, -3.4771393936628, -3.4771393936628, -3.4771393936628, 
    -3.4771393936628, -3.4771393936628, -3.4771393936628, -3.4771393936628, 
    -3.4771393936628, -3.4771393936628), SMBO.balanced.test.accuracy = c(0.798202504123557, 
    0.798202504123557, 0.798202504123557, 0.798202504123557, 
    0.798202504123557, 0.798202504123557, 0.798202504123557, 
    0.798202504123557, 0.798202504123557, 0.798202504123557, 
    0.798202504123557)), .Names = c("Sampling", "PSO.cost", "PSO.gamma", 
"PSO.data.balancing", "PSO.feature.selection", "PSO.valid.acc", 
"PSO.test.acc", "PSO.train.time", "PSO.n.support.vectors", "PSO.index", 
"PSO.n.solutions", "PSO.generations", "PSO.n.evaluations", "PSO.cpu.time", 
"RS.cost", "RS.gamma", "RS.data.balancing", "RS.feature.selection", 
"RS.valid.acc", "RS.test.acc", "RS.train.time", "RS.n.support.vectors", 
"RS.index", "RS.n.solutions", "RS.generations", "RS.n.evaluations", 
"RS.cpu.time", "DF.cost", "DF.gamma", "DF.data.balancing", "DF.feature.selection", 
"DF.valid.acc", "DF.test.acc", "DF.train.time", "DF.n.support.vectors", 
"DF.index", "DF.n.solutions", "DF.generations", "DF.n.evaluations", 
"DF.cpu.time", "SMBO.cost", "SMBO.gamma", "SMBO.balanced.test.accuracy"
), row.names = c(NA, -11L), class = "data.frame")
