new.sol <-
structure(list(Sampling = c(50, 55, 60, 65, 70, 75, 80, 85, 90, 
95, 100), PSO.cost = c(9.91084, 7.70345, 15, 1.30973, 2.20786, 
1.29335, 2.72032, 1.16595, 0.19436, 2.13735, 0.06335), PSO.gamma = c(-12.72328, 
-8.0736, -10.111, -4.61195, -5.04827, -4.58215, -2.35395, -2.31337, 
-3.19078, -2.97812, -3.50291), PSO.data.balancing = c(0, 0, 0, 
0, 0, 0, 0, 0, 0, 0, 0), PSO.feature.selection = c(0, 0, 0, 0, 
0, 0, 0, 0, 0, 0, 0), PSO.valid.acc = c(0.90893, 0.91528, 0.88111, 
0.89162, 0.89152, 0.90758, 0.87308, 0.87308, 0.88619, 0.89411, 
0.90282), PSO.test.acc = c(0.88214, 0.84722, 0.80889, 0.87253, 
0.85424, 0.86439, 0.85833, 0.85824, 0.88, 0.88613, 0.87735), 
    PSO.train.time = c(0.0178, 0.0186, 0.0197, 0.0211, 0.0201, 
    0.0221, 0.0248, 0.025, 0.0246, 0.0267, 0.0244), PSO.n.support.vectors = c(24.1, 
    24, 20.6, 40.3, 41, 43.5, 71.5, 75.1, 61.7, 70.7, 61.9), 
    PSO.index = c(108, 183, 122, 161, 251, 163, 60, 970, 949, 
    500, 525), PSO.n.solutions = c(126, 87, 1114, 274, 164, 374, 
    1073, 64, 91, 36, 356), PSO.generations = c(100, 100, 100, 
    100, 100, 100, 100, 100, 100, 100, 100), PSO.n.evaluations = c(2500, 
    2500, 2500, 2500, 2500, 2500, 2500, 2500, 2500, 2500, 2500
    ), PSO.cpu.time = c(6854.882, 6922.65, 7054.813, 7104.048, 
    7110.887, 9086.72499999999, 9106.696, 9078.24000000001, 9171.12900000002, 
    9261.005, 9204.34700000001), RS.cost = c(8.71048, 3.64941, 
    14.27944, 0.65102, 5.00863, 0.73959, 13.0493, 1.09247, 0.20961, 
    8.68693, -0.09412), RS.gamma = c(-11.52185, -4.53728, -10.02864, 
    -3.91386, -6.74401, -4.07586, -2.31468, -2.45817, -3.07559, 
    -2.98723, -3.65573), RS.data.balancing = c(0, 0, 0, 0, 0, 
    0, 0, 0, 0, 0, 0), RS.feature.selection = c(0, 0, 0, 0, 0, 
    0, 0, 0, 0, 0, 0), RS.valid.acc = c(0.90893, 0.90417, 0.88111, 
    0.89162, 0.87409, 0.90758, 0.87308, 0.87253, 0.87905, 0.88744, 
    0.89615), RS.test.acc = c(0.88214, 0.86944, 0.79778, 0.89162, 
    0.85591, 0.87348, 0.85833, 0.85824, 0.88, 0.8728, 0.87032
    ), RS.train.time = c(0.0184, 0.0188, 0.0203, 0.0203, 0.0189, 
    0.0227, 0.0249, 0.0246, 0.0242, 0.0265, 0.0247), RS.n.support.vectors = c(24, 
    31.9, 20.7, 43.2, 35.7, 46.2, 72, 71.4, 63.8, 69.9, 60.6), 
    RS.index = c(107, 367, 71, 452, 819, 744, 97, 2293, 481, 
    165, 1410), RS.n.solutions = c(7, 16, 7, 5, 3, 1, 29, 2, 
    5, 12, 1), RS.generations = c(100, 100, 100, 100, 100, 100, 
    100, 100, 100, 100, 100), RS.n.evaluations = c(2500, 2500, 
    2500, 2500, 2500, 2500, 2500, 2500, 2500, 2500, 2500), RS.cpu.time = c(6909.757, 
    6999.782, 7102.375, 7119.787, 7118.808, 9058.60000000001, 
    9082.41, 9049.03600000001, 9172.576, 9163.35499999998, 9240.91100000002
    ), DF.cost = c(1, 1, 1, 1, 1, 1, 1, 1, 1, 1, 1), DF.gamma = c(0.05263, 
    0.05263, 0.05263, 0.05263, 0.05263, 0.05263, 0.05263, 0.05263, 
    0.05263, 0.05263, 0.05263), DF.data.balancing = c(0, 0, 0, 
    0, 0, 0, 0, 0, 0, 0, 0), DF.feature.selection = c(0, 0, 0, 
    0, 0, 0, 0, 0, 0, 0, 0), DF.valid.acc = c(0.86925, 0.85556, 
    0.83111, 0.86343, 0.87394, 0.86515, 0.83462, 0.84341, 0.85143, 
    0.87405, 0.86444), DF.test.acc = c(0.84563, 0.86806, 0.82111, 
    0.86343, 0.87394, 0.85682, 0.84295, 0.82143, 0.8581, 0.86738, 
    0.85819), DF.train.time = c(0.0188, 0.0189, 0.0185, 0.0199, 
    0.0223, 0.0222, 0.0228, 0.0229, 0.0236, 0.0235, 0.0241), 
    DF.n.support.vectors = c(35.7, 37.6, 41.9, 42.6, 46.9, 46.1, 
    50.7, 52.2, 52.4, 56, 55.8), DF.index = c(1, 1, 1, 1, 1, 
    1, 1, 1, 1, 1, 1), DF.n.solutions = c(1, 1, 1, 1, 1, 1, 1, 
    1, 1, 1, 1), DF.generations = c(1, 1, 1, 1, 1, 1, 1, 1, 1, 
    1, 1), DF.n.evaluations = c(1, 1, 1, 1, 1, 1, 1, 1, 1, 1, 
    1), DF.cpu.time = c(2.769, 2.817, 2.855, 2.848, 3.632, 3.643, 
    3.633, 3.603, 3.739, 3.593, 3.661), SMBO.cost = c(8.3814825088663, 
    8.3814825088663, 8.3814825088663, 8.3814825088663, 8.3814825088663, 
    8.3814825088663, 8.3814825088663, 8.3814825088663, 8.3814825088663, 
    8.3814825088663, 8.3814825088663), SMBO.gamma = c(-11.0056218054522, 
    -11.0056218054522, -11.0056218054522, -11.0056218054522, 
    -11.0056218054522, -11.0056218054522, -11.0056218054522, 
    -11.0056218054522, -11.0056218054522, -11.0056218054522, 
    -11.0056218054522), SMBO.balanced.test.accuracy = c(0.844099518804476, 
    0.844099518804476, 0.844099518804476, 0.844099518804476, 
    0.844099518804476, 0.844099518804476, 0.844099518804476, 
    0.844099518804476, 0.844099518804476, 0.844099518804476, 
    0.844099518804476)), .Names = c("Sampling", "PSO.cost", "PSO.gamma", 
"PSO.data.balancing", "PSO.feature.selection", "PSO.valid.acc", 
"PSO.test.acc", "PSO.train.time", "PSO.n.support.vectors", "PSO.index", 
"PSO.n.solutions", "PSO.generations", "PSO.n.evaluations", "PSO.cpu.time", 
"RS.cost", "RS.gamma", "RS.data.balancing", "RS.feature.selection", 
"RS.valid.acc", "RS.test.acc", "RS.train.time", "RS.n.support.vectors", 
"RS.index", "RS.n.solutions", "RS.generations", "RS.n.evaluations", 
"RS.cpu.time", "DF.cost", "DF.gamma", "DF.data.balancing", "DF.feature.selection", 
"DF.valid.acc", "DF.test.acc", "DF.train.time", "DF.n.support.vectors", 
"DF.index", "DF.n.solutions", "DF.generations", "DF.n.evaluations", 
"DF.cpu.time", "SMBO.cost", "SMBO.gamma", "SMBO.balanced.test.accuracy"
), row.names = c(NA, -11L), class = "data.frame")
