new.sol <-
structure(list(Sampling = c(50, 55, 60, 65, 70, 75, 80, 85, 90, 
95, 100), PSO.cost = c(14.63705, 13.37516, 15, 5.57681, 12.30768, 
13.35799, 9.12197, 15, 6.07376, 7.34867, 13.5877), PSO.gamma = c(-14.27462, 
-9.16718, -12.76872, -3.72827, -13.15037, -8.64902, -6.72455, 
-12.33882, -3.41412, -7.0186, -9.18412), PSO.data.balancing = c(0, 
0, 0, 0, 0, 0, 0, 0, 0, 0, 0), PSO.feature.selection = c(0, 0, 
0, 0, 0, 0, 0, 0, 0, 0, 0), PSO.valid.acc = c(0.71402, 0.71612, 
0.71907, 0.74182, 0.73543, 0.77254, 0.75885, 0.77095, 0.78341, 
0.74798, 0.75876), PSO.test.acc = c(0.68606, 0.69033, 0.70699, 
0.71008, 0.74986, 0.77722, 0.76076, 0.79956, 0.72386, 0.72713, 
0.74377), PSO.train.time = c(0.0506, 0.0556, 0.0566, 0.0712, 
0.0658, 0.0681, 0.0725, 0.077, 0.0928, 0.0853, 0.0989), PSO.n.support.vectors = c(126.6, 
139, 149.7, 165.9, 172.1, 181.5, 196.6, 205.1, 229.2, 231.2, 
236.3), PSO.index = c(378, 64, 93, 697, 331, 114, 603, 209, 105, 
195, 16), PSO.n.solutions = c(69, 1588, 775, 66, 105, 1509, 446, 
782, 285, 232, 463), PSO.generations = c(100, 100, 100, 100, 
100, 100, 100, 100, 100, 100, 100), PSO.n.evaluations = c(2500, 
2500, 2500, 2500, 2500, 2500, 2500, 2500, 2500, 2500, 2500), 
    PSO.cpu.time = c(7107.088, 7215.111, 7397.311, 7548.735, 
    7519.375, 7847.861, 8155.295, 8280.481, 8632.58, 8600.505, 
    8672.32500000001), RS.cost = c(14.85948, 14.99473, 14.0898, 
    5.4488, 13.26416, 12.54488, 9.70289, 14.0863, 14.8905, 8.59337, 
    13.67261), RS.gamma = c(-14.50353, -9.02303, -11.68664, -3.77215, 
    -14.08737, -8.62265, -7.3228, -11.42568, -3.45038, -8.09869, 
    -9.16261), RS.data.balancing = c(0, 0, 0, 0, 0, 0, 0, 0, 
    0, 0, 0), RS.feature.selection = c(0, 0, 0, 0, 0, 0, 0, 0, 
    0, 0, 0), RS.valid.acc = c(0.71402, 0.71612, 0.71907, 0.74182, 
    0.73543, 0.77254, 0.75515, 0.77095, 0.77686, 0.74248, 0.75876
    ), RS.test.acc = c(0.68606, 0.69033, 0.70199, 0.7098, 0.74986, 
    0.77722, 0.7679, 0.8029, 0.72053, 0.7203, 0.74377), RS.train.time = c(0.051, 
    0.0577, 0.059, 0.0654, 0.0655, 0.0677, 0.0794, 0.0799, 0.0932, 
    0.094, 0.0911), RS.n.support.vectors = c(126.6, 139.2, 149.7, 
    165.9, 172.1, 182, 195.5, 204.9, 228.9, 230, 236.4), RS.index = c(68, 
    23, 461, 1382, 2258, 1146, 52, 2380, 53, 2489, 479), RS.n.solutions = c(3, 
    61, 2, 2, 1, 7, 3, 1, 6, 1, 3), RS.generations = c(100, 100, 
    100, 100, 100, 100, 100, 100, 100, 100, 100), RS.n.evaluations = c(2500, 
    2500, 2500, 2500, 2500, 2500, 2500, 2500, 2500, 2500, 2500
    ), RS.cpu.time = c(7140.882, 7226.037, 7451.254, 7535.198, 
    7653.519, 8114.274, 8289.413, 8446.11199999999, 8599.587, 
    8776.80899999998, 8476.48000000001), DF.cost = c(1, 1, 1, 
    1, 1, 1, 1, 1, 1, 1, 1), DF.gamma = c(0.06667, 0.06667, 0.06667, 
    0.06667, 0.06667, 0.06667, 0.06667, 0.06667, 0.06667, 0.06667, 
    0.06667), DF.data.balancing = c(0, 0, 0, 0, 0, 0, 0, 0, 0, 
    0, 0), DF.feature.selection = c(0, 0, 0, 0, 0, 0, 0, 0, 0, 
    0, 0), DF.valid.acc = c(0.49793, 0.47397, 0.53389, 0.50416, 
    0.54003, 0.56029, 0.56002, 0.57053, 0.61685, 0.59682, 0.60358
    ), DF.test.acc = c(0.47756, 0.47339, 0.50513, 0.51773, 0.55446, 
    0.59249, 0.55515, 0.57656, 0.59759, 0.59868, 0.61134), DF.train.time = c(0.0578, 
    0.0603, 0.0594, 0.0634, 0.0748, 0.0774, 0.0769, 0.084, 0.0902, 
    0.0964, 0.0975), DF.n.support.vectors = c(134.6, 147.9, 160.1, 
    173, 186.3, 199.2, 211.7, 224.7, 239.5, 252.3, 265), DF.index = c(1, 
    1, 1, 1, 1, 1, 1, 1, 1, 1, 1), DF.n.solutions = c(1, 1, 1, 
    1, 1, 1, 1, 1, 1, 1, 1), DF.generations = c(1, 1, 1, 1, 1, 
    1, 1, 1, 1, 1, 1), DF.n.evaluations = c(1, 1, 1, 1, 1, 1, 
    1, 1, 1, 1, 1), DF.cpu.time = c(3.041, 3.029, 2.876, 2.927, 
    3.216, 3.289, 3.285, 3.387, 3.447, 3.493, 3.332), SMBO.cost = c(14.721669173575, 
    14.721669173575, 14.721669173575, 14.721669173575, 14.721669173575, 
    14.721669173575, 14.721669173575, 14.721669173575, 14.721669173575, 
    14.721669173575, 14.721669173575), SMBO.gamma = c(-11.2275655016748, 
    -11.2275655016748, -11.2275655016748, -11.2275655016748, 
    -11.2275655016748, -11.2275655016748, -11.2275655016748, 
    -11.2275655016748, -11.2275655016748, -11.2275655016748, 
    -11.2275655016748), SMBO.balanced.test.accuracy = c(0.767407407407407, 
    0.767407407407407, 0.767407407407407, 0.767407407407407, 
    0.767407407407407, 0.767407407407407, 0.767407407407407, 
    0.767407407407407, 0.767407407407407, 0.767407407407407, 
    0.767407407407407)), .Names = c("Sampling", "PSO.cost", "PSO.gamma", 
"PSO.data.balancing", "PSO.feature.selection", "PSO.valid.acc", 
"PSO.test.acc", "PSO.train.time", "PSO.n.support.vectors", "PSO.index", 
"PSO.n.solutions", "PSO.generations", "PSO.n.evaluations", "PSO.cpu.time", 
"RS.cost", "RS.gamma", "RS.data.balancing", "RS.feature.selection", 
"RS.valid.acc", "RS.test.acc", "RS.train.time", "RS.n.support.vectors", 
"RS.index", "RS.n.solutions", "RS.generations", "RS.n.evaluations", 
"RS.cpu.time", "DF.cost", "DF.gamma", "DF.data.balancing", "DF.feature.selection", 
"DF.valid.acc", "DF.test.acc", "DF.train.time", "DF.n.support.vectors", 
"DF.index", "DF.n.solutions", "DF.generations", "DF.n.evaluations", 
"DF.cpu.time", "SMBO.cost", "SMBO.gamma", "SMBO.balanced.test.accuracy"
), row.names = c(NA, -11L), class = "data.frame")
