new.sol <-
structure(list(Sampling = c(50, 55, 60, 65, 70, 75, 80, 85, 90, 
95, 100), PSO.cost = c(15, 13.53787, 14.91414, 10.42912, 9.53019, 
11.29917, 13.93988, 15, 15, 14.53411, 15), PSO.gamma = c(-14.83943, 
-14.54821, -11.76114, -10.05022, -8.42498, -10.78561, -15, -12.87111, 
-10.631, -8.92642, -12.28008), PSO.data.balancing = c(0, 0, 0, 
0, 0, 0, 0, 0, 0, 0, 0), PSO.feature.selection = c(0, 0, 0, 0, 
0, 0, 0, 0, 0, 0, 0), PSO.valid.acc = c(0.64561, 0.65647, 0.66526, 
0.69998, 0.72255, 0.72513, 0.72553, 0.74028, 0.75367, 0.76618, 
0.75797), PSO.test.acc = c(0.6227, 0.64023, 0.63856, 0.68192, 
0.68027, 0.71254, 0.71368, 0.71713, 0.77021, 0.74417, 0.75925
), PSO.train.time = c(0.0526, 0.0604, 0.0642, 0.0645, 0.0751, 
0.0758, 0.0818, 0.0875, 0.0922, 0.0973, 0.0956), PSO.n.support.vectors = c(128, 
140.3, 151.8, 163.4, 177.5, 186.7, 199.8, 206.4, 215, 226.3, 
235.2), PSO.index = c(219, 457, 112, 1366, 35, 148, 216, 156, 
393, 163, 603), PSO.n.solutions = c(607, 68, 1107, 16, 383, 79, 
103, 578, 283, 1249, 156), PSO.generations = c(100, 100, 100, 
100, 100, 100, 100, 100, 100, 100, 100), PSO.n.evaluations = c(2500, 
2500, 2500, 2500, 2500, 2500, 2500, 2500, 2500, 2500, 2500), 
    PSO.cpu.time = c(7866.653, 8217.794, 8336.004, 7990.909, 
    8260.16300000001, 8414.11499999999, 8569.236, 8687.143, 8848.424, 
    9010.49800000002, 8964.29499999998), RS.cost = c(14.50034, 
    14.88794, 12.97903, 8.96815, 10.26155, 13.34171, 8.61386, 
    14.37309, 14.9386, 14.86987, 14.07937), RS.gamma = c(-14.26729, 
    -12.19712, -14.27346, -8.60515, -9.295, -12.83915, -7.92736, 
    -12.35877, -11.30739, -8.8473, -11.34803), RS.data.balancing = c(0, 
    0, 0, 0, 0, 0, 0, 0, 0, 0, 0), RS.feature.selection = c(0, 
    0, 0, 0, 0, 0, 0, 0, 0, 0, 0), RS.valid.acc = c(0.64561, 
    0.6515, 0.66299, 0.69147, 0.72255, 0.72513, 0.7253, 0.74028, 
    0.74762, 0.76618, 0.75511), RS.test.acc = c(0.6227, 0.63467, 
    0.67333, 0.68154, 0.68027, 0.70819, 0.69256, 0.72033, 0.76606, 
    0.74094, 0.76234), RS.train.time = c(0.0594, 0.061, 0.0622, 
    0.0634, 0.07, 0.0763, 0.0783, 0.0866, 0.0861, 0.0945, 0.0945
    ), RS.n.support.vectors = c(127.9, 139.4, 152.7, 163.8, 177.2, 
    186.8, 198.8, 206.4, 215.2, 226.3, 235.4), RS.index = c(2, 
    332, 106, 794, 275, 1548, 1133, 1027, 148, 731, 903), RS.n.solutions = c(2, 
    2, 9, 1, 6, 2, 1, 1, 5, 4, 1), RS.generations = c(100, 100, 
    100, 100, 100, 100, 100, 100, 100, 100, 100), RS.n.evaluations = c(2500, 
    2500, 2500, 2500, 2500, 2500, 2500, 2500, 2500, 2500, 2500
    ), RS.cpu.time = c(8188.656, 8272.648, 8302.964, 8058.296, 
    8339.836, 8310.876, 8674.86, 8855.939, 8882.38800000001, 
    9139.247, 9280.617), DF.cost = c(1, 1, 1, 1, 1, 1, 1, 1, 
    1, 1, 1), DF.gamma = c(0.06667, 0.06667, 0.06667, 0.06667, 
    0.06667, 0.06667, 0.06667, 0.06667, 0.06667, 0.06667, 0.06667
    ), DF.data.balancing = c(0, 0, 0, 0, 0, 0, 0, 0, 0, 0, 0), 
    DF.feature.selection = c(0, 0, 0, 0, 0, 0, 0, 0, 0, 0, 0), 
    DF.valid.acc = c(0.39305, 0.47627, 0.51723, 0.51908, 0.5214, 
    0.56873, 0.57778, 0.60568, 0.59362, 0.60076, 0.59952), DF.test.acc = c(0.40011, 
    0.46369, 0.49269, 0.50928, 0.52955, 0.5533, 0.57769, 0.60994, 
    0.60629, 0.59271, 0.61756), DF.train.time = c(0.0585, 0.0633, 
    0.0624, 0.0677, 0.0748, 0.0827, 0.0823, 0.0911, 0.099, 0.1024, 
    0.1004), DF.n.support.vectors = c(135, 148.8, 161.9, 175.2, 
    189, 202.3, 214, 227, 239.2, 252.6, 265.3), DF.index = c(1, 
    1, 1, 1, 1, 1, 1, 1, 1, 1, 1), DF.n.solutions = c(1, 1, 1, 
    1, 1, 1, 1, 1, 1, 1, 1), DF.generations = c(1, 1, 1, 1, 1, 
    1, 1, 1, 1, 1, 1), DF.n.evaluations = c(1, 1, 1, 1, 1, 1, 
    1, 1, 1, 1, 1), DF.cpu.time = c(3.223, 3.245, 3.056, 3.139, 
    3.427, 3.528, 3.384, 3.565, 3.691, 3.705, 3.553), SMBO.cost = c(14.2602479914089, 
    14.2602479914089, 14.2602479914089, 14.2602479914089, 14.2602479914089, 
    14.2602479914089, 14.2602479914089, 14.2602479914089, 14.2602479914089, 
    14.2602479914089, 14.2602479914089), SMBO.gamma = c(-13.4557202911432, 
    -13.4557202911432, -13.4557202911432, -13.4557202911432, 
    -13.4557202911432, -13.4557202911432, -13.4557202911432, 
    -13.4557202911432, -13.4557202911432, -13.4557202911432, 
    -13.4557202911432), SMBO.balanced.test.accuracy = c(0.756772486772487, 
    0.756772486772487, 0.756772486772487, 0.756772486772487, 
    0.756772486772487, 0.756772486772487, 0.756772486772487, 
    0.756772486772487, 0.756772486772487, 0.756772486772487, 
    0.756772486772487)), .Names = c("Sampling", "PSO.cost", "PSO.gamma", 
"PSO.data.balancing", "PSO.feature.selection", "PSO.valid.acc", 
"PSO.test.acc", "PSO.train.time", "PSO.n.support.vectors", "PSO.index", 
"PSO.n.solutions", "PSO.generations", "PSO.n.evaluations", "PSO.cpu.time", 
"RS.cost", "RS.gamma", "RS.data.balancing", "RS.feature.selection", 
"RS.valid.acc", "RS.test.acc", "RS.train.time", "RS.n.support.vectors", 
"RS.index", "RS.n.solutions", "RS.generations", "RS.n.evaluations", 
"RS.cpu.time", "DF.cost", "DF.gamma", "DF.data.balancing", "DF.feature.selection", 
"DF.valid.acc", "DF.test.acc", "DF.train.time", "DF.n.support.vectors", 
"DF.index", "DF.n.solutions", "DF.generations", "DF.n.evaluations", 
"DF.cpu.time", "SMBO.cost", "SMBO.gamma", "SMBO.balanced.test.accuracy"
), row.names = c(NA, -11L), class = "data.frame")
