new.sol <-
structure(list(Sampling = c(50, 55, 60, 65, 70, 75, 80, 85, 90, 
95, 100), PSO.cost = c(6.0121, 15, 6.34763, 9.55102, 10.1232, 
11.92403, 14.73384, 14.75135, 14.17438, 13.17765, 15), PSO.gamma = c(-4.53313, 
-7.75596, -7.7685, -9.69831, -8.15757, -13.43381, -10.63416, 
-12.93107, -11.89963, -14.19278, -12.45989), PSO.data.balancing = c(0, 
0, 0, 0, 0, 0, 0, 0, 0, 0, 0), PSO.feature.selection = c(0, 0, 
0, 0, 0, 0, 0, 0, 0, 0, 0), PSO.valid.acc = c(0.68027, 0.68443, 
0.67156, 0.68586, 0.71126, 0.7019, 0.73169, 0.73617, 0.756, 0.78084, 
0.75208), PSO.test.acc = c(0.63364, 0.69165, 0.62783, 0.70453, 
0.68559, 0.66641, 0.74127, 0.73599, 0.73438, 0.72841, 0.73496
), PSO.train.time = c(0.0591, 0.0613, 0.0584, 0.0629, 0.0701, 
0.0714, 0.0797, 0.0812, 0.0854, 0.0906, 0.0956), PSO.n.support.vectors = c(130.4, 
140, 154.3, 163.2, 173.3, 188.4, 196.1, 206.7, 216.9, 232.1, 
235.7), PSO.index = c(1356, 61, 103, 749, 741, 2006, 113, 140, 
118, 740, 70), PSO.n.solutions = c(21, 1238, 257, 32, 65, 1, 
1575, 404, 69, 40, 332), PSO.generations = c(100, 100, 100, 100, 
100, 100, 100, 100, 100, 100, 100), PSO.n.evaluations = c(2500, 
2500, 2500, 2500, 2500, 2500, 2500, 2500, 2500, 2500, 2500), 
    PSO.cpu.time = c(7884.137, 7912.063, 7823.173, 7955.534, 
    8303.368, 8320.59299999999, 8486.946, 8586.277, 8718.611, 
    8623.02600000001, 8819.785), RS.cost = c(5.86676, 12.41372, 
    10.17578, 6.6756, 10.29667, 13.74089, 14.50948, 11.98578, 
    14.82958, 11.26132, 14.55403), RS.gamma = c(-4.65847, -7.78187, 
    -11.28219, -7.18242, -8.06149, -14.3801, -10.75151, -9.91857, 
    -12.54027, -12.26495, -12.0193), RS.data.balancing = c(0, 
    0, 0, 0, 0, 0, 0, 0, 0, 0, 0), RS.feature.selection = c(0, 
    0, 0, 0, 0, 0, 0, 0, 0, 0, 0), RS.valid.acc = c(0.67439, 
    0.68443, 0.67156, 0.68428, 0.70659, 0.70189, 0.73169, 0.7328, 
    0.756, 0.78084, 0.75208), RS.test.acc = c(0.62299, 0.69165, 
    0.64368, 0.70872, 0.68083, 0.67814, 0.74127, 0.73599, 0.73751, 
    0.72507, 0.73496), RS.train.time = c(0.0557, 0.0597, 0.0599, 
    0.0675, 0.071, 0.0739, 0.0789, 0.0807, 0.0859, 0.0841, 0.0956
    ), RS.n.support.vectors = c(130.2, 140, 154.1, 164.9, 173.4, 
    186.8, 196.1, 207.2, 216.6, 232.2, 235.8), RS.index = c(521, 
    137, 95, 908, 2051, 1121, 37, 644, 1044, 807, 1356), RS.n.solutions = c(2, 
    10, 34, 5, 1, 2, 15, 1, 2, 1, 2), RS.generations = c(100, 
    100, 100, 100, 100, 100, 100, 100, 100, 100, 100), RS.n.evaluations = c(2500, 
    2500, 2500, 2500, 2500, 2500, 2500, 2500, 2500, 2500, 2500
    ), RS.cpu.time = c(7802.152, 7898.982, 7933.595, 8341.597, 
    8312.334, 8434.583, 8607.408, 8735.69700000001, 8861.38100000002, 
    8751.49500000002, 9016.592), DF.cost = c(1, 1, 1, 1, 1, 1, 
    1, 1, 1, 1, 1), DF.gamma = c(0.06667, 0.06667, 0.06667, 0.06667, 
    0.06667, 0.06667, 0.06667, 0.06667, 0.06667, 0.06667, 0.06667
    ), DF.data.balancing = c(0, 0, 0, 0, 0, 0, 0, 0, 0, 0, 0), 
    DF.feature.selection = c(0, 0, 0, 0, 0, 0, 0, 0, 0, 0, 0), 
    DF.valid.acc = c(0.45156, 0.48821, 0.4362, 0.47208, 0.52794, 
    0.54908, 0.55527, 0.59135, 0.5967, 0.63792, 0.61154), DF.test.acc = c(0.48628, 
    0.46222, 0.46337, 0.48517, 0.52964, 0.50003, 0.58299, 0.58731, 
    0.59987, 0.5953, 0.62326), DF.train.time = c(0.0587, 0.0625, 
    0.0665, 0.0703, 0.0727, 0.0802, 0.0832, 0.089, 0.094, 0.0987, 
    0.1027), DF.n.support.vectors = c(133.3, 146.1, 160.4, 173.6, 
    186.5, 200, 213.5, 225.7, 238.9, 251.5, 265.9), DF.index = c(1, 
    1, 1, 1, 1, 1, 1, 1, 1, 1, 1), DF.n.solutions = c(1, 1, 1, 
    1, 1, 1, 1, 1, 1, 1, 1), DF.generations = c(1, 1, 1, 1, 1, 
    1, 1, 1, 1, 1, 1), DF.n.evaluations = c(1, 1, 1, 1, 1, 1, 
    1, 1, 1, 1, 1), DF.cpu.time = c(3.278, 3.295, 3.296, 3.346, 
    3.335, 3.374, 3.483, 3.477, 3.543, 3.519, 3.587), SMBO.cost = c(14.4394386221862, 
    14.4394386221862, 14.4394386221862, 14.4394386221862, 14.4394386221862, 
    14.4394386221862, 14.4394386221862, 14.4394386221862, 14.4394386221862, 
    14.4394386221862, 14.4394386221862), SMBO.gamma = c(-13.7991628584577, 
    -13.7991628584577, -13.7991628584577, -13.7991628584577, 
    -13.7991628584577, -13.7991628584577, -13.7991628584577, 
    -13.7991628584577, -13.7991628584577, -13.7991628584577, 
    -13.7991628584577), SMBO.balanced.test.accuracy = c(0.750357142857143, 
    0.750357142857143, 0.750357142857143, 0.750357142857143, 
    0.750357142857143, 0.750357142857143, 0.750357142857143, 
    0.750357142857143, 0.750357142857143, 0.750357142857143, 
    0.750357142857143)), .Names = c("Sampling", "PSO.cost", "PSO.gamma", 
"PSO.data.balancing", "PSO.feature.selection", "PSO.valid.acc", 
"PSO.test.acc", "PSO.train.time", "PSO.n.support.vectors", "PSO.index", 
"PSO.n.solutions", "PSO.generations", "PSO.n.evaluations", "PSO.cpu.time", 
"RS.cost", "RS.gamma", "RS.data.balancing", "RS.feature.selection", 
"RS.valid.acc", "RS.test.acc", "RS.train.time", "RS.n.support.vectors", 
"RS.index", "RS.n.solutions", "RS.generations", "RS.n.evaluations", 
"RS.cpu.time", "DF.cost", "DF.gamma", "DF.data.balancing", "DF.feature.selection", 
"DF.valid.acc", "DF.test.acc", "DF.train.time", "DF.n.support.vectors", 
"DF.index", "DF.n.solutions", "DF.generations", "DF.n.evaluations", 
"DF.cpu.time", "SMBO.cost", "SMBO.gamma", "SMBO.balanced.test.accuracy"
), row.names = c(NA, -11L), class = "data.frame")
