new.sol <-
structure(list(Sampling = c(50, 55, 60, 65, 70, 75, 80, 85, 90, 
95, 100), PSO.cost = c(1.50442, 8.61054, 2.74897, 11.18961, 15, 
8.25351, 9.80458, 6.74226, 9.71712, 7.14047, 7.42264), PSO.gamma = c(-7.69023, 
-10.24012, -7.71898, -15, -14.71403, -9.66289, -11.91661, -10.5293, 
-8.94868, -8.32637, -7.95402), PSO.data.balancing = c(0, 0, 0, 
0, 0, 0, 0, 0, 0, 0, 0), PSO.feature.selection = c(0, 0, 0, 0, 
0, 0, 0, 0, 0, 0, 0), PSO.valid.acc = c(0.76189, 0.75979, 0.74034, 
0.74352, 0.75246, 0.76042, 0.75628, 0.74228, 0.73984, 0.74191, 
0.7445), PSO.test.acc = c(0.7233, 0.73945, 0.72222, 0.72662, 
0.73068, 0.73462, 0.73458, 0.72945, 0.73746, 0.73261, 0.73779
), PSO.train.time = c(0.0215, 0.0242, 0.0252, 0.0271, 0.0389, 
0.0361, 0.0397, 0.0418, 0.0614, 0.0515, 0.0614), PSO.n.support.vectors = c(112.6, 
114.5, 135, 143.7, 148.1, 161, 178.1, 191.1, 197.6, 208.9, 218.3
), PSO.index = c(359, 964, 2217, 480, 279, 249, 107, 441, 1282, 
516, 331), PSO.n.solutions = c(183, 72, 2, 111, 6, 230, 526, 
217, 15, 21, 80), PSO.generations = c(100, 100, 100, 100, 100, 
100, 100, 100, 100, 100, 100), PSO.n.evaluations = c(2500, 2500, 
2500, 2500, 2500, 2500, 2500, 2500, 2500, 2500, 2500), PSO.cpu.time = c(7449.621, 
7484.803, 7924.528, 7474.493, 7755.995, 8097.685, 8030.26299999999, 
8035.47899999999, 10527.831, 9975.092, 10302.339), RS.cost = c(2.12482, 
9.37978, 2.88008, 10.70491, 8.02732, 8.05865, 9.80104, 12.2602, 
14.51567, 7.03284, 1.82675), RS.gamma = c(-8.13027, -11.24602, 
-7.83579, -14.49786, -10.50206, -9.52917, -11.79481, -9.95561, 
-11.39896, -8.23867, -6.14255), RS.data.balancing = c(0, 0, 0, 
0, 0, 0, 0, 0, 0, 0, 0), RS.feature.selection = c(0, 0, 0, 0, 
0, 0, 0, 0, 0, 0, 0), RS.valid.acc = c(0.76189, 0.75964, 0.74034, 
0.74352, 0.74943, 0.76042, 0.75628, 0.74004, 0.73746, 0.74191, 
0.74019), RS.test.acc = c(0.73617, 0.73592, 0.72222, 0.72662, 
0.72756, 0.73176, 0.73728, 0.72734, 0.73746, 0.73261, 0.73145
), RS.train.time = c(0.0205, 0.0239, 0.0264, 0.0285, 0.0324, 
0.0368, 0.0383, 0.0892, 0.1273, 0.0532, 0.0522), RS.n.support.vectors = c(112.7, 
114.5, 134.9, 143.8, 150, 161, 178.2, 181.9, 197.9, 208.7, 232.3
), RS.index = c(1049, 456, 42, 1062, 1460, 504, 574, 1798, 279, 
360, 2097), RS.n.solutions = c(1, 5, 2, 2, 1, 1, 8, 1, 4, 2, 
1), RS.generations = c(100, 100, 100, 100, 100, 100, 100, 100, 
100, 100, 100), RS.n.evaluations = c(2500, 2500, 2500, 2500, 
2500, 2500, 2500, 2500, 2500, 2500, 2500), RS.cpu.time = c(7654.411, 
7675.18, 7843.412, 7998.749, 8496.446, 8767.978, 9140.035, 9298.738, 
9748.52100000001, 10170.108, 10177.68), DF.cost = c(1, 1, 1, 
1, 1, 1, 1, 1, 1, 1, 1), DF.gamma = c(0.11111, 0.11111, 0.11111, 
0.11111, 0.11111, 0.11111, 0.11111, 0.11111, 0.11111, 0.11111, 
0.11111), DF.data.balancing = c(0, 0, 0, 0, 0, 0, 0, 0, 0, 0, 
0), DF.feature.selection = c(0, 0, 0, 0, 0, 0, 0, 0, 0, 0, 0), 
    DF.valid.acc = c(0.72803, 0.71208, 0.70437, 0.7034, 0.70597, 
    0.72563, 0.7104, 0.70137, 0.71103, 0.71448, 0.69473), DF.test.acc = c(0.72801, 
    0.70376, 0.69352, 0.69672, 0.71525, 0.71714, 0.71047, 0.71439, 
    0.70848, 0.71892, 0.72271), DF.train.time = c(0.0231, 0.0258, 
    0.0276, 0.0312, 0.0331, 0.0358, 0.0436, 0.0431, 0.0498, 0.0521, 
    0.0555), DF.n.support.vectors = c(123.3, 136.5, 150.6, 164.1, 
    173.2, 187.2, 204.3, 216, 228.2, 238.1, 250.1), DF.index = c(1, 
    1, 1, 1, 1, 1, 1, 1, 1, 1, 1), DF.n.solutions = c(1, 1, 1, 
    1, 1, 1, 1, 1, 1, 1, 1), DF.generations = c(1, 1, 1, 1, 1, 
    1, 1, 1, 1, 1, 1), DF.n.evaluations = c(1, 1, 1, 1, 1, 1, 
    1, 1, 1, 1, 1), DF.cpu.time = c(2.909, 2.971, 2.96, 3.116, 
    2.958, 3.044, 3.362, 3.275, 3.386, 3.31, 3.5), SMBO.cost = c(6.89969984183932, 
    6.89969984183932, 6.89969984183932, 6.89969984183932, 6.89969984183932, 
    6.89969984183932, 6.89969984183932, 6.89969984183932, 6.89969984183932, 
    6.89969984183932, 6.89969984183932), SMBO.gamma = c(-9.33995179441961, 
    -9.33995179441961, -9.33995179441961, -9.33995179441961, 
    -9.33995179441961, -9.33995179441961, -9.33995179441961, 
    -9.33995179441961, -9.33995179441961, -9.33995179441961, 
    -9.33995179441961), SMBO.balanced.test.accuracy = c(0.714377575015803, 
    0.714377575015803, 0.714377575015803, 0.714377575015803, 
    0.714377575015803, 0.714377575015803, 0.714377575015803, 
    0.714377575015803, 0.714377575015803, 0.714377575015803, 
    0.714377575015803)), .Names = c("Sampling", "PSO.cost", "PSO.gamma", 
"PSO.data.balancing", "PSO.feature.selection", "PSO.valid.acc", 
"PSO.test.acc", "PSO.train.time", "PSO.n.support.vectors", "PSO.index", 
"PSO.n.solutions", "PSO.generations", "PSO.n.evaluations", "PSO.cpu.time", 
"RS.cost", "RS.gamma", "RS.data.balancing", "RS.feature.selection", 
"RS.valid.acc", "RS.test.acc", "RS.train.time", "RS.n.support.vectors", 
"RS.index", "RS.n.solutions", "RS.generations", "RS.n.evaluations", 
"RS.cpu.time", "DF.cost", "DF.gamma", "DF.data.balancing", "DF.feature.selection", 
"DF.valid.acc", "DF.test.acc", "DF.train.time", "DF.n.support.vectors", 
"DF.index", "DF.n.solutions", "DF.generations", "DF.n.evaluations", 
"DF.cpu.time", "SMBO.cost", "SMBO.gamma", "SMBO.balanced.test.accuracy"
), row.names = c(NA, -11L), class = "data.frame")
