new.sol <-
structure(list(Sampling = c(50, 55, 60, 65, 70, 75, 80, 85, 90, 
95, 100), PSO.cost = c(2.80813, 12.72625, 8.94853, 5.94955, 9.54416, 
13.14313, 14.82777, 7.96279, 12.68583, 7.37481, 3.09135), PSO.gamma = c(-6.10842, 
-10.21784, -14.41532, -11.9914, -15, -8.02613, -12.53005, -13.14007, 
-10.97198, -8.43831, -8.70467), PSO.data.balancing = c(0, 0, 
0, 0, 0, 0, 0, 0, 0, 0, 0), PSO.feature.selection = c(0, 0, 0, 
0, 0, 0, 0, 0, 0, 0, 0), PSO.valid.acc = c(0.76576, 0.74806, 
0.72916, 0.70987, 0.70956, 0.7371, 0.74508, 0.72458, 0.74204, 
0.74424, 0.73603), PSO.test.acc = c(0.72736, 0.71315, 0.71091, 
0.70642, 0.70331, 0.69348, 0.69627, 0.70157, 0.73479, 0.71681, 
0.72965), PSO.train.time = c(0.0224, 0.0496, 0.0274, 0.0292, 
0.0317, 0.2857, 0.0754, 0.0432, 0.0763, 0.0539, 0.0513), PSO.n.support.vectors = c(114.3, 
123.8, 145.7, 163.6, 175.2, 162.4, 180.9, 205.8, 201.3, 210, 
238.6), PSO.index = c(1320, 1568, 227, 94, 199, 2028, 1907, 1844, 
97, 177, 1184), PSO.n.solutions = c(50, 2, 119, 69, 119, 1, 1, 
1, 52, 184, 46), PSO.generations = c(100, 100, 100, 100, 100, 
100, 100, 100, 100, 100, 100), PSO.n.evaluations = c(2500, 2500, 
2500, 2500, 2500, 2500, 2500, 2500, 2500, 2500, 2500), PSO.cpu.time = c(7315.613, 
8049.088, 7422.214, 7320.917, 7694.82399999999, 11724.02, 9370.101, 
8300.686, 9730.446, 8629.04199999999, 8775.48800000001), RS.cost = c(3.96322, 
14.11672, 7.69998, 8.87082, 8.01837, 2.314, 12.29047, 6.9846, 
11.92212, 9.16458, 3.31623), RS.gamma = c(-6.47788, -10.88504, 
-13.12944, -14.92782, -13.45641, -5.25531, -10.79687, -12.1536, 
-9.91482, -9.34462, -8.89753), RS.data.balancing = c(0, 0, 0, 
0, 0, 0, 0, 0, 0, 0, 0), RS.feature.selection = c(0, 0, 0, 0, 
0, 0, 0, 0, 0, 0, 0), RS.valid.acc = c(0.75707, 0.74806, 0.72916, 
0.70664, 0.70956, 0.73501, 0.73989, 0.72458, 0.73972, 0.74197, 
0.73173), RS.test.acc = c(0.73605, 0.71315, 0.71091, 0.70653, 
0.70331, 0.71138, 0.70445, 0.70157, 0.72044, 0.71453, 0.72747
), RS.train.time = c(0.0227, 0.0621, 0.026, 0.0297, 0.0326, 0.0362, 
0.0612, 0.0432, 0.0873, 0.0571, 0.0521), RS.n.support.vectors = c(111.1, 
123.5, 145.5, 163.6, 175.2, 178.6, 181.6, 205.8, 197.3, 209.1, 
238.3), RS.index = c(1910, 109, 58, 81, 2256, 1977, 943, 1951, 
455, 440, 1854), RS.n.solutions = c(1, 1, 8, 1, 1, 1, 2, 1, 1, 
1, 1), RS.generations = c(100, 100, 100, 100, 100, 100, 100, 
100, 100, 100, 100), RS.n.evaluations = c(2500, 2500, 2500, 2500, 
2500, 2500, 2500, 2500, 2500, 2500, 2500), RS.cpu.time = c(7779.915, 
7782.512, 7796.53, 8059.069, 8318.447, 8659.92599999999, 9177.048, 
9463.26200000002, 9668.98699999999, 10201.778, 10300.591), DF.cost = c(1, 
1, 1, 1, 1, 1, 1, 1, 1, 1, 1), DF.gamma = c(0.11111, 0.11111, 
0.11111, 0.11111, 0.11111, 0.11111, 0.11111, 0.11111, 0.11111, 
0.11111, 0.11111), DF.data.balancing = c(0, 0, 0, 0, 0, 0, 0, 
0, 0, 0, 0), DF.feature.selection = c(0, 0, 0, 0, 0, 0, 0, 0, 
0, 0, 0), DF.valid.acc = c(0.7221, 0.70821, 0.68576, 0.65951, 
0.67547, 0.69079, 0.71279, 0.69907, 0.7036, 0.69857, 0.71448), 
    DF.test.acc = c(0.71395, 0.68481, 0.69662, 0.68331, 0.691, 
    0.69044, 0.70205, 0.68374, 0.71324, 0.70994, 0.71457), DF.train.time = c(0.0235, 
    0.0254, 0.0283, 0.0314, 0.0329, 0.0391, 0.0415, 0.0455, 0.0498, 
    0.0532, 0.0563), DF.n.support.vectors = c(133.4, 148.1, 162.6, 
    175.7, 190.5, 197, 211.1, 222.9, 232.8, 240.2, 249.4), DF.index = c(1, 
    1, 1, 1, 1, 1, 1, 1, 1, 1, 1), DF.n.solutions = c(1, 1, 1, 
    1, 1, 1, 1, 1, 1, 1, 1), DF.generations = c(1, 1, 1, 1, 1, 
    1, 1, 1, 1, 1, 1), DF.n.evaluations = c(1, 1, 1, 1, 1, 1, 
    1, 1, 1, 1, 1), DF.cpu.time = c(3.045, 2.832, 2.906, 3.05, 
    2.959, 3.268, 3.23, 3.424, 3.53, 3.479, 3.484), SMBO.cost = c(6.79461821792533, 
    6.79461821792533, 6.79461821792533, 6.79461821792533, 6.79461821792533, 
    6.79461821792533, 6.79461821792533, 6.79461821792533, 6.79461821792533, 
    6.79461821792533, 6.79461821792533), SMBO.gamma = c(-8.12318956715337, 
    -8.12318956715337, -8.12318956715337, -8.12318956715337, 
    -8.12318956715337, -8.12318956715337, -8.12318956715337, 
    -8.12318956715337, -8.12318956715337, -8.12318956715337, 
    -8.12318956715337), SMBO.balanced.test.accuracy = c(0.701693909029373, 
    0.701693909029373, 0.701693909029373, 0.701693909029373, 
    0.701693909029373, 0.701693909029373, 0.701693909029373, 
    0.701693909029373, 0.701693909029373, 0.701693909029373, 
    0.701693909029373)), .Names = c("Sampling", "PSO.cost", "PSO.gamma", 
"PSO.data.balancing", "PSO.feature.selection", "PSO.valid.acc", 
"PSO.test.acc", "PSO.train.time", "PSO.n.support.vectors", "PSO.index", 
"PSO.n.solutions", "PSO.generations", "PSO.n.evaluations", "PSO.cpu.time", 
"RS.cost", "RS.gamma", "RS.data.balancing", "RS.feature.selection", 
"RS.valid.acc", "RS.test.acc", "RS.train.time", "RS.n.support.vectors", 
"RS.index", "RS.n.solutions", "RS.generations", "RS.n.evaluations", 
"RS.cpu.time", "DF.cost", "DF.gamma", "DF.data.balancing", "DF.feature.selection", 
"DF.valid.acc", "DF.test.acc", "DF.train.time", "DF.n.support.vectors", 
"DF.index", "DF.n.solutions", "DF.generations", "DF.n.evaluations", 
"DF.cpu.time", "SMBO.cost", "SMBO.gamma", "SMBO.balanced.test.accuracy"
), row.names = c(NA, -11L), class = "data.frame")
