new.sol <-
structure(list(Sampling = c(50, 55, 60, 65, 70, 75, 80, 85, 90, 
95, 100), PSO.cost = c(3.04974, 1.67035, 10.83921, 9.3527, 4.27507, 
10.96856, 7.53596, 9.09071, 0.43794, 0.82508, 7.78965), PSO.gamma = c(-3.79526, 
-3.45894, -10.15042, -10.09563, -9.7635, -9.20122, -13.67719, 
-8.85701, -6.75668, -6.22231, -7.73119), PSO.data.balancing = c(0, 
0, 0, 0, 0, 0, 0, 0, 0, 0, 0), PSO.feature.selection = c(0, 0, 
0, 0, 0, 0, 0, 0, 0, 0, 0), PSO.valid.acc = c(0.70968, 0.73294, 
0.72176, 0.72449, 0.75814, 0.73134, 0.729, 0.72459, 0.75961, 
0.73272, 0.7488), PSO.test.acc = c(0.67959, 0.70603, 0.69637, 
0.68447, 0.71468, 0.70866, 0.71248, 0.71932, 0.72802, 0.73478, 
0.73807), PSO.train.time = c(0.0253, 0.0272, 0.034, 0.0319, 0.0313, 
0.0592, 0.0381, 0.0505, 0.046, 0.0476, 0.0627), PSO.n.support.vectors = c(125.2, 
138, 137.6, 148, 169.6, 166.4, 202.6, 191.3, 230.4, 232.9, 217.8
), PSO.index = c(2341, 225, 483, 849, 407, 282, 256, 1131, 1701, 
1033, 233), PSO.n.solutions = c(1, 173, 52, 53, 56, 67, 63, 30, 
2, 114, 149), PSO.generations = c(100, 100, 100, 100, 100, 100, 
100, 100, 100, 100, 100), PSO.n.evaluations = c(2500, 2500, 2500, 
2500, 2500, 2500, 2500, 2500, 2500, 2500, 2500), PSO.cpu.time = c(7542.2, 
7619.891, 8262.554, 7900.662, 7795.723, 8111.95700000001, 8123.35299999999, 
9086.281, 8311.68899999998, 8277.93299999999, 10967.48), RS.cost = c(3.01679, 
1.51041, 1.25268, 9.0554, 5.07856, 7.70761, 1.37548, 10.31156, 
0.18101, 1.71772, 7.28825), RS.gamma = c(-3.87872, -3.34049, 
-2.56178, -9.98209, -10.5687, -7.58652, -3.45434, -9.4729, -5.90068, 
-6.81115, -7.61035), RS.data.balancing = c(0, 0, 0, 0, 0, 0, 
0, 0, 0, 0, 0), RS.feature.selection = c(0, 0, 0, 0, 0, 0, 0, 
0, 0, 0, 0), RS.valid.acc = c(0.70514, 0.73294, 0.73248, 0.72126, 
0.75502, 0.73134, 0.72951, 0.72459, 0.75728, 0.73019, 0.7488), 
    RS.test.acc = c(0.67959, 0.69418, 0.69226, 0.6878, 0.71468, 
    0.70866, 0.71044, 0.71932, 0.73046, 0.73478, 0.74015), RS.train.time = c(0.0235, 
    0.0254, 0.0318, 0.0337, 0.0318, 0.0433, 0.0401, 0.0538, 0.0451, 
    0.048, 0.0584), RS.n.support.vectors = c(124.4, 139.3, 161, 
    147.8, 169.6, 167.2, 200, 190.6, 226.1, 230.4, 219.2), RS.index = c(1161, 
    109, 1429, 1198, 448, 515, 1982, 240, 2489, 2361, 54), RS.n.solutions = c(3, 
    3, 1, 1, 9, 3, 1, 1, 1, 1, 6), RS.generations = c(100, 100, 
    100, 100, 100, 100, 100, 100, 100, 100, 100), RS.n.evaluations = c(2500, 
    2500, 2500, 2500, 2500, 2500, 2500, 2500, 2500, 2500, 2500
    ), RS.cpu.time = c(7594.937, 7993.132, 8249.048, 8474.726, 
    8471.251, 8750.037, 8830.989, 9188.75799999999, 9414.23500000002, 
    9603.81400000001, 10051.389), DF.cost = c(1, 1, 1, 1, 1, 
    1, 1, 1, 1, 1, 1), DF.gamma = c(0.11111, 0.11111, 0.11111, 
    0.11111, 0.11111, 0.11111, 0.11111, 0.11111, 0.11111, 0.11111, 
    0.11111), DF.data.balancing = c(0, 0, 0, 0, 0, 0, 0, 0, 0, 
    0, 0), DF.feature.selection = c(0, 0, 0, 0, 0, 0, 0, 0, 0, 
    0, 0), DF.valid.acc = c(0.67452, 0.69322, 0.68538, 0.70146, 
    0.71799, 0.69966, 0.71307, 0.69401, 0.71395, 0.70363, 0.72068
    ), DF.test.acc = c(0.66597, 0.68615, 0.67784, 0.69468, 0.72415, 
    0.68504, 0.70481, 0.68113, 0.72093, 0.71272, 0.70333), DF.train.time = c(0.0238, 
    0.026, 0.0284, 0.0304, 0.0334, 0.037, 0.0412, 0.0441, 0.0459, 
    0.0514, 0.0532), DF.n.support.vectors = c(135.2, 142.6, 159.9, 
    171, 180.3, 194.2, 209.4, 220.6, 230, 243.1, 252), DF.index = c(1, 
    1, 1, 1, 1, 1, 1, 1, 1, 1, 1), DF.n.solutions = c(1, 1, 1, 
    1, 1, 1, 1, 1, 1, 1, 1), DF.generations = c(1, 1, 1, 1, 1, 
    1, 1, 1, 1, 1, 1), DF.n.evaluations = c(1, 1, 1, 1, 1, 1, 
    1, 1, 1, 1, 1), DF.cpu.time = c(2.997, 3.012, 2.995, 3.079, 
    3.122, 3.23, 3.282, 3.346, 3.284, 3.319, 3.283), SMBO.cost = c(14.9145107466084, 
    14.9145107466084, 14.9145107466084, 14.9145107466084, 14.9145107466084, 
    14.9145107466084, 14.9145107466084, 14.9145107466084, 14.9145107466084, 
    14.9145107466084, 14.9145107466084), SMBO.gamma = c(-12.2578205491786, 
    -12.2578205491786, -12.2578205491786, -12.2578205491786, 
    -12.2578205491786, -12.2578205491786, -12.2578205491786, 
    -12.2578205491786, -12.2578205491786, -12.2578205491786, 
    -12.2578205491786), SMBO.balanced.test.accuracy = c(0.707337776421916, 
    0.707337776421916, 0.707337776421916, 0.707337776421916, 
    0.707337776421916, 0.707337776421916, 0.707337776421916, 
    0.707337776421916, 0.707337776421916, 0.707337776421916, 
    0.707337776421916)), .Names = c("Sampling", "PSO.cost", "PSO.gamma", 
"PSO.data.balancing", "PSO.feature.selection", "PSO.valid.acc", 
"PSO.test.acc", "PSO.train.time", "PSO.n.support.vectors", "PSO.index", 
"PSO.n.solutions", "PSO.generations", "PSO.n.evaluations", "PSO.cpu.time", 
"RS.cost", "RS.gamma", "RS.data.balancing", "RS.feature.selection", 
"RS.valid.acc", "RS.test.acc", "RS.train.time", "RS.n.support.vectors", 
"RS.index", "RS.n.solutions", "RS.generations", "RS.n.evaluations", 
"RS.cpu.time", "DF.cost", "DF.gamma", "DF.data.balancing", "DF.feature.selection", 
"DF.valid.acc", "DF.test.acc", "DF.train.time", "DF.n.support.vectors", 
"DF.index", "DF.n.solutions", "DF.generations", "DF.n.evaluations", 
"DF.cpu.time", "SMBO.cost", "SMBO.gamma", "SMBO.balanced.test.accuracy"
), row.names = c(NA, -11L), class = "data.frame")
