new.sol <-
structure(list(Sampling = c(50, 55, 60, 65, 70, 75, 80, 85, 90, 
95, 100), PSO.cost = c(-0.35972, 2.32952, 15, 1.33111, 8.82411, 
7.80611, 3.94828, 7.24463, 4.323, 4.90299, 8.13423), PSO.gamma = c(-5.95218, 
-4.868, -13.10231, -7.75482, -15, -10.45047, -8.69153, -9.53425, 
-7.44477, -7.7201, -7.94164), PSO.data.balancing = c(0, 0, 0, 
0, 0, 0, 0, 0, 0, 0, 0), PSO.feature.selection = c(0, 0, 0, 0, 
0, 0, 0, 0, 0, 0, 0), PSO.valid.acc = c(0.75888, 0.73542, 0.73552, 
0.75004, 0.71755, 0.74128, 0.73173, 0.74487, 0.73499, 0.74218, 
0.74695), PSO.test.acc = c(0.74565, 0.72113, 0.71434, 0.73659, 
0.70835, 0.73564, 0.69899, 0.72173, 0.73238, 0.73525, 0.72535
), PSO.train.time = c(0.0221, 0.0247, 0.0404, 0.0292, 0.032, 
0.0367, 0.0393, 0.0414, 0.0467, 0.0513, 0.0671), PSO.n.support.vectors = c(134.4, 
134, 134.4, 168.7, 178.9, 171.6, 190.1, 188.7, 204.5, 215.4, 
215.9), PSO.index = c(101, 843, 447, 1222, 67, 960, 923, 2475, 
605, 617, 673), PSO.n.solutions = c(104, 106, 2, 85, 82, 47, 
406, 1, 29, 38, 80), PSO.generations = c(100, 100, 100, 100, 
100, 100, 100, 100, 100, 100, 100), PSO.n.evaluations = c(2500, 
2500, 2500, 2500, 2500, 2500, 2500, 2500, 2500, 2500, 2500), 
    PSO.cpu.time = c(6990.547, 7111.4, 7387.181, 7586.073, 7603.605, 
    8343.38600000001, 8377.29700000001, 8277.569, 8556.83100000001, 
    8683.85699999999, 9668.40100000001), RS.cost = c(-0.06155, 
    2.26875, 14.23964, 1.23593, 2.5158, 13.30769, 5.5275, 11.54791, 
    0.44498, 5.7332, 8.13809), RS.gamma = c(-6.15275, -4.84717, 
    -12.73943, -7.63877, -8.15072, -14.36364, -10.37503, -14.36647, 
    -4.97805, -8.02527, -7.95772), RS.data.balancing = c(0, 0, 
    0, 0, 0, 0, 0, 0, 0, 0, 0), RS.feature.selection = c(0, 0, 
    0, 0, 0, 0, 0, 0, 0, 0, 0), RS.valid.acc = c(0.75888, 0.73542, 
    0.73181, 0.74671, 0.72087, 0.73851, 0.72909, 0.73981, 0.73707, 
    0.74228, 0.74477), RS.test.acc = c(0.75, 0.72497, 0.71791, 
    0.7367, 0.71442, 0.73254, 0.7044, 0.72699, 0.73476, 0.73309, 
    0.72535), RS.train.time = c(0.0237, 0.0246, 0.0393, 0.0288, 
    0.0339, 0.04, 0.0403, 0.0419, 0.0475, 0.0514, 0.0649), RS.n.support.vectors = c(132.8, 
    133.6, 134.3, 168.7, 175.6, 169.7, 190.6, 189.4, 216.2, 213.5, 
    215.9), RS.index = c(31, 123, 746, 708, 327, 2369, 1982, 
    207, 2012, 615, 649), RS.n.solutions = c(2, 1, 1, 1, 1, 1, 
    1, 9, 1, 1, 1), RS.generations = c(100, 100, 100, 100, 100, 
    100, 100, 100, 100, 100, 100), RS.n.evaluations = c(2500, 
    2500, 2500, 2500, 2500, 2500, 2500, 2500, 2500, 2500, 2500
    ), RS.cpu.time = c(7153.162, 7553.38, 7848.068, 8027.669, 
    8798.93800000001, 9032.883, 9107.22700000001, 9251.205, 9444.679, 
    10018.601, 10247.24), DF.cost = c(1, 1, 1, 1, 1, 1, 1, 1, 
    1, 1, 1), DF.gamma = c(0.11111, 0.11111, 0.11111, 0.11111, 
    0.11111, 0.11111, 0.11111, 0.11111, 0.11111, 0.11111, 0.11111
    ), DF.data.balancing = c(0, 0, 0, 0, 0, 0, 0, 0, 0, 0, 0), 
    DF.feature.selection = c(0, 0, 0, 0, 0, 0, 0, 0, 0, 0, 0), 
    DF.valid.acc = c(0.74565, 0.72403, 0.70694, 0.70314, 0.69282, 
    0.70061, 0.68795, 0.71417, 0.70374, 0.71268, 0.70375), DF.test.acc = c(0.72826, 
    0.72835, 0.71382, 0.70993, 0.69585, 0.71212, 0.70673, 0.71929, 
    0.70851, 0.7196, 0.71452), DF.train.time = c(0.0217, 0.025, 
    0.0289, 0.0299, 0.0373, 0.0391, 0.0419, 0.0435, 0.049, 0.0524, 
    0.0574), DF.n.support.vectors = c(131.5, 148.1, 159.2, 168.1, 
    182.3, 191.1, 205, 212.3, 227.5, 239.5, 251.1), DF.index = c(1, 
    1, 1, 1, 1, 1, 1, 1, 1, 1, 1), DF.n.solutions = c(1, 1, 1, 
    1, 1, 1, 1, 1, 1, 1, 1), DF.generations = c(1, 1, 1, 1, 1, 
    1, 1, 1, 1, 1, 1), DF.n.evaluations = c(1, 1, 1, 1, 1, 1, 
    1, 1, 1, 1, 1), DF.cpu.time = c(2.59, 2.803, 2.95, 2.915, 
    3.369, 3.207, 3.258, 3.248, 3.454, 3.35, 3.482), SMBO.cost = c(7.11413642890868, 
    7.11413642890868, 7.11413642890868, 7.11413642890868, 7.11413642890868, 
    7.11413642890868, 7.11413642890868, 7.11413642890868, 7.11413642890868, 
    7.11413642890868, 7.11413642890868), SMBO.gamma = c(-8.57751099326994, 
    -8.57751099326994, -8.57751099326994, -8.57751099326994, 
    -8.57751099326994, -8.57751099326994, -8.57751099326994, 
    -8.57751099326994, -8.57751099326994, -8.57751099326994, 
    -8.57751099326994), SMBO.balanced.test.accuracy = c(0.692184983836468, 
    0.692184983836468, 0.692184983836468, 0.692184983836468, 
    0.692184983836468, 0.692184983836468, 0.692184983836468, 
    0.692184983836468, 0.692184983836468, 0.692184983836468, 
    0.692184983836468)), .Names = c("Sampling", "PSO.cost", "PSO.gamma", 
"PSO.data.balancing", "PSO.feature.selection", "PSO.valid.acc", 
"PSO.test.acc", "PSO.train.time", "PSO.n.support.vectors", "PSO.index", 
"PSO.n.solutions", "PSO.generations", "PSO.n.evaluations", "PSO.cpu.time", 
"RS.cost", "RS.gamma", "RS.data.balancing", "RS.feature.selection", 
"RS.valid.acc", "RS.test.acc", "RS.train.time", "RS.n.support.vectors", 
"RS.index", "RS.n.solutions", "RS.generations", "RS.n.evaluations", 
"RS.cpu.time", "DF.cost", "DF.gamma", "DF.data.balancing", "DF.feature.selection", 
"DF.valid.acc", "DF.test.acc", "DF.train.time", "DF.n.support.vectors", 
"DF.index", "DF.n.solutions", "DF.generations", "DF.n.evaluations", 
"DF.cpu.time", "SMBO.cost", "SMBO.gamma", "SMBO.balanced.test.accuracy"
), row.names = c(NA, -11L), class = "data.frame")
