new.sol <-
structure(list(Sampling = c(50, 55, 60, 65, 70, 75, 80, 85, 90, 
95, 100), PSO.cost = c(8.86082, 4.91227, 8.964, 9.00523, 0.83482, 
4.85075, 3.25804, 1.16635, 10.96224, 3.98575, 1.28391), PSO.gamma = c(-8.00649, 
-4.58911, -9.09137, -9.29158, -7.55453, -5.90899, -6.64567, -5.30932, 
-8.24385, -6.17133, -6.81041), PSO.data.balancing = c(0, 0, 0, 
0, 0, 0, 0, 0, 0, 0, 0), PSO.feature.selection = c(0, 0, 0, 0, 
0, 0, 0, 0, 0, 0, 0), PSO.valid.acc = c(0.76637, 0.75585, 0.73338, 
0.73344, 0.73106, 0.73933, 0.74281, 0.74938, 0.76185, 0.75153, 
0.74038), PSO.test.acc = c(0.72232, 0.70431, 0.72942, 0.71366, 
0.7125, 0.72504, 0.72908, 0.73116, 0.74739, 0.74456, 0.73367), 
    PSO.train.time = c(0.0297, 0.0279, 0.0313, 0.033, 0.032, 
    0.0378, 0.0367, 0.0406, 0.1172, 0.0474, 0.0508), PSO.n.support.vectors = c(107.7, 
    129, 138.1, 148.3, 180.8, 166.3, 182.1, 201.3, 187.2, 206.1, 
    239.9), PSO.index = c(385, 391, 32, 21, 2222, 1939, 901, 
    1251, 1437, 2367, 960), PSO.n.solutions = c(29, 136, 129, 
    171, 4, 1, 72, 82, 22, 1, 37), PSO.generations = c(100, 100, 
    100, 100, 100, 100, 100, 100, 100, 100, 100), PSO.n.evaluations = c(2500, 
    2500, 2500, 2500, 2500, 2500, 2500, 2500, 2500, 2500, 2500
    ), PSO.cpu.time = c(7585.817, 7742.074, 8228.285, 8576.443, 
    8443.237, 8539.14, 8616.66899999999, 9294.88100000001, 11215.35, 
    9211.837, 8895.20500000002), RS.cost = c(4.81022, 3.61504, 
    10.29158, 13.26831, 0.91187, 1.86984, 3.43638, 0.15367, 11.76115, 
    4.00535, 2.11629), RS.gamma = c(-5.78212, -3.91064, -9.73514, 
    -11.41897, -7.58103, -4.76219, -6.62512, -6.44371, -8.61063, 
    -6.27885, -7.42461), RS.data.balancing = c(0, 0, 0, 0, 0, 
    0, 0, 0, 0, 0, 0), RS.feature.selection = c(0, 0, 0, 0, 0, 
    0, 0, 0, 0, 0, 0), RS.valid.acc = c(0.76617, 0.75585, 0.73338, 
    0.73344, 0.72794, 0.73353, 0.74018, 0.74937, 0.75708, 0.74921, 
    0.73821), RS.test.acc = c(0.73556, 0.71231, 0.73299, 0.71699, 
    0.70947, 0.72496, 0.73178, 0.73129, 0.74739, 0.74683, 0.7272
    ), RS.train.time = c(0.0238, 0.0271, 0.0332, 0.0466, 0.0344, 
    0.0355, 0.0378, 0.0426, 0.1582, 0.0487, 0.0508), RS.n.support.vectors = c(109.6, 
    134.3, 138.1, 147.2, 180.1, 173.2, 181.1, 212.9, 186.4, 207.7, 
    237.5), RS.index = c(327, 247, 75, 335, 277, 454, 907, 1311, 
    779, 1425, 60), RS.n.solutions = c(3, 1, 16, 4, 1, 4, 3, 
    1, 1, 2, 3), RS.generations = c(100, 100, 100, 100, 100, 
    100, 100, 100, 100, 100, 100), RS.n.evaluations = c(2500, 
    2500, 2500, 2500, 2500, 2500, 2500, 2500, 2500, 2500, 2500
    ), RS.cpu.time = c(7702.235, 7943.273, 8523.991, 8813.177, 
    9217.465, 9181.58100000001, 9734.333, 10100.164, 9751.73999999999, 
    9903.28700000001, 10289.648), DF.cost = c(1, 1, 1, 1, 1, 
    1, 1, 1, 1, 1, 1), DF.gamma = c(0.11111, 0.11111, 0.11111, 
    0.11111, 0.11111, 0.11111, 0.11111, 0.11111, 0.11111, 0.11111, 
    0.11111), DF.data.balancing = c(0, 0, 0, 0, 0, 0, 0, 0, 0, 
    0, 0), DF.feature.selection = c(0, 0, 0, 0, 0, 0, 0, 0, 0, 
    0, 0), DF.valid.acc = c(0.73119, 0.71631, 0.70081, 0.71466, 
    0.70341, 0.72496, 0.71322, 0.72136, 0.74007, 0.73541, 0.73168
    ), DF.test.acc = c(0.72704, 0.73585, 0.71153, 0.72433, 0.69981, 
    0.71345, 0.71541, 0.72367, 0.73763, 0.71945, 0.72308), DF.train.time = c(0.0227, 
    0.027, 0.0287, 0.032, 0.0337, 0.0384, 0.0391, 0.0438, 0.0479, 
    0.0513, 0.0556), DF.n.support.vectors = c(128.4, 148, 161.1, 
    172.1, 182.9, 193.3, 205.1, 217.6, 227.7, 235.5, 251.3), 
    DF.index = c(1, 1, 1, 1, 1, 1, 1, 1, 1, 1, 1), DF.n.solutions = c(1, 
    1, 1, 1, 1, 1, 1, 1, 1, 1, 1), DF.generations = c(1, 1, 1, 
    1, 1, 1, 1, 1, 1, 1, 1), DF.n.evaluations = c(1, 1, 1, 1, 
    1, 1, 1, 1, 1, 1, 1), DF.cpu.time = c(2.828, 3.087, 3.265, 
    3.261, 3.482, 3.447, 3.522, 3.488, 3.471, 3.339, 3.726), 
    SMBO.cost = c(2.7379576764998, 2.7379576764998, 2.7379576764998, 
    2.7379576764998, 2.7379576764998, 2.7379576764998, 2.7379576764998, 
    2.7379576764998, 2.7379576764998, 2.7379576764998, 2.7379576764998
    ), SMBO.gamma = c(-7.39607753616689, -7.39607753616689, -7.39607753616689, 
    -7.39607753616689, -7.39607753616689, -7.39607753616689, 
    -7.39607753616689, -7.39607753616689, -7.39607753616689, 
    -7.39607753616689, -7.39607753616689), SMBO.balanced.test.accuracy = c(0.705466209652769, 
    0.705466209652769, 0.705466209652769, 0.705466209652769, 
    0.705466209652769, 0.705466209652769, 0.705466209652769, 
    0.705466209652769, 0.705466209652769, 0.705466209652769, 
    0.705466209652769)), .Names = c("Sampling", "PSO.cost", "PSO.gamma", 
"PSO.data.balancing", "PSO.feature.selection", "PSO.valid.acc", 
"PSO.test.acc", "PSO.train.time", "PSO.n.support.vectors", "PSO.index", 
"PSO.n.solutions", "PSO.generations", "PSO.n.evaluations", "PSO.cpu.time", 
"RS.cost", "RS.gamma", "RS.data.balancing", "RS.feature.selection", 
"RS.valid.acc", "RS.test.acc", "RS.train.time", "RS.n.support.vectors", 
"RS.index", "RS.n.solutions", "RS.generations", "RS.n.evaluations", 
"RS.cpu.time", "DF.cost", "DF.gamma", "DF.data.balancing", "DF.feature.selection", 
"DF.valid.acc", "DF.test.acc", "DF.train.time", "DF.n.support.vectors", 
"DF.index", "DF.n.solutions", "DF.generations", "DF.n.evaluations", 
"DF.cpu.time", "SMBO.cost", "SMBO.gamma", "SMBO.balanced.test.accuracy"
), row.names = c(NA, -11L), class = "data.frame")
