new.sol <-
structure(list(Sampling = c(50, 55, 60, 65, 70, 75, 80, 85, 90, 
95, 100), PSO.cost = c(14.8983, 6.28735, 14.74014, 6.4209, 1, 
12.20026, 1, 11.65606, 1, 6.78309, 3.30896), PSO.gamma = c(-11.68102, 
-3.75004, -13.10725, -10.47337, 0.16667, -2.39373, 0.16667, -14.93483, 
0.16667, -10.9034, -5.21186), PSO.data.balancing = c(0, 0, 0, 
0, 0, 0, 0, 0, 0, 0, 0), PSO.feature.selection = c(0, 0, 0, 0, 
0, 0, 0, 0, 0, 0, 0), PSO.valid.acc = c(1, 1, 1, 1, 1, 1, 1, 
0.9875, 0.99, 1, 0.99091), PSO.test.acc = c(1, 1, 1, 0.98571, 
1, 1, 1, 0.97639, 0.99, 0.99091, 0.99091), PSO.train.time = c(0.0113, 
0.0108, 0.0105, 0.0107, 0.0109, 0.0116, 0.0108, 0.0115, 0.012, 
0.011, 0.0116), PSO.n.support.vectors = c(11.1, 16.2, 11, 21.3, 
24.1, 23.3, 23.8, 17.7, 25.7, 25.1, 15.3), PSO.index = c(4, 3, 
5, 3, 1, 5, 1, 18, 1, 66, 9), PSO.n.solutions = c(1798, 1747, 
1986, 1915, 1577, 1920, 1458, 551, 1125, 147, 797), PSO.generations = c(100, 
100, 100, 100, 100, 100, 100, 100, 100, 100, 100), PSO.n.evaluations = c(2500, 
2500, 2500, 2500, 2500, 2500, 2500, 2500, 2500, 2500, 2500), 
    PSO.cpu.time = c(7710.387, 7467.413, 7248.788, 7348.45499999999, 
    7448.24200000001, 7235.605, 7589.496, 7360.93799999999, 7122.993, 
    7202.26200000002, 7300.959), RS.cost = c(12.16922, 8.32603, 
    10.68241, 14.68626, 7.52884, 5.72542, 11.36092, 0.82212, 
    5.75873, 10.71013, 1.94665), RS.gamma = c(-13.18631, -10.66706, 
    -4.5505, -13.32023, -7.73296, -2.56877, -4.76519, -3.50423, 
    -8.27082, -14.87469, -5.80897), RS.data.balancing = c(0, 
    0, 0, 0, 0, 0, 0, 0, 0, 0, 0), RS.feature.selection = c(0, 
    0, 0, 0, 0, 0, 0, 0, 0, 0, 0), RS.valid.acc = c(1, 1, 1, 
    1, 1, 1, 1, 0.9875, 0.99, 1, 0.99091), RS.test.acc = c(1, 
    1, 1, 1, 1, 1, 1, 0.9875, 0.99, 0.98182, 0.99091), RS.train.time = c(0.0107, 
    0.011, 0.0107, 0.0107, 0.0111, 0.0116, 0.0115, 0.0106, 0.0109, 
    0.0115, 0.0117), RS.n.support.vectors = c(11.3, 12.9, 15.8, 
    11.2, 11, 22.3, 13.1, 20.1, 14.9, 25.5, 25.5), RS.index = c(1, 
    2, 4, 2, 5, 3, 1, 13, 1, 117, 8), RS.n.solutions = c(1093, 
    1030, 1000, 949, 1085, 981, 1107, 158, 756, 21, 335), RS.generations = c(100, 
    100, 100, 100, 100, 100, 100, 100, 100, 100, 100), RS.n.evaluations = c(2500, 
    2500, 2500, 2500, 2500, 2500, 2500, 2500, 2500, 2500, 2500
    ), RS.cpu.time = c(7568.131, 7212.058, 7253.691, 7352.112, 
    7497.057, 7459.746, 7673.542, 7324.58100000001, 7131.649, 
    7416.03699999998, 7183.18700000001), DF.cost = c(1, 1, 1, 
    1, 1, 1, 1, 1, 1, 1, 1), DF.gamma = c(0.16667, 0.16667, 0.16667, 
    0.16667, 0.16667, 0.16667, 0.16667, 0.16667, 0.16667, 0.16667, 
    0.16667), DF.data.balancing = c(0, 0, 0, 0, 0, 0, 0, 0, 0, 
    0, 0), DF.feature.selection = c(0, 0, 0, 0, 0, 0, 0, 0, 0, 
    0, 0), DF.valid.acc = c(0.98333, 0.98, 0.98333, 0.98571, 
    1, 0.98571, 1, 0.97639, 0.99, 0.98182, 0.98182), DF.test.acc = c(0.98333, 
    0.98, 0.98333, 0.98571, 1, 0.98571, 1, 0.97639, 0.99, 0.98182, 
    0.99091), DF.train.time = c(0.0113, 0.011, 0.011, 0.0112, 
    0.0115, 0.011, 0.012, 0.0118, 0.0112, 0.0116, 0.0118), DF.n.support.vectors = c(22.1, 
    23.1, 24.2, 24.1, 24.1, 26, 23.8, 26.4, 25.7, 27.9, 30.1), 
    DF.index = c(1, 1, 1, 1, 1, 1, 1, 1, 1, 1, 1), DF.n.solutions = c(1, 
    1, 1, 1, 1, 1, 1, 1, 1, 1, 1), DF.generations = c(1, 1, 1, 
    1, 1, 1, 1, 1, 1, 1, 1), DF.n.evaluations = c(1, 1, 1, 1, 
    1, 1, 1, 1, 1, 1, 1), DF.cpu.time = c(3.141, 2.952, 2.999, 
    2.872, 2.969, 2.867, 2.996, 2.998, 2.793, 3.015, 2.864), 
    SMBO.cost = c(3.90275131233211, 3.90275131233211, 3.90275131233211, 
    3.90275131233211, 3.90275131233211, 3.90275131233211, 3.90275131233211, 
    3.90275131233211, 3.90275131233211, 3.90275131233211, 3.90275131233211
    ), SMBO.gamma = c(-3.86885492330408, -3.86885492330408, -3.86885492330408, 
    -3.86885492330408, -3.86885492330408, -3.86885492330408, 
    -3.86885492330408, -3.86885492330408, -3.86885492330408, 
    -3.86885492330408, -3.86885492330408), SMBO.balanced.test.accuracy = c(1, 
    1, 1, 1, 1, 1, 1, 1, 1, 1, 1)), .Names = c("Sampling", "PSO.cost", 
"PSO.gamma", "PSO.data.balancing", "PSO.feature.selection", "PSO.valid.acc", 
"PSO.test.acc", "PSO.train.time", "PSO.n.support.vectors", "PSO.index", 
"PSO.n.solutions", "PSO.generations", "PSO.n.evaluations", "PSO.cpu.time", 
"RS.cost", "RS.gamma", "RS.data.balancing", "RS.feature.selection", 
"RS.valid.acc", "RS.test.acc", "RS.train.time", "RS.n.support.vectors", 
"RS.index", "RS.n.solutions", "RS.generations", "RS.n.evaluations", 
"RS.cpu.time", "DF.cost", "DF.gamma", "DF.data.balancing", "DF.feature.selection", 
"DF.valid.acc", "DF.test.acc", "DF.train.time", "DF.n.support.vectors", 
"DF.index", "DF.n.solutions", "DF.generations", "DF.n.evaluations", 
"DF.cpu.time", "SMBO.cost", "SMBO.gamma", "SMBO.balanced.test.accuracy"
), row.names = c(NA, -11L), class = "data.frame")
