new.sol <-
structure(list(Sampling = c(50, 55, 60, 65, 70, 75, 80, 85, 90, 
95, 100), PSO.cost = c(1, 4.29814, 8.23765, 1, 11.71607, 9.4266, 
5.47884, 1, 4.67004, 11.52768, 3.21966), PSO.gamma = c(0.16667, 
-8.89334, -12.98174, 0.16667, -14.98797, -12.33245, -6.89554, 
0.16667, -4.98866, -13.52747, -6.83385), PSO.data.balancing = c(0, 
0, 0, 0, 0, 0, 0, 0, 0, 0, 0), PSO.feature.selection = c(0, 0, 
0, 0, 0, 0, 0, 0, 0, 0, 0), PSO.valid.acc = c(1, 1, 1, 0.98571, 
0.9875, 0.98889, 0.98889, 0.99, 0.99, 0.99, 0.99), PSO.test.acc = c(0.98, 
1, 0.98333, 0.98571, 0.9875, 0.98889, 0.98889, 0.97889, 0.97889, 
0.99, 0.99), PSO.train.time = c(0.0123, 0.0112, 0.0143, 0.0128, 
0.016, 0.0148, 0.0128, 0.0131, 0.0127, 0.0122, 0.0119), PSO.n.support.vectors = c(20.6, 
24.1, 26.3, 23.8, 19, 16.5, 12.6, 29.2, 12.9, 14.2, 22.1), PSO.index = c(1, 
159, 12, 1, 4, 6, 12, 1, 2, 5, 9), PSO.n.solutions = c(339, 224, 
150, 1723, 599, 893, 731, 694, 2012, 882, 1004), PSO.generations = c(100, 
100, 100, 100, 100, 100, 100, 100, 100, 100, 100), PSO.n.evaluations = c(2500, 
2500, 2500, 2500, 2500, 2500, 2500, 2500, 2500, 2500, 2500), 
    PSO.cpu.time = c(7987.134, 8042.687, 9903.019, 9893.57900000001, 
    9953.02100000001, 9593.753, 9468.70699999999, 9528.63999999998, 
    9587.41199999998, 7460.935, 7464.86900000001), RS.cost = c(1.75856, 
    -0.93737, 2.30955, 13.96197, 4.81477, 11.5092, 3.01487, 10.11447, 
    13.54137, 8.07565, 1.63332), RS.gamma = c(-6.90135, -4.05375, 
    -6.93515, -0.90614, -8.60866, -12.89258, -5.22476, -11.31205, 
    -10.0929, -11.55915, -2.79562), RS.data.balancing = c(0, 
    0, 0, 0, 0, 0, 0, 0, 0, 0, 0), RS.feature.selection = c(0, 
    0, 0, 0, 0, 0, 0, 0, 0, 0, 0), RS.valid.acc = c(1, 1, 1, 
    0.98571, 0.9875, 0.98889, 0.98889, 0.99, 0.99, 0.99, 0.99
    ), RS.test.acc = c(1, 0.98333, 0.98333, 0.96905, 0.9875, 
    0.98889, 0.98889, 0.99, 0.97889, 0.99, 0.99), RS.train.time = c(0.0109, 
    0.0115, 0.0142, 0.0128, 0.0144, 0.0125, 0.0127, 0.0127, 0.0123, 
    0.0125, 0.0126), RS.n.support.vectors = c(26.6, 30.5, 25.8, 
    43.6, 21.3, 11.6, 16, 11.2, 10.1, 21.2, 21.2), RS.index = c(13, 
    118, 84, 1, 9, 10, 5, 4, 2, 28, 5), RS.n.solutions = c(169, 
    51, 43, 1391, 199, 309, 226, 396, 998, 330, 336), RS.generations = c(100, 
    100, 100, 100, 100, 100, 100, 100, 100, 100, 100), RS.n.evaluations = c(2500, 
    2500, 2500, 2500, 2500, 2500, 2500, 2500, 2500, 2500, 2500
    ), RS.cpu.time = c(8004.019, 9466.095, 9876.893, 9981.778, 
    9911.90199999999, 9541.803, 9471.08399999999, 9590.34, 8580.15600000002, 
    7496.91699999999, 7443.916), DF.cost = c(1, 1, 1, 1, 1, 1, 
    1, 1, 1, 1, 1), DF.gamma = c(0.16667, 0.16667, 0.16667, 0.16667, 
    0.16667, 0.16667, 0.16667, 0.16667, 0.16667, 0.16667, 0.16667
    ), DF.data.balancing = c(0, 0, 0, 0, 0, 0, 0, 0, 0, 0, 0), 
    DF.feature.selection = c(0, 0, 0, 0, 0, 0, 0, 0, 0, 0, 0), 
    DF.valid.acc = c(1, 0.98333, 0.98333, 0.98571, 0.97321, 0.9746, 
    0.97778, 0.99, 0.97889, 0.98, 0.98), DF.test.acc = c(0.98, 
    0.98333, 0.98333, 0.98571, 0.97321, 0.98889, 0.97778, 0.97889, 
    0.99, 0.99, 0.98), DF.train.time = c(0.0115, 0.0129, 0.0123, 
    0.0125, 0.0143, 0.0131, 0.013, 0.0133, 0.0119, 0.0123, 0.0117
    ), DF.n.support.vectors = c(20.6, 22.1, 23.7, 23.8, 25.3, 
    27.3, 28.5, 29.2, 29.9, 30.3, 29.6), DF.index = c(1, 1, 1, 
    1, 1, 1, 1, 1, 1, 1, 1), DF.n.solutions = c(1, 1, 1, 1, 1, 
    1, 1, 1, 1, 1, 1), DF.generations = c(1, 1, 1, 1, 1, 1, 1, 
    1, 1, 1, 1), DF.n.evaluations = c(1, 1, 1, 1, 1, 1, 1, 1, 
    1, 1, 1), DF.cpu.time = c(3.198, 3.902, 3.956, 3.994, 3.831, 
    3.786, 3.776, 3.927, 3.005, 3.04, 2.877), SMBO.cost = c(2.89730762423831, 
    2.89730762423831, 2.89730762423831, 2.89730762423831, 2.89730762423831, 
    2.89730762423831, 2.89730762423831, 2.89730762423831, 2.89730762423831, 
    2.89730762423831, 2.89730762423831), SMBO.gamma = c(-5.32692799569166, 
    -5.32692799569166, -5.32692799569166, -5.32692799569166, 
    -5.32692799569166, -5.32692799569166, -5.32692799569166, 
    -5.32692799569166, -5.32692799569166, -5.32692799569166, 
    -5.32692799569166), SMBO.balanced.test.accuracy = c(1, 1, 
    1, 1, 1, 1, 1, 1, 1, 1, 1)), .Names = c("Sampling", "PSO.cost", 
"PSO.gamma", "PSO.data.balancing", "PSO.feature.selection", "PSO.valid.acc", 
"PSO.test.acc", "PSO.train.time", "PSO.n.support.vectors", "PSO.index", 
"PSO.n.solutions", "PSO.generations", "PSO.n.evaluations", "PSO.cpu.time", 
"RS.cost", "RS.gamma", "RS.data.balancing", "RS.feature.selection", 
"RS.valid.acc", "RS.test.acc", "RS.train.time", "RS.n.support.vectors", 
"RS.index", "RS.n.solutions", "RS.generations", "RS.n.evaluations", 
"RS.cpu.time", "DF.cost", "DF.gamma", "DF.data.balancing", "DF.feature.selection", 
"DF.valid.acc", "DF.test.acc", "DF.train.time", "DF.n.support.vectors", 
"DF.index", "DF.n.solutions", "DF.generations", "DF.n.evaluations", 
"DF.cpu.time", "SMBO.cost", "SMBO.gamma", "SMBO.balanced.test.accuracy"
), row.names = c(NA, -11L), class = "data.frame")
