new.sol <-
structure(list(Sampling = c(50, 55, 60, 65, 70, 75, 80, 85, 90, 
95, 100), PSO.cost = c(1, 1, 1, 1, 1, 1, 1, 1, 1, 1, 3.32452), 
    PSO.gamma = c(0.16667, 0.16667, 0.16667, 0.16667, 0.16667, 
    0.16667, 0.16667, 0.16667, 0.16667, 0.16667, -5.79128), PSO.data.balancing = c(0, 
    0, 0, 0, 0, 0, 0, 0, 0, 0, 0), PSO.feature.selection = c(0, 
    0, 0, 0, 0, 0, 0, 0, 0, 0, 0), PSO.valid.acc = c(1, 1, 1, 
    1, 1, 1, 1, 1, 1, 1, 0.99), PSO.test.acc = c(1, 1, 1, 1, 
    1, 1, 1, 1, 1, 1, 0.99), PSO.train.time = c(0.0123, 0.0114, 
    0.0112, 0.0114, 0.0127, 0.0123, 0.0144, 0.0128, 0.0124, 0.0133, 
    0.013), PSO.n.support.vectors = c(20.6, 19.7, 19.4, 19.6, 
    20.1, 20.4, 23.1, 25.2, 27.3, 27.5, 16.5), PSO.index = c(1, 
    1, 1, 1, 1, 1, 1, 1, 1, 1, 10), PSO.n.solutions = c(1639, 
    1712, 1880, 1776, 1756, 1814, 1762, 1657, 1434, 1645, 736
    ), PSO.generations = c(100, 100, 100, 100, 100, 100, 100, 
    100, 100, 100, 100), PSO.n.evaluations = c(2500, 2500, 2500, 
    2500, 2500, 2500, 2500, 2500, 2500, 2500, 2500), PSO.cpu.time = c(7179.127, 
    7237.255, 7186.281, 7582.228, 10060.715, 10239.684, 10099.243, 
    9861.94900000001, 9557.53599999999, 9689.38800000001, 9701.40900000001
    ), RS.cost = c(8.3533, 8.80679, 10.25361, 11.98137, 0.83356, 
    12.14267, 6.66998, 14.70918, 13.89209, 2.1457, 9.02179), 
    RS.gamma = c(-3.31602, -8.25856, -0.65614, -13.36343, -4.94726, 
    -12.7221, -3.40747, -5.51188, -8.92518, -3.79709, -11.70603
    ), RS.data.balancing = c(0, 0, 0, 0, 0, 0, 0, 0, 0, 0, 0), 
    RS.feature.selection = c(0, 0, 0, 0, 0, 0, 0, 0, 0, 0, 0), 
    RS.valid.acc = c(1, 1, 1, 1, 1, 1, 1, 1, 1, 1, 0.99), RS.test.acc = c(1, 
    1, 1, 1, 1, 1, 1, 1, 1, 1, 0.99), RS.train.time = c(0.0112, 
    0.0108, 0.0121, 0.0129, 0.0132, 0.012, 0.0129, 0.012, 0.012, 
    0.0128, 0.0127), RS.n.support.vectors = c(16.5, 9, 43.1, 
    9.5, 21.4, 8.7, 15, 12.7, 11, 18.7, 15.8), RS.index = c(1, 
    2, 1, 4, 3, 1, 1, 1, 2, 1, 5), RS.n.solutions = c(1508, 1414, 
    1495, 1483, 1604, 1529, 1402, 1147, 1176, 1186, 213), RS.generations = c(100, 
    100, 100, 100, 100, 100, 100, 100, 100, 100, 100), RS.n.evaluations = c(2500, 
    2500, 2500, 2500, 2500, 2500, 2500, 2500, 2500, 2500, 2500
    ), RS.cpu.time = c(7190.116, 7208.44, 7206.87500000001, 9908.401, 
    10166.307, 10211.228, 10036.198, 9728.80800000002, 9480.74400000001, 
    9829.74800000002, 9686.46899999998), DF.cost = c(1, 1, 1, 
    1, 1, 1, 1, 1, 1, 1, 1), DF.gamma = c(0.16667, 0.16667, 0.16667, 
    0.16667, 0.16667, 0.16667, 0.16667, 0.16667, 0.16667, 0.16667, 
    0.16667), DF.data.balancing = c(0, 0, 0, 0, 0, 0, 0, 0, 0, 
    0, 0), DF.feature.selection = c(0, 0, 0, 0, 0, 0, 0, 0, 0, 
    0, 0), DF.valid.acc = c(1, 1, 1, 1, 1, 1, 1, 1, 1, 1, 0.98091
    ), DF.test.acc = c(1, 1, 1, 1, 1, 1, 1, 1, 1, 1, 0.98091), 
    DF.train.time = c(0.0112, 0.011, 0.0113, 0.0129, 0.0127, 
    0.0127, 0.016, 0.012, 0.0131, 0.0129, 0.0138), DF.n.support.vectors = c(20.6, 
    19.7, 19.4, 19.6, 20.1, 20.4, 23.1, 25.2, 27.3, 27.5, 30.1
    ), DF.index = c(1, 1, 1, 1, 1, 1, 1, 1, 1, 1, 1), DF.n.solutions = c(1, 
    1, 1, 1, 1, 1, 1, 1, 1, 1, 1), DF.generations = c(1, 1, 1, 
    1, 1, 1, 1, 1, 1, 1, 1), DF.n.evaluations = c(1, 1, 1, 1, 
    1, 1, 1, 1, 1, 1, 1), DF.cpu.time = c(2.889, 2.894, 2.839, 
    3.788, 4.065, 4.238, 4.038, 3.87, 3.835, 3.854, 3.946), SMBO.cost = c(0.244200596030567, 
    0.244200596030567, 0.244200596030567, 0.244200596030567, 
    0.244200596030567, 0.244200596030567, 0.244200596030567, 
    0.244200596030567, 0.244200596030567, 0.244200596030567, 
    0.244200596030567), SMBO.gamma = c(-3.38675246418605, -3.38675246418605, 
    -3.38675246418605, -3.38675246418605, -3.38675246418605, 
    -3.38675246418605, -3.38675246418605, -3.38675246418605, 
    -3.38675246418605, -3.38675246418605, -3.38675246418605), 
    SMBO.balanced.test.accuracy = c(1, 1, 1, 1, 1, 1, 1, 1, 1, 
    1, 1)), .Names = c("Sampling", "PSO.cost", "PSO.gamma", "PSO.data.balancing", 
"PSO.feature.selection", "PSO.valid.acc", "PSO.test.acc", "PSO.train.time", 
"PSO.n.support.vectors", "PSO.index", "PSO.n.solutions", "PSO.generations", 
"PSO.n.evaluations", "PSO.cpu.time", "RS.cost", "RS.gamma", "RS.data.balancing", 
"RS.feature.selection", "RS.valid.acc", "RS.test.acc", "RS.train.time", 
"RS.n.support.vectors", "RS.index", "RS.n.solutions", "RS.generations", 
"RS.n.evaluations", "RS.cpu.time", "DF.cost", "DF.gamma", "DF.data.balancing", 
"DF.feature.selection", "DF.valid.acc", "DF.test.acc", "DF.train.time", 
"DF.n.support.vectors", "DF.index", "DF.n.solutions", "DF.generations", 
"DF.n.evaluations", "DF.cpu.time", "SMBO.cost", "SMBO.gamma", 
"SMBO.balanced.test.accuracy"), row.names = c(NA, -11L), class = "data.frame")
