new.sol <-
structure(list(Sampling = c(50, 55, 60, 65, 70, 75, 80, 85, 90, 
95, 100), PSO.cost = c(1, 1, 6.28498, 4.93158, 1, -0.45458, 1, 
14.25919, 1, 1.05581, 1), PSO.gamma = c(0.16667, 0.16667, -10.60683, 
-1.14397, 0.16667, -2.83331, 0.16667, -13.92099, 0.16667, -3.76115, 
0.16667), PSO.data.balancing = c(0, 0, 0, 0, 0, 0, 0, 0, 0, 0, 
0), PSO.feature.selection = c(0, 0, 0, 0, 0, 0, 0, 0, 0, 0, 0
), PSO.valid.acc = c(1, 1, 0.98571, 0.98571, 0.9875, 0.9875, 
0.9875, 1, 1, 0.99091, 0.99), PSO.test.acc = c(1, 1, 0.96905, 
0.98571, 0.9875, 0.9875, 0.975, 0.9875, 0.98889, 0.98091, 0.99
), PSO.train.time = c(0.0113, 0.01, 0.0101, 0.0107, 0.0105, 0.011, 
0.011, 0.0106, 0.0105, 0.0108, 0.0112), PSO.n.support.vectors = c(19.3, 
19.4, 20.7, 37.9, 24.1, 27.5, 27, 10.5, 27.5, 21.9, 29.4), PSO.index = c(1, 
1, 994, 260, 1, 3, 1, 2, 1, 57, 1), PSO.n.solutions = c(1832, 
1553, 21, 833, 246, 826, 1673, 1569, 2, 734, 1704), PSO.generations = c(100, 
100, 100, 100, 100, 100, 100, 100, 100, 100, 100), PSO.n.evaluations = c(2500, 
2500, 2500, 2500, 2500, 2500, 2500, 2500, 2500, 2500, 2500), 
    PSO.cpu.time = c(6720.846, 6707.567, 7037.588, 7092.305, 
    7059.182, 7000.811, 6954.84300000001, 6783.353, 6869.95, 
    6845.16299999999, 6851.64299999998), RS.cost = c(10.5667, 
    9.86848, 2.65452, 5.69155, 1.27376, 4.02447, 4.50467, 9.59443, 
    -0.16393, 4.97646, 9.9176), RS.gamma = c(-7.33924, -5.54962, 
    -6.94422, -1.10932, -5.81076, -5.60285, -3.32364, -8.63433, 
    -2.73935, -7.33583, -8.32133), RS.data.balancing = c(0, 0, 
    0, 0, 0, 0, 0, 0, 0, 0, 0), RS.feature.selection = c(0, 0, 
    0, 0, 0, 0, 0, 0, 0, 0, 0), RS.valid.acc = c(1, 1, 0.98571, 
    0.98571, 0.9875, 0.9875, 0.9875, 1, 1, 0.99091, 0.99), RS.test.acc = c(0.98, 
    1, 0.96905, 0.98571, 0.97321, 0.9875, 0.975, 0.9875, 0.98889, 
    0.99091, 0.98), RS.train.time = c(0.0099, 0.0099, 0.0095, 
    0.0105, 0.011, 0.01, 0.0102, 0.0104, 0.011, 0.0104, 0.0106
    ), RS.n.support.vectors = c(9.7, 10, 21, 38.4, 25.3, 12.8, 
    18, 10.5, 28.4, 15.2, 9.6), RS.index = c(3, 1, 1301, 19, 
    42, 1, 2, 10, 1076, 6, 4), RS.n.solutions = c(1357, 1015, 
    11, 58, 211, 572, 1080, 458, 3, 126, 1137), RS.generations = c(100, 
    100, 100, 100, 100, 100, 100, 100, 100, 100, 100), RS.n.evaluations = c(2500, 
    2500, 2500, 2500, 2500, 2500, 2500, 2500, 2500, 2500, 2500
    ), RS.cpu.time = c(6714.671, 6959.69, 7054.195, 7041.381, 
    7031.071, 6948.25900000001, 6686.552, 6889.235, 6886.698, 
    6860.484, 7951.63200000001), DF.cost = c(1, 1, 1, 1, 1, 1, 
    1, 1, 1, 1, 1), DF.gamma = c(0.16667, 0.16667, 0.16667, 0.16667, 
    0.16667, 0.16667, 0.16667, 0.16667, 0.16667, 0.16667, 0.16667
    ), DF.data.balancing = c(0, 0, 0, 0, 0, 0, 0, 0, 0, 0, 0), 
    DF.feature.selection = c(0, 0, 0, 0, 0, 0, 0, 0, 0, 0, 0), 
    DF.valid.acc = c(1, 1, 0.96905, 0.96905, 0.9875, 0.975, 0.9875, 
    0.9875, 1, 0.98091, 0.99), DF.test.acc = c(1, 1, 0.96905, 
    0.96905, 0.9875, 0.9875, 0.975, 0.9875, 0.98889, 0.98091, 
    0.99), DF.train.time = c(0.0095, 0.0113, 0.0127, 0.0107, 
    0.011, 0.0114, 0.0104, 0.0106, 0.0112, 0.0116, 0.0133), DF.n.support.vectors = c(19.3, 
    19.4, 23.5, 24, 24.1, 26.2, 27, 27.2, 27.5, 29, 29.4), DF.index = c(1, 
    1, 1, 1, 1, 1, 1, 1, 1, 1, 1), DF.n.solutions = c(1, 1, 1, 
    1, 1, 1, 1, 1, 1, 1, 1), DF.generations = c(1, 1, 1, 1, 1, 
    1, 1, 1, 1, 1, 1), DF.n.evaluations = c(1, 1, 1, 1, 1, 1, 
    1, 1, 1, 1, 1), DF.cpu.time = c(2.619, 2.802, 2.768, 2.878, 
    2.846, 2.856, 2.703, 2.728, 2.819, 2.773, 3.817), SMBO.cost = c(8.01659737849722, 
    8.01659737849722, 8.01659737849722, 8.01659737849722, 8.01659737849722, 
    8.01659737849722, 8.01659737849722, 8.01659737849722, 8.01659737849722, 
    8.01659737849722, 8.01659737849722), SMBO.gamma = c(-10.1403910211313, 
    -10.1403910211313, -10.1403910211313, -10.1403910211313, 
    -10.1403910211313, -10.1403910211313, -10.1403910211313, 
    -10.1403910211313, -10.1403910211313, -10.1403910211313, 
    -10.1403910211313), SMBO.balanced.test.accuracy = c(1, 1, 
    1, 1, 1, 1, 1, 1, 1, 1, 1)), .Names = c("Sampling", "PSO.cost", 
"PSO.gamma", "PSO.data.balancing", "PSO.feature.selection", "PSO.valid.acc", 
"PSO.test.acc", "PSO.train.time", "PSO.n.support.vectors", "PSO.index", 
"PSO.n.solutions", "PSO.generations", "PSO.n.evaluations", "PSO.cpu.time", 
"RS.cost", "RS.gamma", "RS.data.balancing", "RS.feature.selection", 
"RS.valid.acc", "RS.test.acc", "RS.train.time", "RS.n.support.vectors", 
"RS.index", "RS.n.solutions", "RS.generations", "RS.n.evaluations", 
"RS.cpu.time", "DF.cost", "DF.gamma", "DF.data.balancing", "DF.feature.selection", 
"DF.valid.acc", "DF.test.acc", "DF.train.time", "DF.n.support.vectors", 
"DF.index", "DF.n.solutions", "DF.generations", "DF.n.evaluations", 
"DF.cpu.time", "SMBO.cost", "SMBO.gamma", "SMBO.balanced.test.accuracy"
), row.names = c(NA, -11L), class = "data.frame")
