new.sol <-
structure(list(Sampling = c(50, 55, 60, 65, 70, 75, 80, 85, 90, 
95, 100), PSO.cost = c(9.03792, 3.78146, 12.98194, 5.07797, 5.2381, 
3.27513, 9.65962, 4.49632, 1.4932, 14.60513, 7.70557), PSO.gamma = c(-12.84199, 
-6.74624, -14.74745, -7.30746, -8.9135, -4.71855, -11.86062, 
-6.93007, -5.59106, -5.1116, -10.03792), PSO.data.balancing = c(0, 
0, 0, 0, 0, 0, 0, 0, 0, 0, 0), PSO.feature.selection = c(0, 0, 
0, 0, 0, 0, 0, 0, 0, 0, 0), PSO.valid.acc = c(1, 0.98571, 0.98333, 
0.98571, 0.98333, 0.9875, 0.98889, 0.98889, 0.98889, 0.99, 0.99091
), PSO.test.acc = c(1, 0.98571, 0.96905, 0.98571, 0.98333, 0.9875, 
0.98889, 0.97778, 0.98889, 0.99, 0.99091), PSO.train.time = c(0.011, 
0.0111, 0.0102, 0.0107, 0.0114, 0.0107, 0.0115, 0.0114, 0.0111, 
0.0101, 0.0111), PSO.n.support.vectors = c(17.6, 15.4, 11.2, 
13.8, 18.8, 14.7, 13.3, 16, 25.7, 11.6, 14.6), PSO.index = c(101, 
19, 4, 15, 50, 31, 5, 22, 3, 8, 5), PSO.n.solutions = c(270, 
709, 693, 1241, 245, 193, 450, 623, 434, 1596, 1842), PSO.generations = c(100, 
100, 100, 100, 100, 100, 100, 100, 100, 100, 100), PSO.n.evaluations = c(2500, 
2500, 2500, 2500, 2500, 2500, 2500, 2500, 2500, 2500, 2500), 
    PSO.cpu.time = c(7643.426, 7398.522, 7650.547, 7683.025, 
    7623.83700000001, 7358.902, 7350.12699999999, 7102.341, 6811.769, 
    6981.704, 7368.37899999999), RS.cost = c(3.07369, 10.07774, 
    6.01143, 2.97363, 5.97068, 4.93408, 11.15942, 3.03384, 1.22253, 
    1.09773, 14.52498), RS.gamma = c(-7.37103, -12.62126, -7.89583, 
    -6.83765, -9.63559, -6.64837, -13.02242, -6.12507, -4.9764, 
    -3.26305, -8.83892), RS.data.balancing = c(0, 0, 0, 0, 0, 
    0, 0, 0, 0, 0, 0), RS.feature.selection = c(0, 0, 0, 0, 0, 
    0, 0, 0, 0, 0, 0), RS.valid.acc = c(1, 0.98571, 0.98333, 
    0.98571, 0.98333, 0.9875, 0.98889, 0.98889, 0.98889, 0.99, 
    0.99091), RS.test.acc = c(1, 0.98571, 0.98333, 0.96905, 0.98333, 
    0.9875, 0.98889, 0.97778, 0.98889, 0.99, 0.97182), RS.train.time = c(0.011, 
    0.0105, 0.0108, 0.0112, 0.0115, 0.011, 0.0113, 0.011, 0.0113, 
    0.0113, 0.0116), RS.n.support.vectors = c(20.4, 13.2, 11, 
    20.8, 18.8, 12.9, 12.4, 19.2, 24.6, 20.6, 10.6), RS.index = c(52, 
    2, 6, 3, 6, 25, 12, 7, 15, 1, 4), RS.n.solutions = c(88, 
    215, 151, 290, 80, 40, 143, 234, 203, 984, 1100), RS.generations = c(100, 
    100, 100, 100, 100, 100, 100, 100, 100, 100, 100), RS.n.evaluations = c(2500, 
    2500, 2500, 2500, 2500, 2500, 2500, 2500, 2500, 2500, 2500
    ), RS.cpu.time = c(7647.93, 7141.148, 7649.225, 7559.682, 
    7598.92300000001, 7360.923, 7310.427, 6928.905, 6825.70300000001, 
    7138.25399999999, 7755.35199999998), DF.cost = c(1, 1, 1, 
    1, 1, 1, 1, 1, 1, 1, 1), DF.gamma = c(0.16667, 0.16667, 0.16667, 
    0.16667, 0.16667, 0.16667, 0.16667, 0.16667, 0.16667, 0.16667, 
    0.16667), DF.data.balancing = c(0, 0, 0, 0, 0, 0, 0, 0, 0, 
    0, 0), DF.feature.selection = c(0, 0, 0, 0, 0, 0, 0, 0, 0, 
    0, 0), DF.valid.acc = c(0.98333, 0.96905, 0.96905, 0.96905, 
    0.96905, 0.97321, 0.97639, 0.97778, 0.97778, 0.98091, 0.98182
    ), DF.test.acc = c(1, 0.96905, 0.96905, 0.96905, 0.96905, 
    0.97321, 0.97639, 0.97778, 0.97778, 0.99091, 0.98182), DF.train.time = c(0.0113, 
    0.0106, 0.0109, 0.0115, 0.0111, 0.0107, 0.0117, 0.0118, 0.0106, 
    0.0112, 0.0127), DF.n.support.vectors = c(21.3, 22.5, 22.8, 
    23.2, 23.3, 25.2, 26.2, 27.7, 28.7, 28.4, 29.5), DF.index = c(1, 
    1, 1, 1, 1, 1, 1, 1, 1, 1, 1), DF.n.solutions = c(1, 1, 1, 
    1, 1, 1, 1, 1, 1, 1, 1), DF.generations = c(1, 1, 1, 1, 1, 
    1, 1, 1, 1, 1, 1), DF.n.evaluations = c(1, 1, 1, 1, 1, 1, 
    1, 1, 1, 1, 1), DF.cpu.time = c(3.095, 2.883, 2.972, 3.088, 
    2.951, 2.851, 3.028, 2.984, 2.682, 2.761, 3.156), SMBO.cost = c(3.71498019180988, 
    3.71498019180988, 3.71498019180988, 3.71498019180988, 3.71498019180988, 
    3.71498019180988, 3.71498019180988, 3.71498019180988, 3.71498019180988, 
    3.71498019180988, 3.71498019180988), SMBO.gamma = c(-2.7050196196331, 
    -2.7050196196331, -2.7050196196331, -2.7050196196331, -2.7050196196331, 
    -2.7050196196331, -2.7050196196331, -2.7050196196331, -2.7050196196331, 
    -2.7050196196331, -2.7050196196331), SMBO.balanced.test.accuracy = c(1, 
    1, 1, 1, 1, 1, 1, 1, 1, 1, 1)), .Names = c("Sampling", "PSO.cost", 
"PSO.gamma", "PSO.data.balancing", "PSO.feature.selection", "PSO.valid.acc", 
"PSO.test.acc", "PSO.train.time", "PSO.n.support.vectors", "PSO.index", 
"PSO.n.solutions", "PSO.generations", "PSO.n.evaluations", "PSO.cpu.time", 
"RS.cost", "RS.gamma", "RS.data.balancing", "RS.feature.selection", 
"RS.valid.acc", "RS.test.acc", "RS.train.time", "RS.n.support.vectors", 
"RS.index", "RS.n.solutions", "RS.generations", "RS.n.evaluations", 
"RS.cpu.time", "DF.cost", "DF.gamma", "DF.data.balancing", "DF.feature.selection", 
"DF.valid.acc", "DF.test.acc", "DF.train.time", "DF.n.support.vectors", 
"DF.index", "DF.n.solutions", "DF.generations", "DF.n.evaluations", 
"DF.cpu.time", "SMBO.cost", "SMBO.gamma", "SMBO.balanced.test.accuracy"
), row.names = c(NA, -11L), class = "data.frame")
