new.sol <-
structure(list(Sampling = c(50, 55, 60, 65, 70, 75, 80, 85, 90, 
95, 100), PSO.cost = c(7.9916, 13.98812, 3.74949, 7.38127, 5.55279, 
4.45222, -1.17523, 11.447, 14.06465, 14.89119, 2.15036), PSO.gamma = c(-15, 
-14.77859, -6.79488, -6.58186, -9.89746, -5.33656, -6.18245, 
-8.53375, -10.13752, -13.8498, -10.0271), PSO.data.balancing = c(0, 
0, 0, 0, 0, 0, 0, 0, 0, 0, 0), PSO.feature.selection = c(0, 0, 
0, 0, 0, 0, 0, 0, 0, 0, 0), PSO.valid.acc = c(0.75793, 0.75377, 
0.75678, 0.76538, 0.76907, 0.78406, 0.77291, 0.78458, 0.77766, 
0.78674, 0.77871), PSO.test.acc = c(0.75537, 0.7371, 0.74156, 
0.75334, 0.75593, 0.76664, 0.77125, 0.76766, 0.77474, 0.77296, 
0.76958), PSO.train.time = c(0.0472, 0.0518, 0.0504, 0.0431, 
0.0648, 0.0772, 0.0734, 0.1842, 0.4128, 0.1248, 0.1131), PSO.n.support.vectors = c(215.6, 
192.1, 212.3, 202.8, 245.8, 238.5, 321.6, 256.4, 276, 307.9, 
396), PSO.index = c(197, 301, 916, 1226, 1408, 837, 1417, 1208, 
1381, 1157, 211), PSO.n.solutions = c(81, 144, 152, 96, 19, 267, 
9, 7, 7, 1, 86), PSO.generations = c(100, 100, 100, 100, 100, 
100, 100, 100, 100, 100, 100), PSO.n.evaluations = c(2500, 2500, 
2500, 2500, 2500, 2500, 2500, 2500, 2500, 2500, 2500), PSO.cpu.time = c(17428.36, 
17553.222, 13056.411, 11644.925, 16281.467, 14879.653, 9928.58600000001, 
15984.534, 19797.717, 12067.492, 11119.576), RS.cost = c(6.33946, 
6.49247, 4.57222, 6.92941, 0.65811, 4.69849, 6.30389, 12.42264, 
1.83783, 11.84197, 0.01134), RS.gamma = c(-13.34301, -10.35688, 
-6.99943, -6.48246, -6.63027, -5.33697, -13.91994, -8.83284, 
-3.36594, -12.18424, -7.77289), RS.data.balancing = c(0, 0, 0, 
0, 0, 0, 0, 0, 0, 0, 0), RS.feature.selection = c(0, 0, 0, 0, 
0, 0, 0, 0, 0, 0, 0), RS.valid.acc = c(0.75793, 0.75371, 0.75674, 
0.76338, 0.76721, 0.77889, 0.77124, 0.78451, 0.77462, 0.78537, 
0.77741), RS.test.acc = c(0.75537, 0.73937, 0.73712, 0.7493, 
0.75407, 0.76664, 0.76471, 0.7723, 0.76609, 0.77159, 0.7722), 
    RS.train.time = c(0.0474, 0.0471, 0.0497, 0.0746, 0.0707, 
    0.0702, 0.0736, 0.2837, 0.0884, 0.0723, 0.1073), RS.n.support.vectors = c(215.5, 
    199, 209.3, 203.2, 265.8, 237.9, 322.4, 254.1, 300.8, 308.6, 
    395.4), RS.index = c(1078, 600, 148, 1670, 325, 539, 1471, 
    2164, 1114, 19, 327), RS.n.solutions = c(1, 9, 1, 1, 2, 1, 
    2, 1, 1, 7, 7), RS.generations = c(100, 100, 100, 100, 100, 
    100, 100, 100, 100, 100, 100), RS.n.evaluations = c(2500, 
    2500, 2500, 2500, 2500, 2500, 2500, 2500, 2500, 2500, 2500
    ), RS.cpu.time = c(18378.294, 18107.482, 11799.983, 14003.273, 
    15569.024, 11919.335, 13300.23, 17751.045, 15714.868, 14668.217, 
    13848.629), DF.cost = c(1, 1, 1, 1, 1, 1, 1, 1, 1, 1, 1), 
    DF.gamma = c(0.125, 0.125, 0.125, 0.125, 0.125, 0.125, 0.125, 
    0.125, 0.125, 0.125, 0.125), DF.data.balancing = c(0, 0, 
    0, 0, 0, 0, 0, 0, 0, 0, 0), DF.feature.selection = c(0, 0, 
    0, 0, 0, 0, 0, 0, 0, 0, 0), DF.valid.acc = c(0.71635, 0.71589, 
    0.7306, 0.72901, 0.73549, 0.75962, 0.75646, 0.75379, 0.76157, 
    0.75782, 0.75784), DF.test.acc = c(0.72682, 0.71544, 0.73499, 
    0.73333, 0.73541, 0.76143, 0.76622, 0.75537, 0.76021, 0.77167, 
    0.75914), DF.train.time = c(0.0499, 0.0517, 0.0512, 0.0523, 
    0.0652, 0.0415, 0.0797, 0.0856, 0.0892, 0.0991, 0.1086), 
    DF.n.support.vectors = c(203.3, 219.1, 234.8, 244, 261.1, 
    274, 287.7, 304, 321.7, 340.9, 354.8), DF.index = c(1, 1, 
    1, 1, 1, 1, 1, 1, 1, 1, 1), DF.n.solutions = c(1, 1, 1, 1, 
    1, 1, 1, 1, 1, 1, 1), DF.generations = c(1, 1, 1, 1, 1, 1, 
    1, 1, 1, 1, 1), DF.n.evaluations = c(1, 1, 1, 1, 1, 1, 1, 
    1, 1, 1, 1), DF.cpu.time = c(6.984, 6.9, 4.134, 4.279, 4.475, 
    3.166, 4.681, 6.532, 6.123, 4.189, 5.421), SMBO.cost = c(11.8311207615079, 
    11.8311207615079, 11.8311207615079, 11.8311207615079, 11.8311207615079, 
    11.8311207615079, 11.8311207615079, 11.8311207615079, 11.8311207615079, 
    11.8311207615079, 11.8311207615079), SMBO.gamma = c(-13.1437459238083, 
    -13.1437459238083, -13.1437459238083, -13.1437459238083, 
    -13.1437459238083, -13.1437459238083, -13.1437459238083, 
    -13.1437459238083, -13.1437459238083, -13.1437459238083, 
    -13.1437459238083), SMBO.balanced.test.accuracy = c(0.734637505761748, 
    0.734637505761748, 0.734637505761748, 0.734637505761748, 
    0.734637505761748, 0.734637505761748, 0.734637505761748, 
    0.734637505761748, 0.734637505761748, 0.734637505761748, 
    0.734637505761748)), .Names = c("Sampling", "PSO.cost", "PSO.gamma", 
"PSO.data.balancing", "PSO.feature.selection", "PSO.valid.acc", 
"PSO.test.acc", "PSO.train.time", "PSO.n.support.vectors", "PSO.index", 
"PSO.n.solutions", "PSO.generations", "PSO.n.evaluations", "PSO.cpu.time", 
"RS.cost", "RS.gamma", "RS.data.balancing", "RS.feature.selection", 
"RS.valid.acc", "RS.test.acc", "RS.train.time", "RS.n.support.vectors", 
"RS.index", "RS.n.solutions", "RS.generations", "RS.n.evaluations", 
"RS.cpu.time", "DF.cost", "DF.gamma", "DF.data.balancing", "DF.feature.selection", 
"DF.valid.acc", "DF.test.acc", "DF.train.time", "DF.n.support.vectors", 
"DF.index", "DF.n.solutions", "DF.generations", "DF.n.evaluations", 
"DF.cpu.time", "SMBO.cost", "SMBO.gamma", "SMBO.balanced.test.accuracy"
), row.names = c(NA, -11L), class = "data.frame")
