new.sol <-
structure(list(Sampling = c(50, 55, 60, 65, 70, 75, 80, 85, 90, 
95, 100), PSO.cost = c(0.22422, 15, 1.29233, 11.82404, 0.6761, 
-1.30232, 5.75078, 7.07258, -0.71615, -1.49769, -0.79575), PSO.gamma = c(-5.90831, 
-9.78547, -6.23665, -8.81793, -7.27849, -5.77253, -10.02464, 
-14.69108, -4.78266, -3.73966, -4.68596), PSO.data.balancing = c(0, 
0, 0, 0, 0, 0, 0, 0, 0, 0, 0), PSO.feature.selection = c(0, 0, 
0, 0, 0, 0, 0, 0, 0, 0, 0), PSO.valid.acc = c(0.77844, 0.77708, 
0.77174, 0.77947, 0.7743, 0.78049, 0.77624, 0.78319, 0.7908, 
0.789, 0.78643), PSO.test.acc = c(0.77588, 0.76052, 0.75217, 
0.76135, 0.76124, 0.77529, 0.7582, 0.77545, 0.78218, 0.7698, 
0.77866), PSO.train.time = c(0.0376, 0.3662, 0.0476, 0.1322, 
0.0717, 0.0757, 0.0783, 0.0939, 0.0966, 0.0953, 0.1095), PSO.n.support.vectors = c(197.2, 
167.3, 219.6, 199, 271.4, 299.7, 269.7, 336.6, 321.8, 351.6, 
358.3), PSO.index = c(432, 1797, 1113, 2457, 365, 1369, 314, 
289, 629, 2348, 312), PSO.n.solutions = c(323, 2, 179, 1, 355, 
30, 188, 31, 460, 1, 164), PSO.generations = c(100, 100, 100, 
100, 100, 100, 100, 100, 100, 100, 100), PSO.n.evaluations = c(2500, 
2500, 2500, 2500, 2500, 2500, 2500, 2500, 2500, 2500, 2500), 
    PSO.cpu.time = c(10833.331, 12976.872, 11248.205, 14211.78, 
    15380.956, 17244.494, 16181.585, 15787.777, 13166.49, 11591.518, 
    10536.623), RS.cost = c(-0.07709, 14.91807, 1.59083, 11.4704, 
    0.52985, -1.89008, 6.19588, 4.53849, -0.72701, -1.36226, 
    -1.43961), RS.gamma = c(-5.70776, -9.78842, -6.19143, -8.65232, 
    -6.97872, -4.57029, -10.43387, -12.14109, -4.75975, -3.86145, 
    -4.17358), RS.data.balancing = c(0, 0, 0, 0, 0, 0, 0, 0, 
    0, 0, 0), RS.feature.selection = c(0, 0, 0, 0, 0, 0, 0, 0, 
    0, 0, 0), RS.valid.acc = c(0.77575, 0.77708, 0.76957, 0.77947, 
    0.7743, 0.77883, 0.77299, 0.78165, 0.7908, 0.78765, 0.78643
    ), RS.test.acc = c(0.76805, 0.76052, 0.75217, 0.75931, 0.75938, 
    0.77187, 0.7582, 0.77545, 0.78218, 0.77256, 0.77344), RS.train.time = c(0.0406, 
    0.3333, 0.0454, 0.1183, 0.0618, 0.0807, 0.0774, 0.0968, 0.0966, 
    0.0983, 0.1062), RS.n.support.vectors = c(199.7, 167.9, 217.4, 
    199, 268.4, 298.9, 269.4, 336.3, 322, 347.1, 368.3), RS.index = c(1671, 
    359, 1, 289, 1705, 2414, 44, 671, 265, 2116, 1625), RS.n.solutions = c(1, 
    2, 8, 1, 1, 1, 1, 1, 1, 1, 1), RS.generations = c(100, 100, 
    100, 100, 100, 100, 100, 100, 100, 100, 100), RS.n.evaluations = c(2500, 
    2500, 2500, 2500, 2500, 2500, 2500, 2500, 2500, 2500, 2500
    ), RS.cpu.time = c(14226.377, 14855.716, 12288.264, 15242.169, 
    19278.045, 19161.593, 18916.212, 19107.33, 14662.688, 14198.6, 
    13896.764), DF.cost = c(1, 1, 1, 1, 1, 1, 1, 1, 1, 1, 1), 
    DF.gamma = c(0.125, 0.125, 0.125, 0.125, 0.125, 0.125, 0.125, 
    0.125, 0.125, 0.125, 0.125), DF.data.balancing = c(0, 0, 
    0, 0, 0, 0, 0, 0, 0, 0, 0), DF.feature.selection = c(0, 0, 
    0, 0, 0, 0, 0, 0, 0, 0, 0), DF.valid.acc = c(0.74443, 0.74379, 
    0.75, 0.75126, 0.74645, 0.75097, 0.74818, 0.76321, 0.76761, 
    0.76698, 0.76692), DF.test.acc = c(0.7393, 0.74617, 0.75217, 
    0.75947, 0.74823, 0.74392, 0.75624, 0.76316, 0.7588, 0.7506, 
    0.75653), DF.train.time = c(0.041, 0.0461, 0.0528, 0.06, 
    0.0649, 0.0788, 0.0839, 0.0944, 0.0815, 0.0986, 0.0995), 
    DF.n.support.vectors = c(195.8, 213.8, 228.6, 242.8, 261.4, 
    277.7, 290.8, 306, 321.7, 332.6, 354.3), DF.index = c(1, 
    1, 1, 1, 1, 1, 1, 1, 1, 1, 1), DF.n.solutions = c(1, 1, 1, 
    1, 1, 1, 1, 1, 1, 1, 1), DF.generations = c(1, 1, 1, 1, 1, 
    1, 1, 1, 1, 1, 1), DF.n.evaluations = c(1, 1, 1, 1, 1, 1, 
    1, 1, 1, 1, 1), DF.cpu.time = c(4.307, 4.28, 4.477, 6.206, 
    7.108, 6.285, 6.903, 7.112, 3.831, 4.308, 4.127), SMBO.cost = c(3.15554534851341, 
    3.15554534851341, 3.15554534851341, 3.15554534851341, 3.15554534851341, 
    3.15554534851341, 3.15554534851341, 3.15554534851341, 3.15554534851341, 
    3.15554534851341, 3.15554534851341), SMBO.gamma = c(-3.89269915049634, 
    -3.89269915049634, -3.89269915049634, -3.89269915049634, 
    -3.89269915049634, -3.89269915049634, -3.89269915049634, 
    -3.89269915049634, -3.89269915049634, -3.89269915049634, 
    -3.89269915049634), SMBO.balanced.test.accuracy = c(0.741422269601455, 
    0.741422269601455, 0.741422269601455, 0.741422269601455, 
    0.741422269601455, 0.741422269601455, 0.741422269601455, 
    0.741422269601455, 0.741422269601455, 0.741422269601455, 
    0.741422269601455)), .Names = c("Sampling", "PSO.cost", "PSO.gamma", 
"PSO.data.balancing", "PSO.feature.selection", "PSO.valid.acc", 
"PSO.test.acc", "PSO.train.time", "PSO.n.support.vectors", "PSO.index", 
"PSO.n.solutions", "PSO.generations", "PSO.n.evaluations", "PSO.cpu.time", 
"RS.cost", "RS.gamma", "RS.data.balancing", "RS.feature.selection", 
"RS.valid.acc", "RS.test.acc", "RS.train.time", "RS.n.support.vectors", 
"RS.index", "RS.n.solutions", "RS.generations", "RS.n.evaluations", 
"RS.cpu.time", "DF.cost", "DF.gamma", "DF.data.balancing", "DF.feature.selection", 
"DF.valid.acc", "DF.test.acc", "DF.train.time", "DF.n.support.vectors", 
"DF.index", "DF.n.solutions", "DF.generations", "DF.n.evaluations", 
"DF.cpu.time", "SMBO.cost", "SMBO.gamma", "SMBO.balanced.test.accuracy"
), row.names = c(NA, -11L), class = "data.frame")
