new.sol <-
structure(list(Sampling = c(50, 55, 60, 65, 70, 75, 80, 85, 90, 
95, 100), PSO.cost = c(-1.54689, 0.17003, -1.88859, 3.03356, 
-1.09497, 14.78929, 4.03101, 13.55039, -1.47604, 6.99352, 4.13347
), PSO.gamma = c(-3.08313, -5.81845, -5.383, -7.50675, -5.26856, 
-10.39214, -8.57038, -10.86823, -6.01461, -5.73262, -11.48285
), PSO.data.balancing = c(0, 0, 0, 0, 0, 0, 0, 0, 0, 0, 0), PSO.feature.selection = c(0, 
0, 0, 0, 0, 0, 0, 0, 0, 0, 0), PSO.valid.acc = c(0.76059, 0.76995, 
0.76302, 0.77549, 0.76312, 0.77011, 0.77597, 0.77381, 0.77766, 
0.77701, 0.78387), PSO.test.acc = c(0.73711, 0.75315, 0.74992, 
0.75724, 0.74247, 0.75599, 0.76288, 0.76453, 0.76453, 0.74803, 
0.77476), PSO.train.time = c(0.043, 0.0412, 0.0503, 0.0513, 0.0649, 
0.3372, 0.0757, 0.1887, 0.0904, 0.1219, 0.1155), PSO.n.support.vectors = c(212.4, 
212.6, 259.3, 234, 277.3, 237.7, 277.6, 275.1, 360.5, 293.3, 
382), PSO.index = c(1592, 505, 1204, 2002, 1449, 1128, 874, 1986, 
559, 1413, 201), PSO.n.solutions = c(34, 118, 85, 2, 7, 2, 11, 
1, 207, 12, 18), PSO.generations = c(100, 100, 100, 100, 100, 
100, 100, 100, 100, 100, 100), PSO.n.evaluations = c(2500, 2500, 
2500, 2500, 2500, 2500, 2500, 2500, 2500, 2500, 2500), PSO.cpu.time = c(13127.98, 
10567.421, 12517.114, 11123.552, 14793.259, 21252.466, 16435.054, 
17429.915, 13012.1, 12544.091, 14514.754), RS.cost = c(-1.56783, 
-0.00532, -1.6333, 3.24196, -0.60643, 14.9207, 6.43367, 12.85522, 
-1.836, 5.49273, -1.10145), RS.gamma = c(-3.10102, -5.70949, 
-5.7749, -7.57357, -5.22429, -10.51571, -13.17021, -10.52798, 
-5.86354, -6.02105, -6.46422), RS.data.balancing = c(0, 0, 0, 
0, 0, 0, 0, 0, 0, 0, 0), RS.feature.selection = c(0, 0, 0, 0, 
0, 0, 0, 0, 0, 0, 0), RS.valid.acc = c(0.75803, 0.76524, 0.75867, 
0.77345, 0.76309, 0.76839, 0.77594, 0.77073, 0.77619, 0.77425, 
0.78382), RS.test.acc = c(0.73974, 0.75559, 0.74992, 0.75724, 
0.74439, 0.75423, 0.76452, 0.76607, 0.76743, 0.7618, 0.77473), 
    RS.train.time = c(0.0442, 0.0467, 0.0494, 0.0535, 0.0639, 
    0.3892, 0.0809, 0.1588, 0.0908, 0.1134, 0.1158), RS.n.support.vectors = c(212.6, 
    213.8, 260, 232.6, 268.6, 238.3, 307.2, 275.3, 368, 298.7, 
    394.2), RS.index = c(623, 425, 759, 2294, 206, 1998, 945, 
    2263, 996, 276, 1526), RS.n.solutions = c(1, 1, 1, 1, 1, 
    1, 2, 1, 1, 1, 1), RS.generations = c(100, 100, 100, 100, 
    100, 100, 100, 100, 100, 100, 100), RS.n.evaluations = c(2500, 
    2500, 2500, 2500, 2500, 2500, 2500, 2500, 2500, 2500, 2500
    ), RS.cpu.time = c(12670.944, 11507.294, 11999.902, 16933.131, 
    18879.617, 18303.403, 17613.556, 13716.021, 13317.156, 16535.422, 
    17607.496), DF.cost = c(1, 1, 1, 1, 1, 1, 1, 1, 1, 1, 1), 
    DF.gamma = c(0.125, 0.125, 0.125, 0.125, 0.125, 0.125, 0.125, 
    0.125, 0.125, 0.125, 0.125), DF.data.balancing = c(0, 0, 
    0, 0, 0, 0, 0, 0, 0, 0, 0), DF.feature.selection = c(0, 0, 
    0, 0, 0, 0, 0, 0, 0, 0, 0), DF.valid.acc = c(0.72173, 0.72685, 
    0.72625, 0.72695, 0.71442, 0.74924, 0.74654, 0.73831, 0.74132, 
    0.75079, 0.75904), DF.test.acc = c(0.73448, 0.7269, 0.7349, 
    0.73296, 0.73119, 0.74558, 0.74656, 0.74754, 0.76306, 0.76317, 
    0.7682), DF.train.time = c(0.0402, 0.0458, 0.0476, 0.0548, 
    0.0664, 0.0745, 0.0786, 0.0802, 0.0906, 0.1069, 0.1128), 
    DF.n.support.vectors = c(197.3, 210.7, 230.6, 245.7, 265.3, 
    281, 297.5, 311.1, 322.6, 342.3, 356.6), DF.index = c(1, 
    1, 1, 1, 1, 1, 1, 1, 1, 1, 1), DF.n.solutions = c(1, 1, 1, 
    1, 1, 1, 1, 1, 1, 1, 1), DF.generations = c(1, 1, 1, 1, 1, 
    1, 1, 1, 1, 1, 1), DF.n.evaluations = c(1, 1, 1, 1, 1, 1, 
    1, 1, 1, 1, 1), DF.cpu.time = c(4.235, 4.374, 4.507, 4.156, 
    6.954, 6.699, 6.111, 4.234, 4.391, 5.486, 5.496), SMBO.cost = c(8.33281781332568, 
    8.33281781332568, 8.33281781332568, 8.33281781332568, 8.33281781332568, 
    8.33281781332568, 8.33281781332568, 8.33281781332568, 8.33281781332568, 
    8.33281781332568, 8.33281781332568), SMBO.gamma = c(-11.3988322926581, 
    -11.3988322926581, -11.3988322926581, -11.3988322926581, 
    -11.3988322926581, -11.3988322926581, -11.3988322926581, 
    -11.3988322926581, -11.3988322926581, -11.3988322926581, 
    -11.3988322926581), SMBO.balanced.test.accuracy = c(0.742273555105537, 
    0.742273555105537, 0.742273555105537, 0.742273555105537, 
    0.742273555105537, 0.742273555105537, 0.742273555105537, 
    0.742273555105537, 0.742273555105537, 0.742273555105537, 
    0.742273555105537)), .Names = c("Sampling", "PSO.cost", "PSO.gamma", 
"PSO.data.balancing", "PSO.feature.selection", "PSO.valid.acc", 
"PSO.test.acc", "PSO.train.time", "PSO.n.support.vectors", "PSO.index", 
"PSO.n.solutions", "PSO.generations", "PSO.n.evaluations", "PSO.cpu.time", 
"RS.cost", "RS.gamma", "RS.data.balancing", "RS.feature.selection", 
"RS.valid.acc", "RS.test.acc", "RS.train.time", "RS.n.support.vectors", 
"RS.index", "RS.n.solutions", "RS.generations", "RS.n.evaluations", 
"RS.cpu.time", "DF.cost", "DF.gamma", "DF.data.balancing", "DF.feature.selection", 
"DF.valid.acc", "DF.test.acc", "DF.train.time", "DF.n.support.vectors", 
"DF.index", "DF.n.solutions", "DF.generations", "DF.n.evaluations", 
"DF.cpu.time", "SMBO.cost", "SMBO.gamma", "SMBO.balanced.test.accuracy"
), row.names = c(NA, -11L), class = "data.frame")
