new.sol <-
structure(list(Sampling = c(50, 55, 60, 65, 70, 75, 80, 85, 90, 
95, 100), PSO.cost = c(9.49005, 5.19752, 11.36909, 0.28401, 13.56951, 
3.37603, -0.81852, 5.45272, 2.30678, -1.08662, 0.01297), PSO.gamma = c(-13.23139, 
-11.66018, -13.96842, -6.74288, -15, -9.27274, -4.46545, -10.91883, 
-5.76568, -4.97789, -6.96811), PSO.data.balancing = c(0, 0, 0, 
0, 0, 0, 0, 0, 0, 0, 0), PSO.feature.selection = c(0, 0, 0, 0, 
0, 0, 0, 0, 0, 0, 0), PSO.valid.acc = c(0.78364, 0.77745, 0.76537, 
0.78529, 0.78331, 0.78047, 0.78097, 0.77692, 0.77636, 0.77966, 
0.78119), PSO.test.acc = c(0.77837, 0.77019, 0.75658, 0.77512, 
0.76476, 0.7806, 0.7728, 0.76769, 0.76477, 0.76998, 0.77076), 
    PSO.train.time = c(0.0367, 0.0531, 0.0492, 0.0652, 0.064, 
    0.07, 0.087, 0.0549, 0.088, 0.108, 0.1122), PSO.n.support.vectors = c(162.3, 
    215.9, 200.1, 251, 228.7, 268.1, 292.5, 297.8, 298.4, 355, 
    374.6), PSO.index = c(1090, 778, 106, 1109, 96, 1857, 1061, 
    1195, 2136, 1155, 314), PSO.n.solutions = c(28, 50, 114, 
    14, 939, 20, 83, 18, 11, 64, 239), PSO.generations = c(100, 
    100, 100, 100, 100, 100, 100, 100, 100, 100, 100), PSO.n.evaluations = c(2500, 
    2500, 2500, 2500, 2500, 2500, 2500, 2500, 2500, 2500, 2500
    ), PSO.cpu.time = c(10864.695, 17925.06, 10729.476, 17855.011, 
    17080.266, 16340.685, 16037.331, 16323.433, 14125.694, 15108.927, 
    10543.407), RS.cost = c(10.51638, 0.57271, 7.63538, -1.33524, 
    12.5166, 1.69036, -0.19545, 5.50295, 2.50816, -0.7078, -0.35198
    ), RS.gamma = c(-14.14732, -5.44861, -10.92529, -5.14246, 
    -14.57796, -7.92622, -4.77093, -10.97331, -5.90107, -5.05994, 
    -6.90423), RS.data.balancing = c(0, 0, 0, 0, 0, 0, 0, 0, 
    0, 0, 0), RS.feature.selection = c(0, 0, 0, 0, 0, 0, 0, 0, 
    0, 0, 0), RS.valid.acc = c(0.78357, 0.78199, 0.76537, 0.78328, 
    0.78331, 0.77875, 0.77775, 0.77692, 0.77638, 0.77688, 0.78117
    ), RS.test.acc = c(0.77837, 0.76549, 0.7587, 0.77308, 0.76476, 
    0.77013, 0.77434, 0.76769, 0.7633, 0.76859, 0.76946), RS.train.time = c(0.0437, 
    0.0496, 0.0566, 0.0669, 0.0675, 0.0689, 0.0823, 0.083, 0.0866, 
    0.1022, 0.1185), RS.n.support.vectors = c(161.8, 200.3, 202.2, 
    259.9, 229.4, 274, 283.7, 297.8, 298.1, 346.7, 383.3), RS.index = c(1904, 
    1889, 1660, 493, 83, 416, 1880, 727, 1123, 587, 2483), RS.n.solutions = c(1, 
    1, 1, 1, 3, 2, 1, 1, 1, 2, 1), RS.generations = c(100, 100, 
    100, 100, 100, 100, 100, 100, 100, 100, 100), RS.n.evaluations = c(2500, 
    2500, 2500, 2500, 2500, 2500, 2500, 2500, 2500, 2500, 2500
    ), RS.cpu.time = c(13911.871, 17225.869, 17795.567, 18713.991, 
    18530.228, 18460.179, 18268.893, 18707.339, 14226.446, 15488.515, 
    15159.298), DF.cost = c(1, 1, 1, 1, 1, 1, 1, 1, 1, 1, 1), 
    DF.gamma = c(0.125, 0.125, 0.125, 0.125, 0.125, 0.125, 0.125, 
    0.125, 0.125, 0.125, 0.125), DF.data.balancing = c(0, 0, 
    0, 0, 0, 0, 0, 0, 0, 0, 0), DF.feature.selection = c(0, 0, 
    0, 0, 0, 0, 0, 0, 0, 0, 0), DF.valid.acc = c(0.75988, 0.74178, 
    0.74773, 0.75092, 0.74421, 0.74735, 0.75969, 0.75846, 0.76046, 
    0.75898, 0.75514), DF.test.acc = c(0.74956, 0.74405, 0.74565, 
    0.74883, 0.7367, 0.76145, 0.7548, 0.75538, 0.75454, 0.76313, 
    0.75513), DF.train.time = c(0.0499, 0.0414, 0.0516, 0.0614, 
    0.0625, 0.0783, 0.0819, 0.0948, 0.0993, 0.107, 0.1152), DF.n.support.vectors = c(189.8, 
    211.3, 229.4, 245.7, 261.4, 275.3, 291.5, 306.5, 326, 344, 
    353.9), DF.index = c(1, 1, 1, 1, 1, 1, 1, 1, 1, 1, 1), DF.n.solutions = c(1, 
    1, 1, 1, 1, 1, 1, 1, 1, 1, 1), DF.generations = c(1, 1, 1, 
    1, 1, 1, 1, 1, 1, 1, 1), DF.n.evaluations = c(1, 1, 1, 1, 
    1, 1, 1, 1, 1, 1, 1), DF.cpu.time = c(7.137, 4.195, 6.629, 
    6.591, 6.159, 6.313, 6.576, 6.491, 6.029, 5.191, 5.298), 
    SMBO.cost = c(1.23809662714106, 1.23809662714106, 1.23809662714106, 
    1.23809662714106, 1.23809662714106, 1.23809662714106, 1.23809662714106, 
    1.23809662714106, 1.23809662714106, 1.23809662714106, 1.23809662714106
    ), SMBO.gamma = c(-5.85108004609058, -5.85108004609058, -5.85108004609058, 
    -5.85108004609058, -5.85108004609058, -5.85108004609058, 
    -5.85108004609058, -5.85108004609058, -5.85108004609058, 
    -5.85108004609058, -5.85108004609058), SMBO.balanced.test.accuracy = c(0.735945157037823, 
    0.735945157037823, 0.735945157037823, 0.735945157037823, 
    0.735945157037823, 0.735945157037823, 0.735945157037823, 
    0.735945157037823, 0.735945157037823, 0.735945157037823, 
    0.735945157037823)), .Names = c("Sampling", "PSO.cost", "PSO.gamma", 
"PSO.data.balancing", "PSO.feature.selection", "PSO.valid.acc", 
"PSO.test.acc", "PSO.train.time", "PSO.n.support.vectors", "PSO.index", 
"PSO.n.solutions", "PSO.generations", "PSO.n.evaluations", "PSO.cpu.time", 
"RS.cost", "RS.gamma", "RS.data.balancing", "RS.feature.selection", 
"RS.valid.acc", "RS.test.acc", "RS.train.time", "RS.n.support.vectors", 
"RS.index", "RS.n.solutions", "RS.generations", "RS.n.evaluations", 
"RS.cpu.time", "DF.cost", "DF.gamma", "DF.data.balancing", "DF.feature.selection", 
"DF.valid.acc", "DF.test.acc", "DF.train.time", "DF.n.support.vectors", 
"DF.index", "DF.n.solutions", "DF.generations", "DF.n.evaluations", 
"DF.cpu.time", "SMBO.cost", "SMBO.gamma", "SMBO.balanced.test.accuracy"
), row.names = c(NA, -11L), class = "data.frame")
