new.sol <-
structure(list(Sampling = c(50, 55, 60, 65, 70, 75, 80, 85, 90, 
95, 100), PSO.cost = c(1.73887, 4.84418, 8.31082, -0.11328, 6.95333, 
0.76809, 2.39911, 5.38782, 3.59254, 5.69364, -2), PSO.gamma = c(-9.31541, 
-11.34332, -14.62109, -6.50146, -10.1986, -8.83297, -10.34015, 
-12.51623, -11.60206, -13.10676, -4.01101), PSO.data.balancing = c(0, 
0, 0, 0, 0, 0, 0, 0, 0, 0, 0), PSO.feature.selection = c(0, 0, 
0, 0, 0, 0, 0, 0, 0, 0, 0), PSO.valid.acc = c(0.78927, 0.79607, 
0.79141, 0.79288, 0.78553, 0.78215, 0.76791, 0.7692, 0.77918, 
0.77695, 0.78264), PSO.test.acc = c(0.79184, 0.78178, 0.77827, 
0.78284, 0.77617, 0.77523, 0.77281, 0.77069, 0.76752, 0.77138, 
0.7709), PSO.train.time = c(0.0441, 0.0463, 0.0496, 0.0536, 0.0574, 
0.071, 0.0824, 0.0874, 0.0979, 0.1051, 0.1105), PSO.n.support.vectors = c(205.8, 
204.7, 216.6, 245.1, 224.5, 312.6, 328.3, 328.6, 367.9, 366.9, 
384.3), PSO.index = c(188, 201, 92, 1913, 1948, 526, 1159, 65, 
634, 378, 607), PSO.n.solutions = c(37, 91, 152, 3, 3, 33, 19, 
108, 51, 114, 111), PSO.generations = c(100, 100, 100, 100, 100, 
100, 100, 100, 100, 100, 100), PSO.n.evaluations = c(2500, 2500, 
2500, 2500, 2500, 2500, 2500, 2500, 2500, 2500, 2500), PSO.cpu.time = c(15908, 
17462.595, 15180.185, 15961.246, 11489.321, 16346.486, 16050.082, 
11969.493, 11031.397, 11166.559, 11363.851), RS.cost = c(1.5305, 
5.99893, 6.65672, -0.01827, 6.53998, -0.03302, 4.68459, 6.98363, 
-0.57397, 4.79392, -1.98043), RS.gamma = c(-9.11268, -12.52405, 
-13.60512, -6.5685, -10.05614, -7.99469, -12.64522, -14.02148, 
-5.75774, -12.17109, -4.03342), RS.data.balancing = c(0, 0, 0, 
0, 0, 0, 0, 0, 0, 0, 0), RS.feature.selection = c(0, 0, 0, 0, 
0, 0, 0, 0, 0, 0, 0), RS.valid.acc = c(0.78927, 0.79607, 0.79141, 
0.79084, 0.78368, 0.78215, 0.76628, 0.7692, 0.77911, 0.77695, 
0.78132), RS.test.acc = c(0.79184, 0.7794, 0.78267, 0.78476, 
0.77432, 0.77698, 0.77117, 0.76913, 0.77044, 0.77139, 0.7709), 
    RS.train.time = c(0.0494, 0.0496, 0.035, 0.0562, 0.0593, 
    0.0813, 0.0792, 0.0851, 0.0951, 0.0936, 0.1133), RS.n.support.vectors = c(206.3, 
    205.2, 229.4, 243.5, 225.3, 312.3, 328.4, 326, 334.9, 366.2, 
    383.5), RS.index = c(164, 1263, 55, 1071, 1349, 409, 488, 
    264, 648, 63, 616), RS.n.solutions = c(2, 6, 20, 2, 2, 1, 
    9, 5, 1, 3, 1), RS.generations = c(100, 100, 100, 100, 100, 
    100, 100, 100, 100, 100, 100), RS.n.evaluations = c(2500, 
    2500, 2500, 2500, 2500, 2500, 2500, 2500, 2500, 2500, 2500
    ), RS.cpu.time = c(18306.58, 16293.567, 14938.771, 17663.96, 
    17558.455, 17591.775, 17990.31, 13532.572, 14729.15, 14398.196, 
    14129.426), DF.cost = c(1, 1, 1, 1, 1, 1, 1, 1, 1, 1, 1), 
    DF.gamma = c(0.125, 0.125, 0.125, 0.125, 0.125, 0.125, 0.125, 
    0.125, 0.125, 0.125, 0.125), DF.data.balancing = c(0, 0, 
    0, 0, 0, 0, 0, 0, 0, 0, 0), DF.feature.selection = c(0, 0, 
    0, 0, 0, 0, 0, 0, 0, 0, 0), DF.valid.acc = c(0.76296, 0.76058, 
    0.75875, 0.75872, 0.75388, 0.75079, 0.74348, 0.75225, 0.75296, 
    0.76434, 0.76311), DF.test.acc = c(0.76309, 0.76279, 0.76527, 
    0.76264, 0.75957, 0.76467, 0.73201, 0.75838, 0.75731, 0.76301, 
    0.76044), DF.train.time = c(0.0457, 0.0498, 0.0519, 0.0594, 
    0.0674, 0.0672, 0.0828, 0.0862, 0.0937, 0.0994, 0.1067), 
    DF.n.support.vectors = c(182.7, 201.4, 218.5, 236.9, 258.4, 
    272.7, 293.9, 311.5, 326, 340.2, 356.5), DF.index = c(1, 
    1, 1, 1, 1, 1, 1, 1, 1, 1, 1), DF.n.solutions = c(1, 1, 1, 
    1, 1, 1, 1, 1, 1, 1, 1), DF.generations = c(1, 1, 1, 1, 1, 
    1, 1, 1, 1, 1, 1), DF.n.evaluations = c(1, 1, 1, 1, 1, 1, 
    1, 1, 1, 1, 1), DF.cpu.time = c(7.251, 6.705, 6.931, 6.546, 
    6.645, 6.087, 6.262, 4.109, 4.635, 4.267, 4.002), SMBO.cost = c(6.45785515611875, 
    6.45785515611875, 6.45785515611875, 6.45785515611875, 6.45785515611875, 
    6.45785515611875, 6.45785515611875, 6.45785515611875, 6.45785515611875, 
    6.45785515611875, 6.45785515611875), SMBO.gamma = c(-9.39459839635827, 
    -9.39459839635827, -9.39459839635827, -9.39459839635827, 
    -9.39459839635827, -9.39459839635827, -9.39459839635827, 
    -9.39459839635827, -9.39459839635827, -9.39459839635827, 
    -9.39459839635827), SMBO.balanced.test.accuracy = c(0.735874854164786, 
    0.735874854164786, 0.735874854164786, 0.735874854164786, 
    0.735874854164786, 0.735874854164786, 0.735874854164786, 
    0.735874854164786, 0.735874854164786, 0.735874854164786, 
    0.735874854164786)), .Names = c("Sampling", "PSO.cost", "PSO.gamma", 
"PSO.data.balancing", "PSO.feature.selection", "PSO.valid.acc", 
"PSO.test.acc", "PSO.train.time", "PSO.n.support.vectors", "PSO.index", 
"PSO.n.solutions", "PSO.generations", "PSO.n.evaluations", "PSO.cpu.time", 
"RS.cost", "RS.gamma", "RS.data.balancing", "RS.feature.selection", 
"RS.valid.acc", "RS.test.acc", "RS.train.time", "RS.n.support.vectors", 
"RS.index", "RS.n.solutions", "RS.generations", "RS.n.evaluations", 
"RS.cpu.time", "DF.cost", "DF.gamma", "DF.data.balancing", "DF.feature.selection", 
"DF.valid.acc", "DF.test.acc", "DF.train.time", "DF.n.support.vectors", 
"DF.index", "DF.n.solutions", "DF.generations", "DF.n.evaluations", 
"DF.cpu.time", "SMBO.cost", "SMBO.gamma", "SMBO.balanced.test.accuracy"
), row.names = c(NA, -11L), class = "data.frame")
