new.sol <-
structure(list(Sampling = c(50, 55, 60, 65, 70, 75, 80, 85, 90, 
95, 100), PSO.cost = c(6.20537, 0.68304, 7.57182, 13.31933, 12.78255, 
-1.65265, -1.10217, 7.91268, 15, -1.49897, -0.98465), PSO.gamma = c(-12.55178, 
-6.65082, -15, -12.6248, -12.07041, -4.34948, -5.12752, -11.39037, 
-12.84264, -6.82496, -2.38661), PSO.data.balancing = c(0, 0, 
0, 0, 0, 0, 0, 0, 0, 0, 0), PSO.feature.selection = c(0, 0, 0, 
0, 0, 0, 0, 0, 0, 0, 0), PSO.valid.acc = c(0.7917, 0.79882, 0.78701, 
0.79525, 0.77291, 0.79111, 0.77962, 0.78, 0.77614, 0.77838, 0.77992
), PSO.test.acc = c(0.78617, 0.79185, 0.77623, 0.77713, 0.76341, 
0.77889, 0.77309, 0.76462, 0.76442, 0.75772, 0.7695), PSO.train.time = c(0.0462, 
0.0407, 0.0474, 0.0714, 0.0786, 0.0741, 0.0926, 0.0743, 0.1412, 
0.114, 0.107), PSO.n.support.vectors = c(186.6, 198.5, 241.3, 
199.7, 222.5, 291.1, 303.1, 279.4, 284.1, 398.8, 387.6), PSO.index = c(59, 
2238, 383, 521, 385, 2180, 544, 145, 2119, 812, 1979), PSO.n.solutions = c(569, 
6, 68, 13, 21, 2, 243, 244, 3, 100, 3), PSO.generations = c(100, 
100, 100, 100, 100, 100, 100, 100, 100, 100, 100), PSO.n.evaluations = c(2500, 
2500, 2500, 2500, 2500, 2500, 2500, 2500, 2500, 2500, 2500), 
    PSO.cpu.time = c(13927.101, 9888.705, 11704.819, 17561.908, 
    15982.797, 16651.104, 15631.108, 10892.846, 12904.32, 14081.427, 
    14387.837), RS.cost = c(3.62889, 1.33356, -1.54639, 10.68299, 
    13.52848, -1.8325, -0.7333, 8.05221, 13.72538, -0.65167, 
    1.98726), RS.gamma = c(-10.05516, -7.29303, -4.90504, -11.39086, 
    -12.54591, -4.40042, -5.0809, -11.79261, -12.2676, -7.7022, 
    -10.08673), RS.data.balancing = c(0, 0, 0, 0, 0, 0, 0, 0, 
    0, 0, 0), RS.feature.selection = c(0, 0, 0, 0, 0, 0, 0, 0, 
    0, 0, 0), RS.valid.acc = c(0.7917, 0.79411, 0.78923, 0.79325, 
    0.77288, 0.78941, 0.77476, 0.78, 0.7747, 0.77701, 0.77864
    ), RS.test.acc = c(0.78617, 0.79899, 0.78919, 0.77913, 0.76341, 
    0.77713, 0.77153, 0.76462, 0.76587, 0.75631, 0.77604), RS.train.time = c(0.0399, 
    0.0407, 0.0528, 0.0632, 0.088, 0.0499, 0.0691, 0.0776, 0.1216, 
    0.1134, 0.1042), RS.n.support.vectors = c(188, 197.8, 237.8, 
    200.7, 221.9, 295.5, 295.5, 280.8, 284.1, 397.7, 403), RS.index = c(77, 
    873, 306, 148, 461, 1148, 658, 32, 209, 2191, 544), RS.n.solutions = c(18, 
    2, 1, 24, 2, 1, 1, 5, 3, 1, 1), RS.generations = c(100, 100, 
    100, 100, 100, 100, 100, 100, 100, 100, 100), RS.n.evaluations = c(2500, 
    2500, 2500, 2500, 2500, 2500, 2500, 2500, 2500, 2500, 2500
    ), RS.cpu.time = c(14004.984, 11660.76, 14771.583, 18865.622, 
    15337.113, 17393.525, 13786.316, 16337.68, 17793.601, 18309.076, 
    16042.993), DF.cost = c(1, 1, 1, 1, 1, 1, 1, 1, 1, 1, 1), 
    DF.gamma = c(0.125, 0.125, 0.125, 0.125, 0.125, 0.125, 0.125, 
    0.125, 0.125, 0.125, 0.125), DF.data.balancing = c(0, 0, 
    0, 0, 0, 0, 0, 0, 0, 0, 0), DF.feature.selection = c(0, 0, 
    0, 0, 0, 0, 0, 0, 0, 0, 0), DF.valid.acc = c(0.73954, 0.76566, 
    0.76777, 0.77913, 0.72962, 0.77362, 0.75371, 0.75692, 0.76301, 
    0.76999, 0.77211), DF.test.acc = c(0.75236, 0.76356, 0.78063, 
    0.77321, 0.74838, 0.76845, 0.74858, 0.76615, 0.75581, 0.76719, 
    0.77469), DF.train.time = c(0.0464, 0.0427, 0.0602, 0.0579, 
    0.062, 0.0769, 0.0747, 0.0577, 0.0925, 0.0989, 0.1102), DF.n.support.vectors = c(186, 
    200.1, 217.6, 234.4, 254.6, 272.9, 292.7, 307.8, 321.3, 336, 
    354.8), DF.index = c(1, 1, 1, 1, 1, 1, 1, 1, 1, 1, 1), DF.n.solutions = c(1, 
    1, 1, 1, 1, 1, 1, 1, 1, 1, 1), DF.generations = c(1, 1, 1, 
    1, 1, 1, 1, 1, 1, 1, 1), DF.n.evaluations = c(1, 1, 1, 1, 
    1, 1, 1, 1, 1, 1, 1), DF.cpu.time = c(7.35, 4.247, 7.347, 
    6.722, 6.526, 6.816, 4.185, 4.941, 6.414, 5.972, 5.408), 
    SMBO.cost = c(-1.63283563677629, -1.63283563677629, -1.63283563677629, 
    -1.63283563677629, -1.63283563677629, -1.63283563677629, 
    -1.63283563677629, -1.63283563677629, -1.63283563677629, 
    -1.63283563677629, -1.63283563677629), SMBO.gamma = c(-3.30721349986154, 
    -3.30721349986154, -3.30721349986154, -3.30721349986154, 
    -3.30721349986154, -3.30721349986154, -3.30721349986154, 
    -3.30721349986154, -3.30721349986154, -3.30721349986154, 
    -3.30721349986154), SMBO.balanced.test.accuracy = c(0.748651049749677, 
    0.748651049749677, 0.748651049749677, 0.748651049749677, 
    0.748651049749677, 0.748651049749677, 0.748651049749677, 
    0.748651049749677, 0.748651049749677, 0.748651049749677, 
    0.748651049749677)), .Names = c("Sampling", "PSO.cost", "PSO.gamma", 
"PSO.data.balancing", "PSO.feature.selection", "PSO.valid.acc", 
"PSO.test.acc", "PSO.train.time", "PSO.n.support.vectors", "PSO.index", 
"PSO.n.solutions", "PSO.generations", "PSO.n.evaluations", "PSO.cpu.time", 
"RS.cost", "RS.gamma", "RS.data.balancing", "RS.feature.selection", 
"RS.valid.acc", "RS.test.acc", "RS.train.time", "RS.n.support.vectors", 
"RS.index", "RS.n.solutions", "RS.generations", "RS.n.evaluations", 
"RS.cpu.time", "DF.cost", "DF.gamma", "DF.data.balancing", "DF.feature.selection", 
"DF.valid.acc", "DF.test.acc", "DF.train.time", "DF.n.support.vectors", 
"DF.index", "DF.n.solutions", "DF.generations", "DF.n.evaluations", 
"DF.cpu.time", "SMBO.cost", "SMBO.gamma", "SMBO.balanced.test.accuracy"
), row.names = c(NA, -11L), class = "data.frame")
