new.sol <-
structure(list(Sampling = c(50, 55, 60, 65, 70, 75, 80, 85, 90, 
95, 100), PSO.cost = c(10.8171, 7.69084, 6.28289, -0.49187, 1.18586, 
-0.24145, -0.2468, -0.54395, 0.96495, 6.65676, 9.75697), PSO.gamma = c(-0.61746, 
-8.02419, -5.29848, -0.45241, 0.52957, -0.77185, -4.44042, -0.92769, 
-5.86795, -9.8607, -13.53356), PSO.data.balancing = c(0, 0, 0, 
0, 0, 0, 0, 0, 0, 0, 0), PSO.feature.selection = c(0, 0, 0, 0, 
0, 0, 0, 0, 0, 0, 0), PSO.valid.acc = c(0.90333, 0.88476, 0.89048, 
0.87024, 0.86429, 0.8996, 0.88948, 0.90972, 0.88111, 0.88758, 
0.90606), PSO.test.acc = c(0.90333, 0.8681, 0.87619, 0.87024, 
0.8625, 0.8996, 0.85298, 0.89861, 0.88111, 0.87758, 0.88606), 
    PSO.train.time = c(0.0096, 0.0101, 0.0103, 0.0098, 0.0097, 
    0.0095, 0.0106, 0.0109, 0.0091, 0.0109, 0.0103), PSO.n.support.vectors = c(30.9, 
    20.1, 20.8, 43.5, 52.3, 45.5, 28.4, 47.8, 29.5, 28.5, 29.7
    ), PSO.index = c(111, 515, 164, 13, 77, 638, 169, 110, 89, 
    40, 377), PSO.n.solutions = c(896, 31, 80, 1083, 476, 290, 
    205, 772, 282, 456, 29), PSO.generations = c(100, 100, 100, 
    100, 100, 100, 100, 100, 100, 100, 100), PSO.n.evaluations = c(2500, 
    2500, 2500, 2500, 2500, 2500, 2500, 2500, 2500, 2500, 2500
    ), PSO.cpu.time = c(6781.044, 6776.204, 6748.589, 6141.801, 
    6074.141, 6250.224, 6486.15700000001, 6371.90300000001, 6165.44899999999, 
    6303.815, 6379.94), RS.cost = c(1.21334, 8.68205, 8.26298, 
    -0.10024, 0.73348, -0.16872, -0.57796, -0.38654, 4.59806, 
    11.56525, 10.30977), RS.gamma = c(-0.63802, -8.52642, -6.29746, 
    0.27328, 0.66217, -0.85227, -4.14124, -1.03245, -9.18429, 
    -14.55009, -14.08825), RS.data.balancing = c(0, 0, 0, 0, 
    0, 0, 0, 0, 0, 0, 0), RS.feature.selection = c(0, 0, 0, 0, 
    0, 0, 0, 0, 0, 0, 0), RS.valid.acc = c(0.90333, 0.88476, 
    0.89048, 0.87024, 0.86429, 0.8996, 0.88948, 0.90972, 0.88111, 
    0.88758, 0.90606), RS.test.acc = c(0.90333, 0.8681, 0.89286, 
    0.87024, 0.85, 0.8996, 0.85298, 0.89861, 0.88111, 0.87758, 
    0.88606), RS.train.time = c(0.0107, 0.0097, 0.0099, 0.0094, 
    0.0099, 0.0097, 0.0103, 0.0105, 0.009, 0.0109, 0.0097), RS.n.support.vectors = c(30.8, 
    20.2, 20.1, 48.9, 53.2, 44.8, 29.7, 46, 28.2, 28.4, 29.7), 
    RS.index = c(10, 786, 2374, 213, 307, 1927, 1009, 669, 88, 
    22, 874), RS.n.solutions = c(13, 3, 1, 11, 4, 1, 5, 3, 27, 
    67, 1), RS.generations = c(100, 100, 100, 100, 100, 100, 
    100, 100, 100, 100, 100), RS.n.evaluations = c(2500, 2500, 
    2500, 2500, 2500, 2500, 2500, 2500, 2500, 2500, 2500), RS.cpu.time = c(6777.105, 
    6737.58, 6467.95600000001, 6121.391, 6112.461, 6509.255, 
    6501.227, 6194.088, 6132.484, 6422.183, 6380.36500000002), 
    DF.cost = c(1, 1, 1, 1, 1, 1, 1, 1, 1, 1, 1), DF.gamma = c(0.14286, 
    0.14286, 0.14286, 0.14286, 0.14286, 0.14286, 0.14286, 0.14286, 
    0.14286, 0.14286, 0.14286), DF.data.balancing = c(0, 0, 0, 
    0, 0, 0, 0, 0, 0, 0, 0), DF.feature.selection = c(0, 0, 0, 
    0, 0, 0, 0, 0, 0, 0, 0), DF.valid.acc = c(0.82667, 0.81143, 
    0.79762, 0.82738, 0.8375, 0.8871, 0.87837, 0.87639, 0.85889, 
    0.85848, 0.87697), DF.test.acc = c(0.82667, 0.81143, 0.82857, 
    0.82738, 0.80893, 0.8871, 0.85298, 0.8875, 0.85889, 0.84737, 
    0.86697), DF.train.time = c(0.0103, 0.0096, 0.0096, 0.0096, 
    0.0091, 0.0104, 0.0106, 0.011, 0.0096, 0.0103, 0.0105), DF.n.support.vectors = c(20.2, 
    26.4, 27.3, 30.5, 30.3, 30.7, 32.5, 33, 34.7, 37.1, 38.3), 
    DF.index = c(1, 1, 1, 1, 1, 1, 1, 1, 1, 1, 1), DF.n.solutions = c(1, 
    1, 1, 1, 1, 1, 1, 1, 1, 1, 1), DF.generations = c(1, 1, 1, 
    1, 1, 1, 1, 1, 1, 1, 1), DF.n.evaluations = c(1, 1, 1, 1, 
    1, 1, 1, 1, 1, 1, 1), DF.cpu.time = c(2.749, 2.693, 2.545, 
    2.389, 2.346, 2.572, 2.586, 2.584, 2.37, 2.58, 2.583), SMBO.cost = c(2.42889991664153, 
    2.42889991664153, 2.42889991664153, 2.42889991664153, 2.42889991664153, 
    2.42889991664153, 2.42889991664153, 2.42889991664153, 2.42889991664153, 
    2.42889991664153, 2.42889991664153), SMBO.gamma = c(-6.97548403137682, 
    -6.97548403137682, -6.97548403137682, -6.97548403137682, 
    -6.97548403137682, -6.97548403137682, -6.97548403137682, 
    -6.97548403137682, -6.97548403137682, -6.97548403137682, 
    -6.97548403137682), SMBO.balanced.test.accuracy = c(0.809562739997523, 
    0.809562739997523, 0.809562739997523, 0.809562739997523, 
    0.809562739997523, 0.809562739997523, 0.809562739997523, 
    0.809562739997523, 0.809562739997523, 0.809562739997523, 
    0.809562739997523)), .Names = c("Sampling", "PSO.cost", "PSO.gamma", 
"PSO.data.balancing", "PSO.feature.selection", "PSO.valid.acc", 
"PSO.test.acc", "PSO.train.time", "PSO.n.support.vectors", "PSO.index", 
"PSO.n.solutions", "PSO.generations", "PSO.n.evaluations", "PSO.cpu.time", 
"RS.cost", "RS.gamma", "RS.data.balancing", "RS.feature.selection", 
"RS.valid.acc", "RS.test.acc", "RS.train.time", "RS.n.support.vectors", 
"RS.index", "RS.n.solutions", "RS.generations", "RS.n.evaluations", 
"RS.cpu.time", "DF.cost", "DF.gamma", "DF.data.balancing", "DF.feature.selection", 
"DF.valid.acc", "DF.test.acc", "DF.train.time", "DF.n.support.vectors", 
"DF.index", "DF.n.solutions", "DF.generations", "DF.n.evaluations", 
"DF.cpu.time", "SMBO.cost", "SMBO.gamma", "SMBO.balanced.test.accuracy"
), row.names = c(NA, -11L), class = "data.frame")
