new.sol <-
structure(list(Sampling = c(50, 55, 60, 65, 70, 75, 80, 85, 90, 
95, 100), PSO.cost = c(1.69134, 11.02826, 1, -0.02696, 15, 10.88046, 
-0.73302, 11.22882, 3.292, 9.92185, 15), PSO.gamma = c(0.36799, 
-12.11288, 0.14286, -4.44132, -12.1403, -10.36203, -1.20965, 
-15, -6.42951, -10.11826, -12.94962), PSO.data.balancing = c(0, 
0, 0, 0, 0, 0, 0, 0, 0, 0, 0), PSO.feature.selection = c(0, 0, 
0, 0, 0, 0, 0, 0, 0, 0, 0), PSO.valid.acc = c(0.89, 0.89667, 
0.85952, 0.86964, 0.86429, 0.85853, 0.88056, 0.88611, 0.87, 0.88778, 
0.89864), PSO.test.acc = c(0.87, 0.84333, 0.85952, 0.82857, 0.86429, 
0.85853, 0.88056, 0.875, 0.85889, 0.86556, 0.87788), PSO.train.time = c(0.0104, 
0.0095, 0.0096, 0.0104, 0.0129, 0.0113, 0.0109, 0.0102, 0.0111, 
0.0111, 0.0125), PSO.n.support.vectors = c(37.9, 17.9, 29.4, 
26.7, 23, 23.8, 44.6, 26.9, 27.4, 27.4, 28.3), PSO.index = c(2229, 
383, 1, 544, 1375, 14, 19, 447, 43, 62, 201), PSO.n.solutions = c(1, 
125, 600, 44, 10, 678, 67, 29, 212, 631, 215), PSO.generations = c(100, 
100, 100, 100, 100, 100, 100, 100, 100, 100, 100), PSO.n.evaluations = c(2500, 
2500, 2500, 2500, 2500, 2500, 2500, 2500, 2500, 2500, 2500), 
    PSO.cpu.time = c(7336.407, 7096.78, 7022.711, 7031.996, 7181.589, 
    7132.72, 7059.38, 7097.037, 7093.42200000001, 7143.53300000001, 
    6735.47100000002), RS.cost = c(7.1023, 11.50298, 8.21814, 
    0.17463, 0.78614, 14.43146, -0.05546, 1.31544, 8.62389, 9.50516, 
    13.75195), RS.gamma = c(0.36806, -12.41343, -9.7065, -4.83925, 
    1.20851, -12.07583, -0.82007, 0.29973, -7.24436, -9.24967, 
    -12.11226), RS.data.balancing = c(0, 0, 0, 0, 0, 0, 0, 0, 
    0, 0, 0), RS.feature.selection = c(0, 0, 0, 0, 0, 0, 0, 0, 
    0, 0, 0), RS.valid.acc = c(0.89, 0.89667, 0.85952, 0.86964, 
    0.86369, 0.85853, 0.88056, 0.8875, 0.87, 0.88778, 0.89864
    ), RS.test.acc = c(0.87, 0.82667, 0.85952, 0.85714, 0.86369, 
    0.85853, 0.88056, 0.84167, 0.82556, 0.88667, 0.87879), RS.train.time = c(0.0103, 
    0.0096, 0.0094, 0.0098, 0.0111, 0.0125, 0.0103, 0.0118, 0.0114, 
    0.0116, 0.012), RS.n.support.vectors = c(37.9, 17.8, 21.4, 
    26.1, 53.6, 23.8, 46, 57, 24.9, 26.8, 28.3), RS.index = c(85, 
    318, 8, 2393, 736, 16, 711, 448, 3, 85, 1161), RS.n.solutions = c(24, 
    1, 132, 1, 2, 140, 3, 2, 32, 22, 2), RS.generations = c(100, 
    100, 100, 100, 100, 100, 100, 100, 100, 100, 100), RS.n.evaluations = c(2500, 
    2500, 2500, 2500, 2500, 2500, 2500, 2500, 2500, 2500, 2500
    ), RS.cpu.time = c(7294.583, 7048.491, 7022.238, 7139.104, 
    7128.137, 7124.016, 6999.95699999999, 7123.60799999999, 7140.996, 
    6910.372, 6631.71100000001), DF.cost = c(1, 1, 1, 1, 1, 1, 
    1, 1, 1, 1, 1), DF.gamma = c(0.14286, 0.14286, 0.14286, 0.14286, 
    0.14286, 0.14286, 0.14286, 0.14286, 0.14286, 0.14286, 0.14286
    ), DF.data.balancing = c(0, 0, 0, 0, 0, 0, 0, 0, 0, 0, 0), 
    DF.feature.selection = c(0, 0, 0, 0, 0, 0, 0, 0, 0, 0, 0), 
    DF.valid.acc = c(0.87, 0.87667, 0.85952, 0.81607, 0.8375, 
    0.83175, 0.85694, 0.84167, 0.84778, 0.86667, 0.87955), DF.test.acc = c(0.87, 
    0.87667, 0.85952, 0.81607, 0.8375, 0.83175, 0.85694, 0.84028, 
    0.85778, 0.86556, 0.86121), DF.train.time = c(0.0096, 0.0092, 
    0.0102, 0.0108, 0.0108, 0.0107, 0.0109, 0.0107, 0.0107, 0.0112, 
    0.0106), DF.n.support.vectors = c(23.1, 28.3, 29.4, 31.7, 
    32.1, 33.4, 34.2, 35.4, 36.7, 37.1, 38), DF.index = c(1, 
    1, 1, 1, 1, 1, 1, 1, 1, 1, 1), DF.n.solutions = c(1, 1, 1, 
    1, 1, 1, 1, 1, 1, 1, 1), DF.generations = c(1, 1, 1, 1, 1, 
    1, 1, 1, 1, 1, 1), DF.n.evaluations = c(1, 1, 1, 1, 1, 1, 
    1, 1, 1, 1, 1), DF.cpu.time = c(2.933, 2.709, 2.797, 2.863, 
    2.85, 2.827, 2.856, 2.84, 2.83, 2.804, 2.692), SMBO.cost = c(1.49556415592437, 
    1.49556415592437, 1.49556415592437, 1.49556415592437, 1.49556415592437, 
    1.49556415592437, 1.49556415592437, 1.49556415592437, 1.49556415592437, 
    1.49556415592437, 1.49556415592437), SMBO.gamma = c(-4.59462704455946, 
    -4.59462704455946, -4.59462704455946, -4.59462704455946, 
    -4.59462704455946, -4.59462704455946, -4.59462704455946, 
    -4.59462704455946, -4.59462704455946, -4.59462704455946, 
    -4.59462704455946), SMBO.balanced.test.accuracy = c(0.834516347849681, 
    0.834516347849681, 0.834516347849681, 0.834516347849681, 
    0.834516347849681, 0.834516347849681, 0.834516347849681, 
    0.834516347849681, 0.834516347849681, 0.834516347849681, 
    0.834516347849681)), .Names = c("Sampling", "PSO.cost", "PSO.gamma", 
"PSO.data.balancing", "PSO.feature.selection", "PSO.valid.acc", 
"PSO.test.acc", "PSO.train.time", "PSO.n.support.vectors", "PSO.index", 
"PSO.n.solutions", "PSO.generations", "PSO.n.evaluations", "PSO.cpu.time", 
"RS.cost", "RS.gamma", "RS.data.balancing", "RS.feature.selection", 
"RS.valid.acc", "RS.test.acc", "RS.train.time", "RS.n.support.vectors", 
"RS.index", "RS.n.solutions", "RS.generations", "RS.n.evaluations", 
"RS.cpu.time", "DF.cost", "DF.gamma", "DF.data.balancing", "DF.feature.selection", 
"DF.valid.acc", "DF.test.acc", "DF.train.time", "DF.n.support.vectors", 
"DF.index", "DF.n.solutions", "DF.generations", "DF.n.evaluations", 
"DF.cpu.time", "SMBO.cost", "SMBO.gamma", "SMBO.balanced.test.accuracy"
), row.names = c(NA, -11L), class = "data.frame")
