new.sol <-
structure(list(Sampling = c(50, 55, 60, 65, 70, 75, 80, 85, 90, 
95, 100), PSO.cost = c(-0.70863, 0.79685, 9.34783, 9.88031, 8.27867, 
1, 1, 13.05216, 0.72377, 4.65327, 7.26827), PSO.gamma = c(-1.22493, 
-4.33469, -13.05953, -15, -12.61414, 0.14286, 0.14286, -11.76262, 
-4.6393, -6.00343, -12.17558), PSO.data.balancing = c(0, 0, 0, 
0, 0, 0, 0, 0, 0, 0, 0), PSO.feature.selection = c(0, 0, 0, 0, 
0, 0, 0, 0, 0, 0, 0), PSO.valid.acc = c(0.90667, 0.93333, 0.90952, 
0.90893, 0.91607, 0.89643, 0.90417, 0.88611, 0.91333, 0.91, 0.88545
), PSO.test.acc = c(0.89, 0.93333, 0.89524, 0.89464, 0.90357, 
0.89643, 0.89167, 0.88611, 0.89222, 0.85889, 0.89455), PSO.train.time = c(0.0097, 
0.01, 0.009, 0.0098, 0.01, 0.0096, 0.0097, 0.0111, 0.0096, 0.0099, 
0.0104), PSO.n.support.vectors = c(29.2, 17.1, 16.8, 21.9, 20.6, 
30, 33.7, 23.2, 26.4, 25.4, 31.7), PSO.index = c(106, 31, 6, 
367, 93, 1, 1, 19, 520, 21, 54), PSO.n.solutions = c(209, 153, 
543, 9, 108, 604, 357, 474, 285, 319, 293), PSO.generations = c(100, 
100, 100, 100, 100, 100, 100, 100, 100, 100, 100), PSO.n.evaluations = c(2500, 
2500, 2500, 2500, 2500, 2500, 2500, 2500, 2500, 2500, 2500), 
    PSO.cpu.time = c(6452.373, 6649.735, 6523.651, 6515.406, 
    6507.274, 6512.728, 6453.993, 6503.033, 6498.003, 6451.22, 
    6457.56300000001), RS.cost = c(-0.96551, 1.00265, 2.36616, 
    3.77893, 6.27256, 10.09983, -0.1151, 10.92001, 0.74933, 1.52051, 
    -0.33609), RS.gamma = c(-1.46381, -4.87471, -5.5392, -7.88618, 
    -10.61983, -12.34232, -3.20869, -10.31188, -4.42159, -4.26469, 
    -1.07441), RS.data.balancing = c(0, 0, 0, 0, 0, 0, 0, 0, 
    0, 0, 0), RS.feature.selection = c(0, 0, 0, 0, 0, 0, 0, 0, 
    0, 0, 0), RS.valid.acc = c(0.90667, 0.93333, 0.90952, 0.89643, 
    0.91607, 0.89643, 0.90417, 0.88611, 0.91333, 0.91, 0.88636
    ), RS.test.acc = c(0.89, 0.93333, 0.89524, 0.86964, 0.90357, 
    0.89643, 0.89167, 0.875, 0.89222, 0.87889, 0.87636), RS.train.time = c(0.009, 
    0.0094, 0.009, 0.0094, 0.0115, 0.0097, 0.01, 0.0108, 0.0098, 
    0.0101, 0.0111), RS.n.support.vectors = c(27.6, 16.5, 16.6, 
    19.9, 20.8, 21.2, 30.9, 23.5, 26.1, 28.1, 54.9), RS.index = c(1225, 
    179, 5, 11, 96, 17, 75, 9, 252, 285, 423), RS.n.solutions = c(1, 
    7, 168, 98, 14, 97, 23, 168, 3, 11, 3), RS.generations = c(100, 
    100, 100, 100, 100, 100, 100, 100, 100, 100, 100), RS.n.evaluations = c(2500, 
    2500, 2500, 2500, 2500, 2500, 2500, 2500, 2500, 2500, 2500
    ), RS.cpu.time = c(6642.74, 6592.046, 6509.12899999999, 6512.717, 
    6512.696, 6496.758, 6478.59899999999, 6511.49699999999, 6477.192, 
    6462.189, 6447.63700000002), DF.cost = c(1, 1, 1, 1, 1, 1, 
    1, 1, 1, 1, 1), DF.gamma = c(0.14286, 0.14286, 0.14286, 0.14286, 
    0.14286, 0.14286, 0.14286, 0.14286, 0.14286, 0.14286, 0.14286
    ), DF.data.balancing = c(0, 0, 0, 0, 0, 0, 0, 0, 0, 0, 0), 
    DF.feature.selection = c(0, 0, 0, 0, 0, 0, 0, 0, 0, 0, 0), 
    DF.valid.acc = c(0.87, 0.91333, 0.89524, 0.87976, 0.88929, 
    0.89643, 0.90417, 0.875, 0.89222, 0.88889, 0.86727), DF.test.acc = c(0.85, 
    0.91333, 0.90952, 0.83631, 0.90357, 0.89643, 0.89167, 0.88611, 
    0.89222, 0.86778, 0.87636), DF.train.time = c(0.0098, 0.0093, 
    0.0097, 0.0098, 0.0099, 0.0103, 0.0098, 0.0103, 0.0107, 0.0106, 
    0.0104), DF.n.support.vectors = c(21.3, 22, 25.8, 28.9, 29.5, 
    30, 33.7, 33.3, 34, 35.8, 39.4), DF.index = c(1, 1, 1, 1, 
    1, 1, 1, 1, 1, 1, 1), DF.n.solutions = c(1, 1, 1, 1, 1, 1, 
    1, 1, 1, 1, 1), DF.generations = c(1, 1, 1, 1, 1, 1, 1, 1, 
    1, 1, 1), DF.n.evaluations = c(1, 1, 1, 1, 1, 1, 1, 1, 1, 
    1, 1), DF.cpu.time = c(2.701, 2.627, 2.63, 2.601, 2.596, 
    2.586, 2.58, 2.566, 2.572, 2.562, 2.568), SMBO.cost = c(2.30355297463975, 
    2.30355297463975, 2.30355297463975, 2.30355297463975, 2.30355297463975, 
    2.30355297463975, 2.30355297463975, 2.30355297463975, 2.30355297463975, 
    2.30355297463975, 2.30355297463975), SMBO.gamma = c(-3.88317433699773, 
    -3.88317433699773, -3.88317433699773, -3.88317433699773, 
    -3.88317433699773, -3.88317433699773, -3.88317433699773, 
    -3.88317433699773, -3.88317433699773, -3.88317433699773, 
    -3.88317433699773), SMBO.balanced.test.accuracy = c(0.796129426129426, 
    0.796129426129426, 0.796129426129426, 0.796129426129426, 
    0.796129426129426, 0.796129426129426, 0.796129426129426, 
    0.796129426129426, 0.796129426129426, 0.796129426129426, 
    0.796129426129426)), .Names = c("Sampling", "PSO.cost", "PSO.gamma", 
"PSO.data.balancing", "PSO.feature.selection", "PSO.valid.acc", 
"PSO.test.acc", "PSO.train.time", "PSO.n.support.vectors", "PSO.index", 
"PSO.n.solutions", "PSO.generations", "PSO.n.evaluations", "PSO.cpu.time", 
"RS.cost", "RS.gamma", "RS.data.balancing", "RS.feature.selection", 
"RS.valid.acc", "RS.test.acc", "RS.train.time", "RS.n.support.vectors", 
"RS.index", "RS.n.solutions", "RS.generations", "RS.n.evaluations", 
"RS.cpu.time", "DF.cost", "DF.gamma", "DF.data.balancing", "DF.feature.selection", 
"DF.valid.acc", "DF.test.acc", "DF.train.time", "DF.n.support.vectors", 
"DF.index", "DF.n.solutions", "DF.generations", "DF.n.evaluations", 
"DF.cpu.time", "SMBO.cost", "SMBO.gamma", "SMBO.balanced.test.accuracy"
), row.names = c(NA, -11L), class = "data.frame")
