new.sol <-
structure(list(Sampling = c(50, 55, 60, 65, 70, 75, 80, 85, 90, 
95, 100), PSO.cost = c(8.9427, 12.47484, 8.04341, -1.12748, 4.73175, 
8.77538, 14.48235, 8.47654, -0.5484, 8.99767, 13.32557), PSO.gamma = c(-8.6815, 
-11.97405, -13.5985, -4.96108, -9.44982, -13.53753, -10.19106, 
-10.82247, -3.6995, -12.71066, -9.8111), PSO.data.balancing = c(0, 
0, 0, 0, 0, 0, 0, 0, 0, 0, 0), PSO.feature.selection = c(0, 0, 
0, 0, 0, 0, 0, 0, 0, 0, 0), PSO.valid.acc = c(0.90167, 0.89571, 
0.88952, 0.91786, 0.89226, 0.89821, 0.91528, 0.88472, 0.88, 0.88778, 
0.89364), PSO.test.acc = c(0.86833, 0.91238, 0.88952, 0.90357, 
0.89226, 0.91071, 0.88056, 0.86111, 0.86889, 0.88778, 0.87455
), PSO.train.time = c(0.009, 0.0108, 0.0123, 0.0119, 0.0104, 
0.0097, 0.0142, 0.0102, 0.0119, 0.0101, 0.0144), PSO.n.support.vectors = c(14.4, 
14.8, 21.8, 27.8, 24.5, 24.3, 20.4, 25.9, 33.9, 29.2, 25.6), 
    PSO.index = c(11, 8, 8, 13, 21, 17, 894, 148, 2309, 9, 64
    ), PSO.n.solutions = c(738, 1332, 784, 186, 447, 733, 208, 
    254, 1, 722, 666), PSO.generations = c(100, 100, 100, 100, 
    100, 100, 100, 100, 100, 100, 100), PSO.n.evaluations = c(2500, 
    2500, 2500, 2500, 2500, 2500, 2500, 2500, 2500, 2500, 2500
    ), PSO.cpu.time = c(6700.214, 6549.197, 6498.32, 6492.70400000001, 
    6488.373, 6439.80700000001, 6498.73999999999, 6473.757, 6406.14499999999, 
    6434.44099999999, 6421.13400000002), RS.cost = c(11.08383, 
    10.42998, 5.88664, 3.163, 7.97715, 6.41285, 14.18712, -0.25291, 
    -0.64817, 8.20692, 1.36109), RS.gamma = c(-13.06676, -9.23723, 
    -3.96217, -8.95698, -13.04168, -10.2695, -10.03884, -4.07716, 
    -3.54696, -12.04238, 0.29942), RS.data.balancing = c(0, 0, 
    0, 0, 0, 0, 0, 0, 0, 0, 0), RS.feature.selection = c(0, 0, 
    0, 0, 0, 0, 0, 0, 0, 0, 0), RS.valid.acc = c(0.90167, 0.89571, 
    0.89286, 0.91786, 0.89226, 0.89821, 0.91528, 0.88472, 0.88, 
    0.88778, 0.89697), RS.test.acc = c(0.85167, 0.89571, 0.81571, 
    0.90357, 0.89226, 0.91071, 0.88056, 0.87222, 0.86889, 0.88778, 
    0.88788), RS.train.time = c(0.0118, 0.0119, 0.01, 0.0121, 
    0.0094, 0.0121, 0.0138, 0.0107, 0.0102, 0.0107, 0.0122), 
    RS.n.support.vectors = c(15, 14.6, 20.4, 23.8, 25, 23.5, 
    20.4, 30.1, 34.7, 29.5, 65.8), RS.index = c(7, 13, 239, 44, 
    32, 18, 468, 115, 226, 36, 153), RS.n.solutions = c(217, 
    241, 1, 40, 97, 154, 2, 25, 10, 56, 2), RS.generations = c(100, 
    100, 100, 100, 100, 100, 100, 100, 100, 100, 100), RS.n.evaluations = c(2500, 
    2500, 2500, 2500, 2500, 2500, 2500, 2500, 2500, 2500, 2500
    ), RS.cpu.time = c(6608.132, 6502.034, 6510.955, 6504.169, 
    6506.581, 6451.537, 6489.806, 6498.838, 6447.315, 6442.65700000001, 
    6347.73200000002), DF.cost = c(1, 1, 1, 1, 1, 1, 1, 1, 1, 
    1, 1), DF.gamma = c(0.14286, 0.14286, 0.14286, 0.14286, 0.14286, 
    0.14286, 0.14286, 0.14286, 0.14286, 0.14286, 0.14286), DF.data.balancing = c(0, 
    0, 0, 0, 0, 0, 0, 0, 0, 0, 0), DF.feature.selection = c(0, 
    0, 0, 0, 0, 0, 0, 0, 0, 0, 0), DF.valid.acc = c(0.84833, 
    0.86238, 0.85857, 0.87679, 0.8631, 0.87321, 0.84405, 0.85139, 
    0.85778, 0.85778, 0.86697), DF.test.acc = c(0.84833, 0.86238, 
    0.86095, 0.89107, 0.8631, 0.87321, 0.85516, 0.85, 0.85778, 
    0.84778, 0.85879), DF.train.time = c(0.0097, 0.0105, 0.0095, 
    0.0095, 0.0121, 0.0096, 0.01, 0.0101, 0.0101, 0.0102, 0.0106
    ), DF.n.support.vectors = c(22.9, 23.3, 25.7, 27.4, 27.6, 
    28.4, 32.3, 34.2, 36.7, 38, 37.5), DF.index = c(1, 1, 1, 
    1, 1, 1, 1, 1, 1, 1, 1), DF.n.solutions = c(1, 1, 1, 1, 1, 
    1, 1, 1, 1, 1, 1), DF.generations = c(1, 1, 1, 1, 1, 1, 1, 
    1, 1, 1, 1), DF.n.evaluations = c(1, 1, 1, 1, 1, 1, 1, 1, 
    1, 1, 1), DF.cpu.time = c(2.635, 2.601, 2.599, 2.596, 2.58, 
    2.57, 2.573, 2.552, 2.539, 2.553, 2.536), SMBO.cost = c(4.00988346456812, 
    4.00988346456812, 4.00988346456812, 4.00988346456812, 4.00988346456812, 
    4.00988346456812, 4.00988346456812, 4.00988346456812, 4.00988346456812, 
    4.00988346456812, 4.00988346456812), SMBO.gamma = c(-8.40492729478789, 
    -8.40492729478789, -8.40492729478789, -8.40492729478789, 
    -8.40492729478789, -8.40492729478789, -8.40492729478789, 
    -8.40492729478789, -8.40492729478789, -8.40492729478789, 
    -8.40492729478789), SMBO.balanced.test.accuracy = c(0.863492063492064, 
    0.863492063492064, 0.863492063492064, 0.863492063492064, 
    0.863492063492064, 0.863492063492064, 0.863492063492064, 
    0.863492063492064, 0.863492063492064, 0.863492063492064, 
    0.863492063492064)), .Names = c("Sampling", "PSO.cost", "PSO.gamma", 
"PSO.data.balancing", "PSO.feature.selection", "PSO.valid.acc", 
"PSO.test.acc", "PSO.train.time", "PSO.n.support.vectors", "PSO.index", 
"PSO.n.solutions", "PSO.generations", "PSO.n.evaluations", "PSO.cpu.time", 
"RS.cost", "RS.gamma", "RS.data.balancing", "RS.feature.selection", 
"RS.valid.acc", "RS.test.acc", "RS.train.time", "RS.n.support.vectors", 
"RS.index", "RS.n.solutions", "RS.generations", "RS.n.evaluations", 
"RS.cpu.time", "DF.cost", "DF.gamma", "DF.data.balancing", "DF.feature.selection", 
"DF.valid.acc", "DF.test.acc", "DF.train.time", "DF.n.support.vectors", 
"DF.index", "DF.n.solutions", "DF.generations", "DF.n.evaluations", 
"DF.cpu.time", "SMBO.cost", "SMBO.gamma", "SMBO.balanced.test.accuracy"
), row.names = c(NA, -11L), class = "data.frame")
