new.sol <-
structure(list(Sampling = c(50, 55, 60, 65, 70, 75, 80, 85, 90, 
95, 100), PSO.cost = c(5.51171, 5.82325, 4.97666, 1.99414, 3.11731, 
0.1459, 1.49968, 0.8705, -0.04908, -0.95916, 8.35903), PSO.gamma = c(-6.9781, 
-2.94123, -3.98454, -0.45726, -1.41442, -0.82919, 0.49815, 0.73091, 
-0.63506, -1.72724, -12.08657), PSO.data.balancing = c(0, 0, 
0, 0, 0, 0, 0, 0, 0, 0, 0), PSO.feature.selection = c(0, 0, 0, 
0, 0, 0, 0, 0, 0, 0, 0), PSO.valid.acc = c(0.87, 0.89333, 0.89048, 
0.89881, 0.89286, 0.9006, 0.89306, 0.90083, 0.90667, 0.9, 0.89636
), PSO.test.acc = c(0.85, 0.86, 0.87381, 0.88214, 0.86607, 0.87381, 
0.90556, 0.90083, 0.88556, 0.9, 0.86727), PSO.train.time = c(0.009, 
0.01, 0.0096, 0.0093, 0.0104, 0.0104, 0.0108, 0.01, 0.0098, 0.0103, 
0.0105), PSO.n.support.vectors = c(17.6, 19.3, 19.7, 40, 32, 
41.6, 55.8, 61, 51.8, 45.5, 29.4), PSO.index = c(22, 77, 1345, 
1753, 261, 1820, 269, 112, 293, 290, 7), PSO.n.solutions = c(680, 
558, 3, 9, 689, 25, 651, 680, 223, 708, 327), PSO.generations = c(100, 
100, 100, 100, 100, 100, 100, 100, 100, 100, 100), PSO.n.evaluations = c(2500, 
2500, 2500, 2500, 2500, 2500, 2500, 2500, 2500, 2500, 2500), 
    PSO.cpu.time = c(6386.996, 6174.02, 6035.817, 5878.912, 6136.737, 
    6174.99200000001, 6182.91, 6051.42199999999, 6010.817, 6034.41399999999, 
    6022.60100000001), RS.cost = c(7.76113, 5.36267, 7.80807, 
    0.68944, 2.88052, 2.40537, 1.39884, 0.89751, -0.19169, -0.54135, 
    8.44764), RS.gamma = c(-8.03788, -2.86931, -3.72347, -1.85412, 
    -1.17989, -0.32456, 0.49915, 0.65207, -0.61166, -1.27477, 
    -12.46845), RS.data.balancing = c(0, 0, 0, 0, 0, 0, 0, 0, 
    0, 0, 0), RS.feature.selection = c(0, 0, 0, 0, 0, 0, 0, 0, 
    0, 0, 0), RS.valid.acc = c(0.87, 0.89333, 0.8881, 0.88452, 
    0.89286, 0.8756, 0.89306, 0.90083, 0.90667, 0.9, 0.89636), 
    RS.test.acc = c(0.83333, 0.86, 0.85714, 0.87024, 0.88036, 
    0.87381, 0.90556, 0.90083, 0.87444, 0.9, 0.86727), RS.train.time = c(0.0095, 
    0.01, 0.0094, 0.0096, 0.0098, 0.0105, 0.011, 0.0109, 0.0111, 
    0.0095, 0.0099), RS.n.support.vectors = c(17.2, 19.7, 20.6, 
    33.1, 34.7, 42.7, 56.2, 60.3, 52.5, 48.1, 29.9), RS.index = c(73, 
    452, 171, 527, 513, 979, 1447, 1130, 514, 121, 201), RS.n.solutions = c(75, 
    4, 2, 6, 4, 3, 1, 1, 2, 14, 26), RS.generations = c(100, 
    100, 100, 100, 100, 100, 100, 100, 100, 100, 100), RS.n.evaluations = c(2500, 
    2500, 2500, 2500, 2500, 2500, 2500, 2500, 2500, 2500, 2500
    ), RS.cpu.time = c(6281.988, 6036.994, 5918.37, 6043.11199999999, 
    6170.755, 6189.56600000001, 6196.41099999999, 6022.54300000001, 
    6065.72500000001, 6012.413, 6039.488), DF.cost = c(1, 1, 
    1, 1, 1, 1, 1, 1, 1, 1, 1), DF.gamma = c(0.14286, 0.14286, 
    0.14286, 0.14286, 0.14286, 0.14286, 0.14286, 0.14286, 0.14286, 
    0.14286, 0.14286), DF.data.balancing = c(0, 0, 0, 0, 0, 0, 
    0, 0, 0, 0, 0), DF.feature.selection = c(0, 0, 0, 0, 0, 0, 
    0, 0, 0, 0, 0), DF.valid.acc = c(0.83, 0.84667, 0.85714, 
    0.83929, 0.82321, 0.8627, 0.85417, 0.87694, 0.87556, 0.88, 
    0.86727), DF.test.acc = c(0.83, 0.83, 0.84286, 0.83929, 0.8375, 
    0.83095, 0.86667, 0.87694, 0.87556, 0.89, 0.86636), DF.train.time = c(0.0086, 
    0.0099, 0.0085, 0.0094, 0.0099, 0.0102, 0.0099, 0.0092, 0.0103, 
    0.0102, 0.0107), DF.n.support.vectors = c(24.1, 25.1, 24.9, 
    28.5, 30.8, 31.8, 33.7, 32.8, 34.9, 36.1, 37.8), DF.index = c(1, 
    1, 1, 1, 1, 1, 1, 1, 1, 1, 1), DF.n.solutions = c(1, 1, 1, 
    1, 1, 1, 1, 1, 1, 1, 1), DF.generations = c(1, 1, 1, 1, 1, 
    1, 1, 1, 1, 1, 1), DF.n.evaluations = c(1, 1, 1, 1, 1, 1, 
    1, 1, 1, 1, 1), DF.cpu.time = c(2.354, 2.516, 2.272, 2.448, 
    2.463, 2.462, 2.445, 2.265, 2.461, 2.446, 2.438), SMBO.cost = c(2.82657012619078, 
    2.82657012619078, 2.82657012619078, 2.82657012619078, 2.82657012619078, 
    2.82657012619078, 2.82657012619078, 2.82657012619078, 2.82657012619078, 
    2.82657012619078, 2.82657012619078), SMBO.gamma = c(-3.63782883480191, 
    -3.63782883480191, -3.63782883480191, -3.63782883480191, 
    -3.63782883480191, -3.63782883480191, -3.63782883480191, 
    -3.63782883480191, -3.63782883480191, -3.63782883480191, 
    -3.63782883480191), SMBO.balanced.test.accuracy = c(0.860331143951834, 
    0.860331143951834, 0.860331143951834, 0.860331143951834, 
    0.860331143951834, 0.860331143951834, 0.860331143951834, 
    0.860331143951834, 0.860331143951834, 0.860331143951834, 
    0.860331143951834)), .Names = c("Sampling", "PSO.cost", "PSO.gamma", 
"PSO.data.balancing", "PSO.feature.selection", "PSO.valid.acc", 
"PSO.test.acc", "PSO.train.time", "PSO.n.support.vectors", "PSO.index", 
"PSO.n.solutions", "PSO.generations", "PSO.n.evaluations", "PSO.cpu.time", 
"RS.cost", "RS.gamma", "RS.data.balancing", "RS.feature.selection", 
"RS.valid.acc", "RS.test.acc", "RS.train.time", "RS.n.support.vectors", 
"RS.index", "RS.n.solutions", "RS.generations", "RS.n.evaluations", 
"RS.cpu.time", "DF.cost", "DF.gamma", "DF.data.balancing", "DF.feature.selection", 
"DF.valid.acc", "DF.test.acc", "DF.train.time", "DF.n.support.vectors", 
"DF.index", "DF.n.solutions", "DF.generations", "DF.n.evaluations", 
"DF.cpu.time", "SMBO.cost", "SMBO.gamma", "SMBO.balanced.test.accuracy"
), row.names = c(NA, -11L), class = "data.frame")
