new.sol <-
structure(list(Sampling = c(50, 55, 60, 65, 70, 75, 80, 85, 90, 
95, 100), PSO.cost = c(6.26253, 7.2304, 6.57045, 3.5503, 0.99659, 
0.11136, -0.26258, 9.57326, 8.80424, 15, 7.53071), PSO.gamma = c(-2.20726, 
-10.91289, -10.20634, 0.68748, -4.15445, -4.36427, -3.71762, 
-14.37081, -9.25806, -12.02013, -7.67739), PSO.data.balancing = c(0, 
0, 0, 0, 0, 0, 0, 0, 0, 0, 0), PSO.feature.selection = c(0, 0, 
0, 0, 0, 0, 0, 0, 0, 0, 0), PSO.valid.acc = c(0.90667, 0.91333, 
0.92143, 0.90536, 0.89405, 0.8875, 0.89167, 0.89861, 0.88222, 
0.89778, 0.89818), PSO.test.acc = c(0.87, 0.89, 0.89048, 0.85774, 
0.83452, 0.8625, 0.88056, 0.86389, 0.86111, 0.87778, 0.85091), 
    PSO.train.time = c(0.0098, 0.0126, 0.0102, 0.0108, 0.0116, 
    0.0105, 0.011, 0.0097, 0.0107, 0.0133, 0.0109), PSO.n.support.vectors = c(18.8, 
    15.8, 15.5, 45.6, 24.2, 25.7, 28.5, 27, 27.7, 27.4, 26.4), 
    PSO.index = c(43, 69, 26, 59, 510, 107, 254, 275, 345, 244, 
    1296), PSO.n.solutions = c(43, 307, 335, 1431, 198, 419, 
    640, 244, 228, 200, 17), PSO.generations = c(100, 100, 100, 
    100, 100, 100, 100, 100, 100, 100, 100), PSO.n.evaluations = c(2500, 
    2500, 2500, 2500, 2500, 2500, 2500, 2500, 2500, 2500, 2500
    ), PSO.cpu.time = c(7128.197, 8809.037, 8863.589, 9025.262, 
    9172.09999999999, 9021.73, 7916.162, 6467.435, 6567.533, 
    6444.90000000002, 6392.91400000002), RS.cost = c(8.01698, 
    6.1363, 11.79557, 5.85055, -0.17819, 0.50479, 14.79857, 9.18257, 
    13.98766, 13.10291, 8.07323), RS.gamma = c(-13.94035, -11.23132, 
    -14.63775, 0.5772, -3.30979, -3.69676, -10.0199, -13.67059, 
    -11.68999, -10.67768, -7.97356), RS.data.balancing = c(0, 
    0, 0, 0, 0, 0, 0, 0, 0, 0, 0), RS.feature.selection = c(0, 
    0, 0, 0, 0, 0, 0, 0, 0, 0, 0), RS.valid.acc = c(0.90667, 
    0.91333, 0.92143, 0.90536, 0.89405, 0.8875, 0.89306, 0.89861, 
    0.88222, 0.88778, 0.89818), RS.test.acc = c(0.89, 0.89333, 
    0.89048, 0.87024, 0.85298, 0.8625, 0.86944, 0.86389, 0.86222, 
    0.85778, 0.85091), RS.train.time = c(0.0102, 0.0101, 0.0104, 
    0.012, 0.0108, 0.0116, 0.0157, 0.0101, 0.0123, 0.0121, 0.0107
    ), RS.n.support.vectors = c(20.3, 17.8, 14.8, 44.3, 28.8, 
    25.8, 21.1, 26.5, 27.7, 26.6, 26.5), RS.index = c(138, 91, 
    28, 7, 356, 20, 766, 448, 5, 1, 147), RS.n.solutions = c(18, 
    24, 58, 52, 15, 38, 1, 12, 33, 30, 2), RS.generations = c(100, 
    100, 100, 100, 100, 100, 100, 100, 100, 100, 100), RS.n.evaluations = c(2500, 
    2500, 2500, 2500, 2500, 2500, 2500, 2500, 2500, 2500, 2500
    ), RS.cpu.time = c(8975.452, 8770.201, 8977.821, 9104.072, 
    9063.98300000001, 9124.155, 6657.357, 6477.41900000001, 6525.22700000001, 
    6448.85700000002, 6254.163), DF.cost = c(1, 1, 1, 1, 1, 1, 
    1, 1, 1, 1, 1), DF.gamma = c(0.14286, 0.14286, 0.14286, 0.14286, 
    0.14286, 0.14286, 0.14286, 0.14286, 0.14286, 0.14286, 0.14286
    ), DF.data.balancing = c(0, 0, 0, 0, 0, 0, 0, 0, 0, 0, 0), 
    DF.feature.selection = c(0, 0, 0, 0, 0, 0, 0, 0, 0, 0, 0), 
    DF.valid.acc = c(0.87, 0.85667, 0.8881, 0.85357, 0.86726, 
    0.8625, 0.86944, 0.87639, 0.86111, 0.87778, 0.86091), DF.test.acc = c(0.87, 
    0.89, 0.8881, 0.85179, 0.86548, 0.85, 0.86944, 0.87639, 0.86111, 
    0.86778, 0.87909), DF.train.time = c(0.0114, 0.0103, 0.0116, 
    0.0114, 0.0111, 0.0105, 0.0096, 0.0098, 0.0105, 0.0107, 0.0095
    ), DF.n.support.vectors = c(23.5, 25.6, 26, 29, 30.4, 31.5, 
    32.3, 33.2, 37.7, 37.9, 37.7), DF.index = c(1, 1, 1, 1, 1, 
    1, 1, 1, 1, 1, 1), DF.n.solutions = c(1, 1, 1, 1, 1, 1, 1, 
    1, 1, 1, 1), DF.generations = c(1, 1, 1, 1, 1, 1, 1, 1, 1, 
    1, 1), DF.n.evaluations = c(1, 1, 1, 1, 1, 1, 1, 1, 1, 1, 
    1), DF.cpu.time = c(3.806, 3.522, 3.682, 3.669, 3.632, 3.372, 
    2.605, 2.608, 2.624, 2.592, 2.358), SMBO.cost = c(7.67920989347621, 
    7.67920989347621, 7.67920989347621, 7.67920989347621, 7.67920989347621, 
    7.67920989347621, 7.67920989347621, 7.67920989347621, 7.67920989347621, 
    7.67920989347621, 7.67920989347621), SMBO.gamma = c(-6.44697521808674, 
    -6.44697521808674, -6.44697521808674, -6.44697521808674, 
    -6.44697521808674, -6.44697521808674, -6.44697521808674, 
    -6.44697521808674, -6.44697521808674, -6.44697521808674, 
    -6.44697521808674), SMBO.balanced.test.accuracy = c(0.80982905982906, 
    0.80982905982906, 0.80982905982906, 0.80982905982906, 0.80982905982906, 
    0.80982905982906, 0.80982905982906, 0.80982905982906, 0.80982905982906, 
    0.80982905982906, 0.80982905982906)), .Names = c("Sampling", 
"PSO.cost", "PSO.gamma", "PSO.data.balancing", "PSO.feature.selection", 
"PSO.valid.acc", "PSO.test.acc", "PSO.train.time", "PSO.n.support.vectors", 
"PSO.index", "PSO.n.solutions", "PSO.generations", "PSO.n.evaluations", 
"PSO.cpu.time", "RS.cost", "RS.gamma", "RS.data.balancing", "RS.feature.selection", 
"RS.valid.acc", "RS.test.acc", "RS.train.time", "RS.n.support.vectors", 
"RS.index", "RS.n.solutions", "RS.generations", "RS.n.evaluations", 
"RS.cpu.time", "DF.cost", "DF.gamma", "DF.data.balancing", "DF.feature.selection", 
"DF.valid.acc", "DF.test.acc", "DF.train.time", "DF.n.support.vectors", 
"DF.index", "DF.n.solutions", "DF.generations", "DF.n.evaluations", 
"DF.cpu.time", "SMBO.cost", "SMBO.gamma", "SMBO.balanced.test.accuracy"
), row.names = c(NA, -11L), class = "data.frame")
