new.sol <-
structure(list(Sampling = c(50, 55, 60, 65, 70, 75, 80, 85, 90, 
95, 100), PSO.cost = c(12.53973, 6.56398, 4.79746, 4.90067, 5.87165, 
6.74828, 13.49066, 13.2492, 8.6469, 5.77912, 10.54356), PSO.gamma = c(-13.27584, 
-10.20584, -5.07737, -9.09937, -10.16238, -9.47365, -9.94373, 
-10.64316, -9.14772, -10.81342, -8.90079), PSO.data.balancing = c(0, 
0, 0, 0, 0, 0, 0, 0, 0, 0, 0), PSO.feature.selection = c(0, 0, 
0, 0, 0, 0, 0, 0, 0, 0, 0), PSO.valid.acc = c(0.96, 0.9381, 0.90714, 
0.91369, 0.92143, 0.92599, 0.89306, 0.89861, 0.89333, 0.87889, 
0.89455), PSO.test.acc = c(0.92333, 0.8881, 0.87381, 0.92798, 
0.89464, 0.90238, 0.87222, 0.8875, 0.89333, 0.86889, 0.85636), 
    PSO.train.time = c(0.0093, 0.0105, 0.0104, 0.0098, 0.0109, 
    0.0114, 0.0145, 0.0131, 0.0114, 0.0113, 0.0122), PSO.n.support.vectors = c(9.1, 
    14.9, 15.4, 18, 17.7, 18.3, 19.4, 22.8, 24.8, 30.7, 26.2), 
    PSO.index = c(55, 30, 108, 13, 60, 24, 575, 19, 14, 4, 47
    ), PSO.n.solutions = c(276, 310, 344, 433, 413, 583, 86, 
    584, 556, 646, 603), PSO.generations = c(100, 100, 100, 100, 
    100, 100, 100, 100, 100, 100, 100), PSO.n.evaluations = c(2500, 
    2500, 2500, 2500, 2500, 2500, 2500, 2500, 2500, 2500, 2500
    ), PSO.cpu.time = c(6453.948, 8620.22, 8541.084, 8509.013, 
    8573.337, 8606.08, 8641.76199999999, 8654.689, 8055.52900000001, 
    8092.533, 8251.247), RS.cost = c(8.68982, 8.43096, 10.12855, 
    8.7455, 5.39199, 7.32487, 13.45002, 14.97393, 7.99909, 7.04696, 
    11.97943), RS.gamma = c(-9.48568, -11.7113, -7.94413, -13.51473, 
    -9.62262, -9.59836, -9.95196, -11.63043, -8.60355, -10.67467, 
    -9.55405), RS.data.balancing = c(0, 0, 0, 0, 0, 0, 0, 0, 
    0, 0, 0), RS.feature.selection = c(0, 0, 0, 0, 0, 0, 0, 0, 
    0, 0, 0), RS.valid.acc = c(0.96, 0.9381, 0.90714, 0.91369, 
    0.92143, 0.92599, 0.89306, 0.89861, 0.89333, 0.87889, 0.89455
    ), RS.test.acc = c(0.92333, 0.8881, 0.85952, 0.8994, 0.89464, 
    0.90238, 0.87222, 0.875, 0.88333, 0.86889, 0.85636), RS.train.time = c(0.0092, 
    0.0106, 0.0109, 0.0104, 0.0106, 0.011, 0.0144, 0.0168, 0.011, 
    0.011, 0.0137), RS.n.support.vectors = c(9.2, 14.3, 14, 18.9, 
    17.9, 18, 19.4, 23, 24.2, 28.8, 25.5), RS.index = c(5, 75, 
    31, 99, 81, 3, 1167, 256, 39, 41, 140), RS.n.solutions = c(32, 
    63, 42, 42, 42, 64, 2, 10, 31, 114, 18), RS.generations = c(100, 
    100, 100, 100, 100, 100, 100, 100, 100, 100, 100), RS.n.evaluations = c(2500, 
    2500, 2500, 2500, 2500, 2500, 2500, 2500, 2500, 2500, 2500
    ), RS.cpu.time = c(7791.34, 8593.711, 8577.728, 8669.321, 
    8558.264, 8608.76599999999, 8565.91500000001, 8200.639, 8110.02500000002, 
    8161.62700000001, 6491.51300000001), DF.cost = c(1, 1, 1, 
    1, 1, 1, 1, 1, 1, 1, 1), DF.gamma = c(0.14286, 0.14286, 0.14286, 
    0.14286, 0.14286, 0.14286, 0.14286, 0.14286, 0.14286, 0.14286, 
    0.14286), DF.data.balancing = c(0, 0, 0, 0, 0, 0, 0, 0, 0, 
    0, 0), DF.feature.selection = c(0, 0, 0, 0, 0, 0, 0, 0, 0, 
    0, 0), DF.valid.acc = c(0.92333, 0.90476, 0.87381, 0.88512, 
    0.89286, 0.91349, 0.87083, 0.85278, 0.86222, 0.83889, 0.86727
    ), DF.test.acc = c(0.94, 0.8881, 0.90714, 0.8994, 0.89286, 
    0.90238, 0.85972, 0.86389, 0.86222, 0.84889, 0.87727), DF.train.time = c(0.0108, 
    0.0106, 0.0103, 0.0112, 0.0111, 0.0112, 0.0111, 0.0114, 0.0113, 
    0.0115, 0.0098), DF.n.support.vectors = c(20.9, 24.4, 25.3, 
    29.5, 29.6, 32.9, 32, 35.2, 37.3, 37.4, 37.3), DF.index = c(1, 
    1, 1, 1, 1, 1, 1, 1, 1, 1, 1), DF.n.solutions = c(1, 1, 1, 
    1, 1, 1, 1, 1, 1, 1, 1), DF.generations = c(1, 1, 1, 1, 1, 
    1, 1, 1, 1, 1, 1), DF.n.evaluations = c(1, 1, 1, 1, 1, 1, 
    1, 1, 1, 1, 1), DF.cpu.time = c(3.47, 3.441, 3.218, 3.459, 
    3.405, 3.423, 3.415, 3.214, 3.23, 3.268, 2.301), SMBO.cost = c(10.2840700190457, 
    10.2840700190457, 10.2840700190457, 10.2840700190457, 10.2840700190457, 
    10.2840700190457, 10.2840700190457, 10.2840700190457, 10.2840700190457, 
    10.2840700190457, 10.2840700190457), SMBO.gamma = c(-13.2474375143388, 
    -13.2474375143388, -13.2474375143388, -13.2474375143388, 
    -13.2474375143388, -13.2474375143388, -13.2474375143388, 
    -13.2474375143388, -13.2474375143388, -13.2474375143388, 
    -13.2474375143388), SMBO.balanced.test.accuracy = c(0.817081807081807, 
    0.817081807081807, 0.817081807081807, 0.817081807081807, 
    0.817081807081807, 0.817081807081807, 0.817081807081807, 
    0.817081807081807, 0.817081807081807, 0.817081807081807, 
    0.817081807081807)), .Names = c("Sampling", "PSO.cost", "PSO.gamma", 
"PSO.data.balancing", "PSO.feature.selection", "PSO.valid.acc", 
"PSO.test.acc", "PSO.train.time", "PSO.n.support.vectors", "PSO.index", 
"PSO.n.solutions", "PSO.generations", "PSO.n.evaluations", "PSO.cpu.time", 
"RS.cost", "RS.gamma", "RS.data.balancing", "RS.feature.selection", 
"RS.valid.acc", "RS.test.acc", "RS.train.time", "RS.n.support.vectors", 
"RS.index", "RS.n.solutions", "RS.generations", "RS.n.evaluations", 
"RS.cpu.time", "DF.cost", "DF.gamma", "DF.data.balancing", "DF.feature.selection", 
"DF.valid.acc", "DF.test.acc", "DF.train.time", "DF.n.support.vectors", 
"DF.index", "DF.n.solutions", "DF.generations", "DF.n.evaluations", 
"DF.cpu.time", "SMBO.cost", "SMBO.gamma", "SMBO.balanced.test.accuracy"
), row.names = c(NA, -11L), class = "data.frame")
