new.sol <-
structure(list(Sampling = c(50, 55, 60, 65, 70, 75, 80, 85, 90, 
95, 100), PSO.cost = c(2.99213, 7.3551, 9.10856, 8.05046, 7.92758, 
15, 5.59171, 3.6032, 9.53742, 5.94676, 7.54697), PSO.gamma = c(-2.82965, 
-3.25417, -2.14592, -4.03883, -4.24943, -8.78082, -3.68916, -2.12752, 
-5.63118, -3.58821, -3.9973), PSO.data.balancing = c(0, 0, 0, 
0, 0, 0, 0, 0, 0, 0, 0), PSO.feature.selection = c(0, 0, 0, 0, 
0, 0, 0, 0, 0, 0, 0), PSO.valid.acc = c(0.76667, 0.755, 0.85667, 
0.80714, 0.82857, 0.81369, 0.79306, 0.82738, 0.76944, 0.79, 0.77333
), PSO.test.acc = c(0.71833, 0.73, 0.78333, 0.74286, 0.77143, 
0.77857, 0.73671, 0.81488, 0.76944, 0.74556, 0.77444), PSO.train.time = c(0.0089, 
0.0089, 0.0093, 0.0106, 0.0105, 0.0223, 0.0099, 0.0095, 0.0128, 
0.0103, 0.0114), PSO.n.support.vectors = c(29.3, 28.6, 36.3, 
32.9, 35.2, 36.5, 42.1, 51.8, 41.6, 46.2, 43.3), PSO.index = c(332, 
27, 246, 238, 669, 409, 410, 238, 64, 2171, 949), PSO.n.solutions = c(395, 
1602, 584, 606, 234, 28, 677, 227, 415, 1, 72), PSO.generations = c(100, 
100, 100, 100, 100, 100, 100, 100, 100, 100, 100), PSO.n.evaluations = c(2500, 
2500, 2500, 2500, 2500, 2500, 2500, 2500, 2500, 2500, 2500), 
    PSO.cpu.time = c(6278.775, 6230.231, 6328.827, 6329.902, 
    6200.527, 6398.42199999999, 6188.83099999999, 6304.299, 6398.26800000001, 
    6327.908, 6274.23), RS.cost = c(3.36055, 14.42541, 4.8535, 
    10.39859, 8.23858, 5.37858, 5.03763, 3.50609, 11.69328, 6.15801, 
    4.89696), RS.gamma = c(-3.12407, -3.08889, -2.60163, -5.33857, 
    -4.39029, -3.42379, -3.40722, -2.31126, -6.80106, -3.68084, 
    -4.03087), RS.data.balancing = c(0, 0, 0, 0, 0, 0, 0, 0, 
    0, 0, 0), RS.feature.selection = c(0, 0, 0, 0, 0, 0, 0, 0, 
    0, 0, 0), RS.valid.acc = c(0.76667, 0.755, 0.85667, 0.79286, 
    0.82857, 0.8119, 0.78194, 0.82738, 0.76944, 0.79, 0.77333
    ), RS.test.acc = c(0.73833, 0.73, 0.82, 0.72619, 0.75714, 
    0.7869, 0.73671, 0.8131, 0.79167, 0.74556, 0.71), RS.train.time = c(0.0079, 
    0.0085, 0.0094, 0.0111, 0.0101, 0.0096, 0.0097, 0.0098, 0.0173, 
    0.011, 0.0103), RS.n.support.vectors = c(28.7, 29.1, 35.3, 
    31.3, 34.7, 40.8, 43.3, 51.5, 42, 45.5, 51.8), RS.index = c(426, 
    28, 38, 72, 781, 306, 1681, 1675, 5, 1189, 171), RS.n.solutions = c(1, 
    51, 6, 36, 1, 5, 1, 2, 9, 1, 2), RS.generations = c(100, 
    100, 100, 100, 100, 100, 100, 100, 100, 100, 100), RS.n.evaluations = c(2500, 
    2500, 2500, 2500, 2500, 2500, 2500, 2500, 2500, 2500, 2500
    ), RS.cpu.time = c(6176.846, 6235.174, 6208.685, 6189.024, 
    6230.83, 6147.326, 6220.891, 6341.226, 6333.709, 6167.637, 
    6222.427), DF.cost = c(1, 1, 1, 1, 1, 1, 1, 1, 1, 1, 1), 
    DF.gamma = c(0.25, 0.25, 0.25, 0.25, 0.25, 0.25, 0.25, 0.25, 
    0.25, 0.25, 0.25), DF.data.balancing = c(0, 0, 0, 0, 0, 0, 
    0, 0, 0, 0, 0), DF.feature.selection = c(0, 0, 0, 0, 0, 0, 
    0, 0, 0, 0, 0), DF.valid.acc = c(0.65833, 0.64, 0.73333, 
    0.64048, 0.6119, 0.67917, 0.65337, 0.67976, 0.60556, 0.62556, 
    0.64222), DF.test.acc = c(0.69667, 0.65333, 0.72667, 0.6381, 
    0.6381, 0.70357, 0.6123, 0.66409, 0.62917, 0.60333, 0.62333
    ), DF.train.time = c(0.0084, 0.0089, 0.0082, 0.0087, 0.0095, 
    0.0084, 0.0093, 0.0096, 0.0096, 0.0105, 0.0103), DF.n.support.vectors = c(35, 
    38.7, 41.9, 46.6, 50, 53.2, 56.4, 60, 63.7, 67.5, 68.8), 
    DF.index = c(1, 1, 1, 1, 1, 1, 1, 1, 1, 1, 1), DF.n.solutions = c(1, 
    1, 1, 1, 1, 1, 1, 1, 1, 1, 1), DF.generations = c(1, 1, 1, 
    1, 1, 1, 1, 1, 1, 1, 1), DF.n.evaluations = c(1, 1, 1, 1, 
    1, 1, 1, 1, 1, 1, 1), DF.cpu.time = c(2.56, 2.585, 2.397, 
    2.401, 2.586, 2.332, 2.524, 2.543, 2.499, 2.495, 2.505), 
    SMBO.cost = c(13.6072197683846, 13.6072197683846, 13.6072197683846, 
    13.6072197683846, 13.6072197683846, 13.6072197683846, 13.6072197683846, 
    13.6072197683846, 13.6072197683846, 13.6072197683846, 13.6072197683846
    ), SMBO.gamma = c(-7.14699874165468, -7.14699874165468, -7.14699874165468, 
    -7.14699874165468, -7.14699874165468, -7.14699874165468, 
    -7.14699874165468, -7.14699874165468, -7.14699874165468, 
    -7.14699874165468, -7.14699874165468), SMBO.balanced.test.accuracy = c(0.814927048260382, 
    0.814927048260382, 0.814927048260382, 0.814927048260382, 
    0.814927048260382, 0.814927048260382, 0.814927048260382, 
    0.814927048260382, 0.814927048260382, 0.814927048260382, 
    0.814927048260382)), .Names = c("Sampling", "PSO.cost", "PSO.gamma", 
"PSO.data.balancing", "PSO.feature.selection", "PSO.valid.acc", 
"PSO.test.acc", "PSO.train.time", "PSO.n.support.vectors", "PSO.index", 
"PSO.n.solutions", "PSO.generations", "PSO.n.evaluations", "PSO.cpu.time", 
"RS.cost", "RS.gamma", "RS.data.balancing", "RS.feature.selection", 
"RS.valid.acc", "RS.test.acc", "RS.train.time", "RS.n.support.vectors", 
"RS.index", "RS.n.solutions", "RS.generations", "RS.n.evaluations", 
"RS.cpu.time", "DF.cost", "DF.gamma", "DF.data.balancing", "DF.feature.selection", 
"DF.valid.acc", "DF.test.acc", "DF.train.time", "DF.n.support.vectors", 
"DF.index", "DF.n.solutions", "DF.generations", "DF.n.evaluations", 
"DF.cpu.time", "SMBO.cost", "SMBO.gamma", "SMBO.balanced.test.accuracy"
), row.names = c(NA, -11L), class = "data.frame")
