new.sol <-
structure(list(Sampling = c(50, 55, 60, 65, 70, 75, 80, 85, 90, 
95, 100), PSO.cost = c(9.23672, -0.12305, 15, 3.00222, 3.03541, 
6.12102, 2.77915, 4.1588, 3.37569, 5.85491, 11.35862), PSO.gamma = c(-4.99566, 
-2.42402, -7.41144, -3.24911, -4.28406, -4.89437, -3.06338, -3.2111, 
-2.8581, -3.82852, -6.76396), PSO.data.balancing = c(0, 0, 0, 
0, 0, 0, 0, 0, 0, 0, 0), PSO.feature.selection = c(0, 0, 0, 0, 
0, 0, 0, 0, 0, 0, 0), PSO.valid.acc = c(0.825, 0.74167, 0.73667, 
0.77143, 0.7994, 0.79167, 0.81607, 0.80476, 0.76944, 0.79, 0.78667
), PSO.test.acc = c(0.735, 0.62667, 0.69333, 0.76667, 0.73929, 
0.72143, 0.77321, 0.76726, 0.72083, 0.76778, 0.78556), PSO.train.time = c(0.008, 
0.0091, 0.0137, 0.0081, 0.009, 0.0089, 0.0095, 0.0094, 0.0099, 
0.01, 0.0167), PSO.n.support.vectors = c(23.4, 38.6, 25.2, 37.4, 
42.9, 39.6, 47.9, 48.1, 53.2, 46.9, 44.1), PSO.index = c(109, 
404, 168, 108, 848, 1562, 865, 747, 599, 999, 327), PSO.n.solutions = c(599, 
763, 926, 166, 68, 24, 42, 64, 283, 40, 64), PSO.generations = c(100, 
100, 100, 100, 100, 100, 100, 100, 100, 100, 100), PSO.n.evaluations = c(2500, 
2500, 2500, 2500, 2500, 2500, 2500, 2500, 2500, 2500, 2500), 
    PSO.cpu.time = c(6009.259, 6018.261, 5984.078, 6002.781, 
    6037.061, 6199.006, 6079.505, 6097.997, 6095, 6189.211, 6222.337
    ), RS.cost = c(8.14593, -0.14783, 14.26513, 2.82235, 3.34685, 
    14.66843, 2.56204, 2.933, 3.29222, 5.58059, 11.31141), RS.gamma = c(-4.48736, 
    -2.53224, -6.9374, -2.88472, -4.46949, -8.75453, -2.75525, 
    -2.47003, -2.72194, -4.82669, -6.80918), RS.data.balancing = c(0, 
    0, 0, 0, 0, 0, 0, 0, 0, 0, 0), RS.feature.selection = c(0, 
    0, 0, 0, 0, 0, 0, 0, 0, 0, 0), RS.valid.acc = c(0.825, 0.74167, 
    0.72, 0.77143, 0.7994, 0.76369, 0.80357, 0.80476, 0.75694, 
    0.77889, 0.78667), RS.test.acc = c(0.735, 0.62667, 0.69333, 
    0.75, 0.73929, 0.73393, 0.7875, 0.75476, 0.72083, 0.72333, 
    0.77556), RS.train.time = c(0.0086, 0.0078, 0.0128, 0.0082, 
    0.0086, 0.0218, 0.0098, 0.0094, 0.0101, 0.0102, 0.0167), 
    RS.n.support.vectors = c(23.8, 38.6, 25, 36.9, 42.6, 35.2, 
    48.4, 52.1, 53.4, 53.3, 44.7), RS.index = c(2241, 216, 314, 
    634, 1382, 632, 394, 281, 496, 66, 940), RS.n.solutions = c(18, 
    2, 12, 1, 2, 1, 3, 1, 5, 10, 2), RS.generations = c(100, 
    100, 100, 100, 100, 100, 100, 100, 100, 100, 100), RS.n.evaluations = c(2500, 
    2500, 2500, 2500, 2500, 2500, 2500, 2500, 2500, 2500, 2500
    ), RS.cpu.time = c(6064.479, 5951.2, 6002.247, 5952.429, 
    6063.864, 6009.57400000001, 6078.44799999999, 6080.645, 6134.05799999999, 
    6100.57299999999, 6106.53399999999), DF.cost = c(1, 1, 1, 
    1, 1, 1, 1, 1, 1, 1, 1), DF.gamma = c(0.25, 0.25, 0.25, 0.25, 
    0.25, 0.25, 0.25, 0.25, 0.25, 0.25, 0.25), DF.data.balancing = c(0, 
    0, 0, 0, 0, 0, 0, 0, 0, 0, 0), DF.feature.selection = c(0, 
    0, 0, 0, 0, 0, 0, 0, 0, 0, 0), DF.valid.acc = c(0.785, 0.70833, 
    0.66, 0.6881, 0.71071, 0.60417, 0.61964, 0.64425, 0.675, 
    0.64444, 0.67889), DF.test.acc = c(0.785, 0.68333, 0.68, 
    0.73571, 0.69643, 0.61607, 0.65536, 0.58452, 0.66528, 0.66778, 
    0.62333), DF.train.time = c(0.0086, 0.0078, 0.0078, 0.0084, 
    0.0095, 0.0088, 0.0091, 0.0095, 0.0097, 0.0102, 0.0101), 
    DF.n.support.vectors = c(35, 38.7, 42.1, 46.2, 50.3, 54.4, 
    57, 60.6, 63.2, 66.9, 67.7), DF.index = c(1, 1, 1, 1, 1, 
    1, 1, 1, 1, 1, 1), DF.n.solutions = c(1, 1, 1, 1, 1, 1, 1, 
    1, 1, 1, 1), DF.generations = c(1, 1, 1, 1, 1, 1, 1, 1, 1, 
    1, 1), DF.n.evaluations = c(1, 1, 1, 1, 1, 1, 1, 1, 1, 1, 
    1), DF.cpu.time = c(2.502, 2.282, 2.301, 2.311, 2.494, 2.298, 
    2.42, 2.447, 2.438, 2.464, 2.386), SMBO.cost = c(5.1003823362384, 
    5.1003823362384, 5.1003823362384, 5.1003823362384, 5.1003823362384, 
    5.1003823362384, 5.1003823362384, 5.1003823362384, 5.1003823362384, 
    5.1003823362384, 5.1003823362384), SMBO.gamma = c(-3.55222814003471, 
    -3.55222814003471, -3.55222814003471, -3.55222814003471, 
    -3.55222814003471, -3.55222814003471, -3.55222814003471, 
    -3.55222814003471, -3.55222814003471, -3.55222814003471, 
    -3.55222814003471), SMBO.balanced.test.accuracy = c(0.809948693282027, 
    0.809948693282027, 0.809948693282027, 0.809948693282027, 
    0.809948693282027, 0.809948693282027, 0.809948693282027, 
    0.809948693282027, 0.809948693282027, 0.809948693282027, 
    0.809948693282027)), .Names = c("Sampling", "PSO.cost", "PSO.gamma", 
"PSO.data.balancing", "PSO.feature.selection", "PSO.valid.acc", 
"PSO.test.acc", "PSO.train.time", "PSO.n.support.vectors", "PSO.index", 
"PSO.n.solutions", "PSO.generations", "PSO.n.evaluations", "PSO.cpu.time", 
"RS.cost", "RS.gamma", "RS.data.balancing", "RS.feature.selection", 
"RS.valid.acc", "RS.test.acc", "RS.train.time", "RS.n.support.vectors", 
"RS.index", "RS.n.solutions", "RS.generations", "RS.n.evaluations", 
"RS.cpu.time", "DF.cost", "DF.gamma", "DF.data.balancing", "DF.feature.selection", 
"DF.valid.acc", "DF.test.acc", "DF.train.time", "DF.n.support.vectors", 
"DF.index", "DF.n.solutions", "DF.generations", "DF.n.evaluations", 
"DF.cpu.time", "SMBO.cost", "SMBO.gamma", "SMBO.balanced.test.accuracy"
), row.names = c(NA, -11L), class = "data.frame")
