new.sol <-
structure(list(Sampling = c(50, 55, 60, 65, 70, 75, 80, 85, 90, 
95, 100), PSO.cost = c(1.89009, 10.17014, 12.45117, 11.51107, 
7.73772, 5.34541, 11.53666, 5.31823, 13.96798, 9.05066, 10.06123
), PSO.gamma = c(-2.21275, -4.56248, -4.69432, -6.08744, -4.34366, 
-2.87785, -5.79628, -3.47006, -7.90087, -4.65952, -5.15315), 
    PSO.data.balancing = c(0, 0, 0, 0, 0, 0, 0, 0, 0, 0, 0), 
    PSO.feature.selection = c(0, 0, 0, 0, 0, 0, 0, 0, 0, 0, 0
    ), PSO.valid.acc = c(0.71, 0.73167, 0.81714, 0.70619, 0.76548, 
    0.75893, 0.74821, 0.78135, 0.79028, 0.83444, 0.79889), PSO.test.acc = c(0.615, 
    0.67, 0.74286, 0.69429, 0.70119, 0.66012, 0.7496, 0.73373, 
    0.68472, 0.82333, 0.76556), PSO.train.time = c(0.0096, 0.0108, 
    0.0111, 0.0145, 0.0124, 0.0108, 0.0146, 0.01, 0.0232, 0.0127, 
    0.0134), PSO.n.support.vectors = c(33.7, 26.2, 26.7, 29.9, 
    32.1, 38.2, 31.8, 41.2, 37.9, 40.2, 40.6), PSO.index = c(2247, 
    83, 80, 92, 7, 462, 17, 720, 1503, 238, 192), PSO.n.solutions = c(1, 
    1151, 755, 385, 337, 596, 1020, 85, 33, 166, 272), PSO.generations = c(100, 
    100, 100, 100, 100, 100, 100, 100, 100, 100, 100), PSO.n.evaluations = c(2500, 
    2500, 2500, 2500, 2500, 2500, 2500, 2500, 2500, 2500, 2500
    ), PSO.cpu.time = c(7984.925, 7960.349, 7675.762, 8018.58300000001, 
    7976.09899999999, 7852.709, 7537.15700000001, 7688.068, 7799.145, 
    7615.976, 7892.27100000001), RS.cost = c(14.69012, 13.71125, 
    14.63566, 14.43913, 7.90038, 5.40581, 11.01536, 9.78327, 
    14.39305, 8.69113, 10.53752), RS.gamma = c(-2.22239, -5.07007, 
    -4.70025, -7.41315, -4.26092, -2.97463, -5.47783, -2.66164, 
    -8.09327, -4.37394, -5.38756), RS.data.balancing = c(0, 0, 
    0, 0, 0, 0, 0, 0, 0, 0, 0), RS.feature.selection = c(0, 0, 
    0, 0, 0, 0, 0, 0, 0, 0, 0), RS.valid.acc = c(0.705, 0.73167, 
    0.81714, 0.70619, 0.76548, 0.75893, 0.74821, 0.77202, 0.77917, 
    0.83444, 0.79889), RS.test.acc = c(0.59, 0.65333, 0.74286, 
    0.69429, 0.71786, 0.66012, 0.7496, 0.72262, 0.67361, 0.82333, 
    0.76556), RS.train.time = c(0.0087, 0.0107, 0.0113, 0.0314, 
    0.0109, 0.01, 0.0142, 0.0099, 0.0249, 0.012, 0.0142), RS.n.support.vectors = c(32.2, 
    25.9, 26.7, 29.7, 32.3, 38.1, 32.1, 43.9, 37.8, 40.8, 40), 
    RS.index = c(10, 17, 654, 23, 975, 2037, 344, 2, 1716, 1517, 
    325), RS.n.solutions = c(56, 75, 1, 5, 4, 1, 21, 45, 1, 1, 
    2), RS.generations = c(100, 100, 100, 100, 100, 100, 100, 
    100, 100, 100, 100), RS.n.evaluations = c(2500, 2500, 2500, 
    2500, 2500, 2500, 2500, 2500, 2500, 2500, 2500), RS.cpu.time = c(7855.009, 
    7745.736, 7805.538, 7789.607, 7732.50600000001, 7655.193, 
    7430.068, 7859.633, 7627.69400000002, 7680.886, 7953.55600000001
    ), DF.cost = c(1, 1, 1, 1, 1, 1, 1, 1, 1, 1, 1), DF.gamma = c(0.25, 
    0.25, 0.25, 0.25, 0.25, 0.25, 0.25, 0.25, 0.25, 0.25, 0.25
    ), DF.data.balancing = c(0, 0, 0, 0, 0, 0, 0, 0, 0, 0, 0), 
    DF.feature.selection = c(0, 0, 0, 0, 0, 0, 0, 0, 0, 0, 0), 
    DF.valid.acc = c(0.62, 0.70667, 0.66786, 0.61095, 0.68393, 
    0.61071, 0.64345, 0.66429, 0.62778, 0.65778, 0.67889), DF.test.acc = c(0.655, 
    0.68167, 0.68214, 0.62857, 0.60952, 0.64762, 0.67202, 0.68651, 
    0.6625, 0.66778, 0.69111), DF.train.time = c(0.0086, 0.0084, 
    0.0089, 0.0091, 0.0091, 0.0094, 0.0097, 0.0106, 0.0107, 0.0109, 
    0.0119), DF.n.support.vectors = c(35.4, 39.6, 42.6, 45.3, 
    49.1, 52.1, 55.8, 59.9, 63, 66.8, 68.6), DF.index = c(1, 
    1, 1, 1, 1, 1, 1, 1, 1, 1, 1), DF.n.solutions = c(1, 1, 1, 
    1, 1, 1, 1, 1, 1, 1, 1), DF.generations = c(1, 1, 1, 1, 1, 
    1, 1, 1, 1, 1, 1), DF.n.evaluations = c(1, 1, 1, 1, 1, 1, 
    1, 1, 1, 1, 1), DF.cpu.time = c(3.197, 3.129, 3.075, 3.188, 
    3.1, 2.869, 3.002, 3.086, 2.985, 3.158, 3.237), SMBO.cost = c(5.04998434874927, 
    5.04998434874927, 5.04998434874927, 5.04998434874927, 5.04998434874927, 
    5.04998434874927, 5.04998434874927, 5.04998434874927, 5.04998434874927, 
    5.04998434874927, 5.04998434874927), SMBO.gamma = c(-3.9687964479049, 
    -3.9687964479049, -3.9687964479049, -3.9687964479049, -3.9687964479049, 
    -3.9687964479049, -3.9687964479049, -3.9687964479049, -3.9687964479049, 
    -3.9687964479049, -3.9687964479049), SMBO.balanced.test.accuracy = c(0.811672278338945, 
    0.811672278338945, 0.811672278338945, 0.811672278338945, 
    0.811672278338945, 0.811672278338945, 0.811672278338945, 
    0.811672278338945, 0.811672278338945, 0.811672278338945, 
    0.811672278338945)), .Names = c("Sampling", "PSO.cost", "PSO.gamma", 
"PSO.data.balancing", "PSO.feature.selection", "PSO.valid.acc", 
"PSO.test.acc", "PSO.train.time", "PSO.n.support.vectors", "PSO.index", 
"PSO.n.solutions", "PSO.generations", "PSO.n.evaluations", "PSO.cpu.time", 
"RS.cost", "RS.gamma", "RS.data.balancing", "RS.feature.selection", 
"RS.valid.acc", "RS.test.acc", "RS.train.time", "RS.n.support.vectors", 
"RS.index", "RS.n.solutions", "RS.generations", "RS.n.evaluations", 
"RS.cpu.time", "DF.cost", "DF.gamma", "DF.data.balancing", "DF.feature.selection", 
"DF.valid.acc", "DF.test.acc", "DF.train.time", "DF.n.support.vectors", 
"DF.index", "DF.n.solutions", "DF.generations", "DF.n.evaluations", 
"DF.cpu.time", "SMBO.cost", "SMBO.gamma", "SMBO.balanced.test.accuracy"
), row.names = c(NA, -11L), class = "data.frame")
