new.sol <-
structure(list(Sampling = c(50, 55, 60, 65, 70, 75, 80, 85, 90, 
95, 100), PSO.cost = c(9.19753, 5.17949, 15, 0.74441, 6.82975, 
9.46547, 13.55389, 7.14395, 15, 15, 5.84676), PSO.gamma = c(-7.36817, 
-4.01426, -7.44599, -3.16512, -3.98919, -2.59419, -3.89709, -3.90784, 
-8.44576, -7.22487, -3.29067), PSO.data.balancing = c(0, 0, 0, 
0, 0, 0, 0, 0, 0, 0, 0), PSO.feature.selection = c(0, 0, 0, 0, 
0, 0, 0, 0, 0, 0, 0), PSO.valid.acc = c(0.62167, 0.78167, 0.755, 
0.69048, 0.7369, 0.79762, 0.75317, 0.78948, 0.79306, 0.77, 0.79556
), PSO.test.acc = c(0.49, 0.565, 0.71667, 0.67143, 0.69107, 0.74643, 
0.77679, 0.7752, 0.70833, 0.76, 0.75444), PSO.train.time = c(0.0083, 
0.0081, 0.0248, 0.0086, 0.0097, 0.0101, 0.0099, 0.0109, 0.0269, 
0.0349, 0.0107), PSO.n.support.vectors = c(29.2, 30.9, 27.4, 
43.8, 35.6, 42.5, 38.2, 39.9, 40.6, 38.2, 45.9), PSO.index = c(464, 
706, 142, 358, 2135, 57, 14, 115, 717, 37, 201), PSO.n.solutions = c(158, 
91, 638, 155, 4, 981, 1575, 544, 254, 1488, 374), PSO.generations = c(100, 
100, 100, 100, 100, 100, 100, 100, 100, 100, 100), PSO.n.evaluations = c(2500, 
2500, 2500, 2500, 2500, 2500, 2500, 2500, 2500, 2500, 2500), 
    PSO.cpu.time = c(5840.019, 5883.278, 6162.376, 6261.331, 
    6339.36599999999, 6324.16, 6216.624, 6186.84300000001, 6407.38900000001, 
    6587.276, 6268.94100000001), RS.cost = c(-1.44065, 4.98586, 
    14.29419, 1.33004, 8.45206, 6.72881, 11.98556, 7.15726, 14.10392, 
    11.49461, 5.75761), RS.gamma = c(-2.24847, -3.94577, -7.14484, 
    -3.44047, -3.94598, -2.57002, -4.01115, -4.07423, -7.89159, 
    -6.48724, -3.2158), RS.data.balancing = c(0, 0, 0, 0, 0, 
    0, 0, 0, 0, 0, 0), RS.feature.selection = c(0, 0, 0, 0, 0, 
    0, 0, 0, 0, 0, 0), RS.valid.acc = c(0.66, 0.78167, 0.73833, 
    0.6881, 0.73274, 0.79762, 0.75317, 0.78948, 0.78194, 0.77, 
    0.79556), RS.test.acc = c(0.61833, 0.565, 0.73333, 0.65476, 
    0.7244, 0.74643, 0.76567, 0.7752, 0.75556, 0.73778, 0.75444
    ), RS.train.time = c(0.0077, 0.0079, 0.0198, 0.0087, 0.01, 
    0.0101, 0.0101, 0.0105, 0.0238, 0.0188, 0.0102), RS.n.support.vectors = c(36, 
    31, 27.4, 43.1, 34.7, 42.7, 37.8, 39.6, 40.3, 41.4, 46.6), 
    RS.index = c(1899, 1251, 344, 2124, 103, 27, 8, 2075, 628, 
    25, 770), RS.n.solutions = c(1, 1, 10, 2, 40, 17, 74, 1, 
    2, 23, 1), RS.generations = c(100, 100, 100, 100, 100, 100, 
    100, 100, 100, 100, 100), RS.n.evaluations = c(2500, 2500, 
    2500, 2500, 2500, 2500, 2500, 2500, 2500, 2500, 2500), RS.cpu.time = c(5870.024, 
    5838.393, 5887.517, 6300.169, 6327.649, 6285.572, 6200.44900000001, 
    6138.236, 6144.59699999999, 6266.334, 6270.624), DF.cost = c(1, 
    1, 1, 1, 1, 1, 1, 1, 1, 1, 1), DF.gamma = c(0.25, 0.25, 0.25, 
    0.25, 0.25, 0.25, 0.25, 0.25, 0.25, 0.25, 0.25), DF.data.balancing = c(0, 
    0, 0, 0, 0, 0, 0, 0, 0, 0, 0), DF.feature.selection = c(0, 
    0, 0, 0, 0, 0, 0, 0, 0, 0, 0), DF.valid.acc = c(0.56, 0.68, 
    0.71833, 0.62381, 0.59762, 0.57321, 0.59425, 0.59603, 0.6375, 
    0.65, 0.66889), DF.test.acc = c(0.515, 0.65833, 0.60333, 
    0.64048, 0.58571, 0.61667, 0.66131, 0.59325, 0.60278, 0.62778, 
    0.61444), DF.train.time = c(0.008, 0.0079, 0.008, 0.0087, 
    0.0085, 0.0089, 0.0091, 0.0094, 0.0093, 0.0096, 0.0101), 
    DF.n.support.vectors = c(34.9, 38.5, 42.1, 46.3, 50, 53.4, 
    55.5, 58.5, 63, 66.1, 67.8), DF.index = c(1, 1, 1, 1, 1, 
    1, 1, 1, 1, 1, 1), DF.n.solutions = c(1, 1, 1, 1, 1, 1, 1, 
    1, 1, 1, 1), DF.generations = c(1, 1, 1, 1, 1, 1, 1, 1, 1, 
    1, 1), DF.n.evaluations = c(1, 1, 1, 1, 1, 1, 1, 1, 1, 1, 
    1), DF.cpu.time = c(2.4, 2.282, 2.291, 2.531, 2.487, 2.464, 
    2.432, 2.44, 2.441, 2.49, 2.504), SMBO.cost = c(11.4871229798247, 
    11.4871229798247, 11.4871229798247, 11.4871229798247, 11.4871229798247, 
    11.4871229798247, 11.4871229798247, 11.4871229798247, 11.4871229798247, 
    11.4871229798247, 11.4871229798247), SMBO.gamma = c(-2.4166518729096, 
    -2.4166518729096, -2.4166518729096, -2.4166518729096, -2.4166518729096, 
    -2.4166518729096, -2.4166518729096, -2.4166518729096, -2.4166518729096, 
    -2.4166518729096, -2.4166518729096), SMBO.balanced.test.accuracy = c(0.786002886002886, 
    0.786002886002886, 0.786002886002886, 0.786002886002886, 
    0.786002886002886, 0.786002886002886, 0.786002886002886, 
    0.786002886002886, 0.786002886002886, 0.786002886002886, 
    0.786002886002886)), .Names = c("Sampling", "PSO.cost", "PSO.gamma", 
"PSO.data.balancing", "PSO.feature.selection", "PSO.valid.acc", 
"PSO.test.acc", "PSO.train.time", "PSO.n.support.vectors", "PSO.index", 
"PSO.n.solutions", "PSO.generations", "PSO.n.evaluations", "PSO.cpu.time", 
"RS.cost", "RS.gamma", "RS.data.balancing", "RS.feature.selection", 
"RS.valid.acc", "RS.test.acc", "RS.train.time", "RS.n.support.vectors", 
"RS.index", "RS.n.solutions", "RS.generations", "RS.n.evaluations", 
"RS.cpu.time", "DF.cost", "DF.gamma", "DF.data.balancing", "DF.feature.selection", 
"DF.valid.acc", "DF.test.acc", "DF.train.time", "DF.n.support.vectors", 
"DF.index", "DF.n.solutions", "DF.generations", "DF.n.evaluations", 
"DF.cpu.time", "SMBO.cost", "SMBO.gamma", "SMBO.balanced.test.accuracy"
), row.names = c(NA, -11L), class = "data.frame")
