new.sol <-
structure(list(Sampling = c(50, 55, 60, 65, 70, 75, 80, 85, 90, 
95, 100), PSO.cost = c(10.72722, 3.86889, 3.63577, 14.26131, 
6.42811, 12.52538, 11.14272, 4.6682, 6.16612, 11.35849, 14.83219
), PSO.gamma = c(-7.36989, -3.88639, -4.05473, -7.76572, -3.4778, 
-8.53025, -4.41676, -2.38994, -2.86355, -5.78599, -8.70056), 
    PSO.data.balancing = c(0, 0, 0, 0, 0, 0, 0, 0, 0, 0, 0), 
    PSO.feature.selection = c(0, 0, 0, 0, 0, 0, 0, 0, 0, 0, 0
    ), PSO.valid.acc = c(0.655, 0.73667, 0.7, 0.66095, 0.7, 0.78948, 
    0.70179, 0.74048, 0.75278, 0.79111, 0.83848), PSO.test.acc = c(0.515, 
    0.69, 0.58667, 0.62333, 0.66548, 0.68313, 0.64782, 0.62817, 
    0.72917, 0.77, 0.7296), PSO.train.time = c(0.0093, 0.0083, 
    0.0087, 0.0171, 0.0089, 0.0126, 0.0107, 0.0094, 0.0103, 0.0151, 
    0.0337), PSO.n.support.vectors = c(27.9, 34.3, 38.2, 30, 
    36.8, 41.7, 34.7, 48.6, 47.2, 39.1, 44.4), PSO.index = c(6, 
    913, 355, 177, 595, 1227, 199, 994, 443, 186, 268), PSO.n.solutions = c(307, 
    105, 135, 227, 339, 5, 138, 82, 91, 91, 70), PSO.generations = c(100, 
    100, 100, 100, 100, 100, 100, 100, 100, 100, 100), PSO.n.evaluations = c(2500, 
    2500, 2500, 2500, 2500, 2500, 2500, 2500, 2500, 2500, 2500
    ), PSO.cpu.time = c(6092.569, 6128.794, 6248.48, 6293.147, 
    5908.397, 6009.696, 6063.353, 5921.136, 5849.058, 5942.163, 
    6453.454), RS.cost = c(14.51169, 3.88854, 2.52286, 14.9079, 
    6.90761, 13.42629, 3.05524, 3.38762, 7.64441, 14.28959, 14.12749
    ), RS.gamma = c(-9.45803, -3.91794, -2.7533, -8.07681, -3.66468, 
    -8.981, -3.25651, -1.96844, -3.19936, -7.41595, -8.31926), 
    RS.data.balancing = c(0, 0, 0, 0, 0, 0, 0, 0, 0, 0, 0), RS.feature.selection = c(0, 
    0, 0, 0, 0, 0, 0, 0, 0, 0, 0), RS.valid.acc = c(0.655, 0.73667, 
    0.69333, 0.66095, 0.7, 0.78948, 0.70179, 0.72937, 0.74306, 
    0.78, 0.83848), RS.test.acc = c(0.54, 0.69, 0.53333, 0.62333, 
    0.65119, 0.68313, 0.6881, 0.62817, 0.71806, 0.72556, 0.7296
    ), RS.train.time = c(0.014, 0.0081, 0.0084, 0.0182, 0.0094, 
    0.0138, 0.0092, 0.0095, 0.0101, 0.0354, 0.0315), RS.n.support.vectors = c(27.9, 
    34.2, 39, 29.9, 35.7, 41.4, 47.2, 53.1, 44.8, 39.1, 44.4), 
    RS.index = c(805, 1641, 945, 591, 1764, 1666, 174, 585, 5, 
    379, 1054), RS.n.solutions = c(4, 1, 3, 3, 1, 1, 8, 5, 14, 
    17, 2), RS.generations = c(100, 100, 100, 100, 100, 100, 
    100, 100, 100, 100, 100), RS.n.evaluations = c(2500, 2500, 
    2500, 2500, 2500, 2500, 2500, 2500, 2500, 2500, 2500), RS.cpu.time = c(5983.97, 
    6166.32, 6166.804, 6002.831, 6023.78799999999, 6021.289, 
    5877.52499999999, 5793.588, 5747.92, 5915.719, 6102.05099999999
    ), DF.cost = c(1, 1, 1, 1, 1, 1, 1, 1, 1, 1, 1), DF.gamma = c(0.25, 
    0.25, 0.25, 0.25, 0.25, 0.25, 0.25, 0.25, 0.25, 0.25, 0.25
    ), DF.data.balancing = c(0, 0, 0, 0, 0, 0, 0, 0, 0, 0, 0), 
    DF.feature.selection = c(0, 0, 0, 0, 0, 0, 0, 0, 0, 0, 0), 
    DF.valid.acc = c(0.365, 0.63333, 0.53667, 0.60476, 0.60833, 
    0.60615, 0.55179, 0.60635, 0.6125, 0.61667, 0.68717), DF.test.acc = c(0.49167, 
    0.61, 0.48333, 0.58905, 0.61964, 0.55079, 0.6129, 0.57321, 
    0.59167, 0.65111, 0.62364), DF.train.time = c(0.0082, 0.0082, 
    0.0088, 0.0082, 0.0094, 0.0091, 0.0091, 0.0089, 0.0091, 0.0103, 
    0.0098), DF.n.support.vectors = c(36.2, 40.4, 44.5, 48.1, 
    51.9, 55.2, 57.9, 60.7, 64.3, 67, 68.7), DF.index = c(1, 
    1, 1, 1, 1, 1, 1, 1, 1, 1, 1), DF.n.solutions = c(1, 1, 1, 
    1, 1, 1, 1, 1, 1, 1, 1), DF.generations = c(1, 1, 1, 1, 1, 
    1, 1, 1, 1, 1, 1), DF.n.evaluations = c(1, 1, 1, 1, 1, 1, 
    1, 1, 1, 1, 1), DF.cpu.time = c(2.419, 2.436, 2.489, 2.305, 
    2.491, 2.391, 2.324, 2.255, 2.286, 2.507, 2.422), SMBO.cost = c(4.38020683201865, 
    4.38020683201865, 4.38020683201865, 4.38020683201865, 4.38020683201865, 
    4.38020683201865, 4.38020683201865, 4.38020683201865, 4.38020683201865, 
    4.38020683201865, 4.38020683201865), SMBO.gamma = c(-3.28645453883219, 
    -3.28645453883219, -3.28645453883219, -3.28645453883219, 
    -3.28645453883219, -3.28645453883219, -3.28645453883219, 
    -3.28645453883219, -3.28645453883219, -3.28645453883219, 
    -3.28645453883219), SMBO.balanced.test.accuracy = c(0.803246753246753, 
    0.803246753246753, 0.803246753246753, 0.803246753246753, 
    0.803246753246753, 0.803246753246753, 0.803246753246753, 
    0.803246753246753, 0.803246753246753, 0.803246753246753, 
    0.803246753246753)), .Names = c("Sampling", "PSO.cost", "PSO.gamma", 
"PSO.data.balancing", "PSO.feature.selection", "PSO.valid.acc", 
"PSO.test.acc", "PSO.train.time", "PSO.n.support.vectors", "PSO.index", 
"PSO.n.solutions", "PSO.generations", "PSO.n.evaluations", "PSO.cpu.time", 
"RS.cost", "RS.gamma", "RS.data.balancing", "RS.feature.selection", 
"RS.valid.acc", "RS.test.acc", "RS.train.time", "RS.n.support.vectors", 
"RS.index", "RS.n.solutions", "RS.generations", "RS.n.evaluations", 
"RS.cpu.time", "DF.cost", "DF.gamma", "DF.data.balancing", "DF.feature.selection", 
"DF.valid.acc", "DF.test.acc", "DF.train.time", "DF.n.support.vectors", 
"DF.index", "DF.n.solutions", "DF.generations", "DF.n.evaluations", 
"DF.cpu.time", "SMBO.cost", "SMBO.gamma", "SMBO.balanced.test.accuracy"
), row.names = c(NA, -11L), class = "data.frame")
