new.sol <-
structure(list(Sampling = c(50, 55, 60, 65, 70, 75, 80, 85, 90, 
95, 100), PSO.cost = c(4.69092, 3.82915, 12.82828, 6.74362, 2.60326, 
3.35791, 11.17552, 14.78608, 13.3555, 5.8277, 3.34627), PSO.gamma = c(-2.8527, 
-3.7332, -4.20173, -5.95714, -2.37247, -2.60767, -3.07972, -3.44809, 
-3.44873, -2.99162, -3.08492), PSO.data.balancing = c(0, 0, 0, 
0, 0, 0, 0, 0, 0, 0, 0), PSO.feature.selection = c(0, 0, 0, 0, 
0, 0, 0, 0, 0, 0, 0), PSO.valid.acc = c(0.73667, 0.79333, 0.76333, 
0.81667, 0.75833, 0.84583, 0.82976, 0.86905, 0.81667, 0.82556, 
0.78444), PSO.test.acc = c(0.69833, 0.79667, 0.66333, 0.78333, 
0.725, 0.77321, 0.7881, 0.85794, 0.80099, 0.78111, 0.71), PSO.train.time = c(0.0099, 
0.0093, 0.0104, 0.0092, 0.0097, 0.0098, 0.0099, 0.0108, 0.0115, 
0.0116, 0.0102), PSO.n.support.vectors = c(30, 32.7, 29.5, 36.1, 
41.8, 43.6, 39.1, 36.8, 40.7, 47.5, 55.8), PSO.index = c(72, 
596, 8, 280, 520, 252, 151, 16, 173, 168, 1399), PSO.n.solutions = c(318, 
188, 1602, 161, 366, 409, 1076, 1086, 563, 415, 39), PSO.generations = c(100, 
100, 100, 100, 100, 100, 100, 100, 100, 100, 100), PSO.n.evaluations = c(2500, 
2500, 2500, 2500, 2500, 2500, 2500, 2500, 2500, 2500, 2500), 
    PSO.cpu.time = c(7718.589, 8154.771, 7734.299, 7775.711, 
    7837.32600000001, 7770.977, 7653.77899999999, 7743.855, 7889.318, 
    7737.128, 8016.598), RS.cost = c(6.79402, 3.85638, 12.60483, 
    3.20886, 7.78545, 3.54766, 12.3458, 11.88608, 13.02341, 4.5059, 
    2.99472), RS.gamma = c(-3.71043, -3.70302, -3.52423, -3.28458, 
    -5.91314, -2.67525, -2.99615, -3.34408, -3.50421, -2.85234, 
    -2.73939), RS.data.balancing = c(0, 0, 0, 0, 0, 0, 0, 0, 
    0, 0, 0), RS.feature.selection = c(0, 0, 0, 0, 0, 0, 0, 0, 
    0, 0, 0), RS.valid.acc = c(0.72833, 0.79333, 0.76333, 0.80238, 
    0.77262, 0.84583, 0.82976, 0.86905, 0.81667, 0.81444, 0.77444
    ), RS.test.acc = c(0.73167, 0.79667, 0.68667, 0.80238, 0.69226, 
    0.7875, 0.7756, 0.85794, 0.80099, 0.80333, 0.74333), RS.train.time = c(0.0092, 
    0.0084, 0.0102, 0.0096, 0.0107, 0.0107, 0.01, 0.0109, 0.0103, 
    0.0113, 0.011), RS.n.support.vectors = c(28.6, 32.5, 31.2, 
    37.4, 36.5, 43.1, 39.6, 37.7, 40.4, 50.8, 57.7), RS.index = c(123, 
    673, 27, 1079, 768, 1854, 409, 9, 620, 401, 1122), RS.n.solutions = c(23, 
    1, 47, 11, 1, 1, 10, 50, 5, 6, 1), RS.generations = c(100, 
    100, 100, 100, 100, 100, 100, 100, 100, 100, 100), RS.n.evaluations = c(2500, 
    2500, 2500, 2500, 2500, 2500, 2500, 2500, 2500, 2500, 2500
    ), RS.cpu.time = c(7918.462, 8091.985, 7754.019, 7806.84099999999, 
    8011.789, 7862.577, 7686.55900000001, 7889.198, 7874.62599999999, 
    7896.96899999998, 8034.016), DF.cost = c(1, 1, 1, 1, 1, 1, 
    1, 1, 1, 1, 1), DF.gamma = c(0.25, 0.25, 0.25, 0.25, 0.25, 
    0.25, 0.25, 0.25, 0.25, 0.25, 0.25), DF.data.balancing = c(0, 
    0, 0, 0, 0, 0, 0, 0, 0, 0, 0), DF.feature.selection = c(0, 
    0, 0, 0, 0, 0, 0, 0, 0, 0, 0), DF.valid.acc = c(0.48, 0.68, 
    0.65, 0.70238, 0.56548, 0.69464, 0.71726, 0.77421, 0.6631, 
    0.63889, 0.67778), DF.test.acc = c(0.605, 0.715, 0.65, 0.70238, 
    0.64643, 0.65298, 0.7256, 0.76032, 0.6381, 0.63778, 0.67), 
    DF.train.time = c(0.0093, 0.009, 0.0094, 0.0095, 0.0094, 
    0.0099, 0.0097, 0.0103, 0.0096, 0.0112, 0.0114), DF.n.support.vectors = c(36.2, 
    39.2, 42.8, 46.1, 49.4, 53.4, 55.6, 58.5, 62.6, 66.3, 67.8
    ), DF.index = c(1, 1, 1, 1, 1, 1, 1, 1, 1, 1, 1), DF.n.solutions = c(1, 
    1, 1, 1, 1, 1, 1, 1, 1, 1, 1), DF.generations = c(1, 1, 1, 
    1, 1, 1, 1, 1, 1, 1, 1), DF.n.evaluations = c(1, 1, 1, 1, 
    1, 1, 1, 1, 1, 1, 1), DF.cpu.time = c(3.261, 3.165, 3.065, 
    3.049, 3.231, 3.19, 3.002, 3.091, 2.751, 3.134, 3.183), SMBO.cost = c(10.6247651048974, 
    10.6247651048974, 10.6247651048974, 10.6247651048974, 10.6247651048974, 
    10.6247651048974, 10.6247651048974, 10.6247651048974, 10.6247651048974, 
    10.6247651048974, 10.6247651048974), SMBO.gamma = c(-6.47327918757918, 
    -6.47327918757918, -6.47327918757918, -6.47327918757918, 
    -6.47327918757918, -6.47327918757918, -6.47327918757918, 
    -6.47327918757918, -6.47327918757918, -6.47327918757918, 
    -6.47327918757918), SMBO.balanced.test.accuracy = c(0.846661054994388, 
    0.846661054994388, 0.846661054994388, 0.846661054994388, 
    0.846661054994388, 0.846661054994388, 0.846661054994388, 
    0.846661054994388, 0.846661054994388, 0.846661054994388, 
    0.846661054994388)), .Names = c("Sampling", "PSO.cost", "PSO.gamma", 
"PSO.data.balancing", "PSO.feature.selection", "PSO.valid.acc", 
"PSO.test.acc", "PSO.train.time", "PSO.n.support.vectors", "PSO.index", 
"PSO.n.solutions", "PSO.generations", "PSO.n.evaluations", "PSO.cpu.time", 
"RS.cost", "RS.gamma", "RS.data.balancing", "RS.feature.selection", 
"RS.valid.acc", "RS.test.acc", "RS.train.time", "RS.n.support.vectors", 
"RS.index", "RS.n.solutions", "RS.generations", "RS.n.evaluations", 
"RS.cpu.time", "DF.cost", "DF.gamma", "DF.data.balancing", "DF.feature.selection", 
"DF.valid.acc", "DF.test.acc", "DF.train.time", "DF.n.support.vectors", 
"DF.index", "DF.n.solutions", "DF.generations", "DF.n.evaluations", 
"DF.cpu.time", "SMBO.cost", "SMBO.gamma", "SMBO.balanced.test.accuracy"
), row.names = c(NA, -11L), class = "data.frame")
