new.sol <-
structure(list(Sampling = c(50, 55, 60, 65, 70, 75, 80, 85, 90, 
95, 100), PSO.cost = c(2.1479, 11.97886, 4.97796, 12.85366, 8.39118, 
13.09775, 6.84658, 3.38342, 6.9244, 11.04026, 6.08672), PSO.gamma = c(-3.30169, 
-5.26482, -4.66561, -6.61599, -3.94558, -3.01935, -3.65596, -2.03993, 
-4.04306, -5.08957, -4.40835), PSO.data.balancing = c(0, 0, 0, 
0, 0, 0, 0, 0, 0, 0, 0), PSO.feature.selection = c(0, 0, 0, 0, 
0, 0, 0, 0, 0, 0, 0), PSO.valid.acc = c(0.78167, 0.68833, 0.72667, 
0.76524, 0.81667, 0.72262, 0.74087, 0.72857, 0.74365, 0.7475, 
0.77333), PSO.test.acc = c(0.67833, 0.63667, 0.62, 0.75429, 0.75952, 
0.7125, 0.74504, 0.71984, 0.70853, 0.70056, 0.73), PSO.train.time = c(0.0073, 
0.0084, 0.008, 0.0126, 0.0097, 0.0094, 0.01, 0.0095, 0.0111, 
0.0136, 0.0107), PSO.n.support.vectors = c(29.6, 25.3, 33.2, 
29.1, 35.5, 41.9, 40.5, 52, 42.3, 40.6, 47.6), PSO.index = c(1534, 
45, 1535, 609, 45, 343, 2089, 344, 565, 124, 89), PSO.n.solutions = c(61, 
1284, 6, 133, 240, 398, 1, 245, 205, 731, 113), PSO.generations = c(100, 
100, 100, 100, 100, 100, 100, 100, 100, 100, 100), PSO.n.evaluations = c(2500, 
2500, 2500, 2500, 2500, 2500, 2500, 2500, 2500, 2500, 2500), 
    PSO.cpu.time = c(6029.829, 6076.091, 5968.562, 6363.28, 6357.6, 
    6596.967, 6518.22100000001, 6445.821, 6642.929, 6607.489, 
    6591.89499999999), RS.cost = c(3.79285, 12.22894, 6.55168, 
    11.90388, 11.31936, 13.12005, 6.26359, 3.47721, 6.92773, 
    9.56106, 13.62187), RS.gamma = c(-4.56816, -5.47656, -5.20571, 
    -6.35133, -3.92369, -3.04507, -3.38174, -2.55657, -3.98162, 
    -5.8299, -8.25465), RS.data.balancing = c(0, 0, 0, 0, 0, 
    0, 0, 0, 0, 0, 0), RS.feature.selection = c(0, 0, 0, 0, 0, 
    0, 0, 0, 0, 0, 0), RS.valid.acc = c(0.75667, 0.68833, 0.71, 
    0.76524, 0.81667, 0.72262, 0.7248, 0.71925, 0.74365, 0.7475, 
    0.77333), RS.test.acc = c(0.65333, 0.63667, 0.63667, 0.76857, 
    0.75952, 0.7125, 0.72837, 0.65873, 0.70853, 0.71167, 0.75333
    ), RS.train.time = c(0.0081, 0.0096, 0.0088, 0.0122, 0.0096, 
    0.0096, 0.0097, 0.0098, 0.0106, 0.0127, 0.0218), RS.n.support.vectors = c(28.8, 
    25.2, 31.6, 29.5, 35.6, 41.7, 41.3, 49.2, 42.5, 44.2, 45.5
    ), RS.index = c(47, 195, 622, 450, 237, 229, 898, 1118, 1881, 
    119, 138), RS.n.solutions = c(4, 5, 2, 6, 7, 6, 1, 1, 2, 
    8, 5), RS.generations = c(100, 100, 100, 100, 100, 100, 100, 
    100, 100, 100, 100), RS.n.evaluations = c(2500, 2500, 2500, 
    2500, 2500, 2500, 2500, 2500, 2500, 2500, 2500), RS.cpu.time = c(6098.358, 
    6057.399, 6060.381, 6339.834, 6344.466, 6517.965, 6532.171, 
    6485.66899999999, 6539.97899999999, 6536.24800000001, 6534.78
    ), DF.cost = c(1, 1, 1, 1, 1, 1, 1, 1, 1, 1, 1), DF.gamma = c(0.25, 
    0.25, 0.25, 0.25, 0.25, 0.25, 0.25, 0.25, 0.25, 0.25, 0.25
    ), DF.data.balancing = c(0, 0, 0, 0, 0, 0, 0, 0, 0, 0, 0), 
    DF.feature.selection = c(0, 0, 0, 0, 0, 0, 0, 0, 0, 0, 0), 
    DF.valid.acc = c(0.70333, 0.58333, 0.64, 0.60571, 0.62143, 
    0.51845, 0.60377, 0.65734, 0.65714, 0.60111, 0.63444), DF.test.acc = c(0.61667, 
    0.56667, 0.64333, 0.62, 0.54524, 0.55119, 0.57282, 0.6119, 
    0.64742, 0.64583, 0.64444), DF.train.time = c(0.0073, 0.0076, 
    0.008, 0.0086, 0.0086, 0.0095, 0.0094, 0.0092, 0.0104, 0.0099, 
    0.0099), DF.n.support.vectors = c(34.8, 38.6, 40.9, 45.5, 
    49.6, 54.3, 57.8, 59.6, 63.9, 67.5, 67.6), DF.index = c(1, 
    1, 1, 1, 1, 1, 1, 1, 1, 1, 1), DF.n.solutions = c(1, 1, 1, 
    1, 1, 1, 1, 1, 1, 1, 1), DF.generations = c(1, 1, 1, 1, 1, 
    1, 1, 1, 1, 1, 1), DF.n.evaluations = c(1, 1, 1, 1, 1, 1, 
    1, 1, 1, 1, 1), DF.cpu.time = c(2.305, 2.336, 2.506, 2.531, 
    2.496, 2.631, 2.58, 2.636, 2.648, 2.597, 2.647), SMBO.cost = c(5.64635870866503, 
    5.64635870866503, 5.64635870866503, 5.64635870866503, 5.64635870866503, 
    5.64635870866503, 5.64635870866503, 5.64635870866503, 5.64635870866503, 
    5.64635870866503, 5.64635870866503), SMBO.gamma = c(-3.2958430224951, 
    -3.2958430224951, -3.2958430224951, -3.2958430224951, -3.2958430224951, 
    -3.2958430224951, -3.2958430224951, -3.2958430224951, -3.2958430224951, 
    -3.2958430224951, -3.2958430224951), SMBO.balanced.test.accuracy = c(0.811728395061728, 
    0.811728395061728, 0.811728395061728, 0.811728395061728, 
    0.811728395061728, 0.811728395061728, 0.811728395061728, 
    0.811728395061728, 0.811728395061728, 0.811728395061728, 
    0.811728395061728)), .Names = c("Sampling", "PSO.cost", "PSO.gamma", 
"PSO.data.balancing", "PSO.feature.selection", "PSO.valid.acc", 
"PSO.test.acc", "PSO.train.time", "PSO.n.support.vectors", "PSO.index", 
"PSO.n.solutions", "PSO.generations", "PSO.n.evaluations", "PSO.cpu.time", 
"RS.cost", "RS.gamma", "RS.data.balancing", "RS.feature.selection", 
"RS.valid.acc", "RS.test.acc", "RS.train.time", "RS.n.support.vectors", 
"RS.index", "RS.n.solutions", "RS.generations", "RS.n.evaluations", 
"RS.cpu.time", "DF.cost", "DF.gamma", "DF.data.balancing", "DF.feature.selection", 
"DF.valid.acc", "DF.test.acc", "DF.train.time", "DF.n.support.vectors", 
"DF.index", "DF.n.solutions", "DF.generations", "DF.n.evaluations", 
"DF.cpu.time", "SMBO.cost", "SMBO.gamma", "SMBO.balanced.test.accuracy"
), row.names = c(NA, -11L), class = "data.frame")
