new.sol <-
structure(list(Sampling = c(50, 55, 60, 65, 70, 75, 80, 85, 90, 
95, 100), PSO.cost = c(14.68285, 9.08468, 7.50114, 6.75161, 10.28012, 
10.6285, 9.08082, 8.93253, 4.41964, 14.63798, 7.49742), PSO.gamma = c(-7.60155, 
-3.53799, -4.2882, -2.85489, -5.79001, -5.69372, -4.17679, -3.16526, 
-2.56494, -8.08942, -4.72576), PSO.data.balancing = c(0, 0, 0, 
0, 0, 0, 0, 0, 0, 0, 0), PSO.feature.selection = c(0, 0, 0, 0, 
0, 0, 0, 0, 0, 0, 0), PSO.valid.acc = c(0.83, 0.82667, 0.86, 
0.80619, 0.7875, 0.72976, 0.78611, 0.8125, 0.75655, 0.75889, 
0.78495), PSO.test.acc = c(0.70167, 0.765, 0.84333, 0.73286, 
0.74167, 0.71131, 0.69028, 0.75417, 0.70893, 0.73667, 0.78293
), PSO.train.time = c(0.0132, 0.0079, 0.0082, 0.0081, 0.0127, 
0.0142, 0.0091, 0.0098, 0.0101, 0.0294, 0.0105), PSO.n.support.vectors = c(22.5, 
27.4, 27, 34.1, 32.4, 34.9, 36.8, 43, 50.8, 39.9, 43.9), PSO.index = c(426, 
45, 15, 44, 129, 20, 122, 165, 379, 168, 251), PSO.n.solutions = c(190, 
1052, 398, 1439, 246, 948, 714, 1226, 557, 540, 334), PSO.generations = c(100, 
100, 100, 100, 100, 100, 100, 100, 100, 100, 100), PSO.n.evaluations = c(2500, 
2500, 2500, 2500, 2500, 2500, 2500, 2500, 2500, 2500, 2500), 
    PSO.cpu.time = c(5612.236, 5615.517, 5796.318, 5715.47199999999, 
    5940.94, 6153.72300000001, 5763.523, 5950.311, 5891.22499999999, 
    6366.40400000001, 6039.092), RS.cost = c(14.04093, 7.53457, 
    10.49845, 12.43545, 11.53417, 12.27251, 10.03793, 14.4344, 
    4.6345, 14.81862, 7.53868), RS.gamma = c(-6.94313, -3.24008, 
    -5.6367, -2.85475, -6.32336, -1.86505, -4.19307, -3.14564, 
    -2.44755, -8.09157, -4.75637), RS.data.balancing = c(0, 0, 
    0, 0, 0, 0, 0, 0, 0, 0, 0), RS.feature.selection = c(0, 0, 
    0, 0, 0, 0, 0, 0, 0, 0, 0), RS.valid.acc = c(0.83, 0.82667, 
    0.86, 0.80619, 0.7875, 0.73036, 0.78611, 0.8125, 0.74544, 
    0.75889, 0.78495), RS.test.acc = c(0.70167, 0.765, 0.80333, 
    0.73286, 0.74167, 0.71726, 0.69028, 0.75417, 0.69782, 0.73667, 
    0.77182), RS.train.time = c(0.0116, 0.0078, 0.0106, 0.0081, 
    0.0154, 0.0091, 0.0093, 0.0097, 0.0099, 0.0329, 0.0123), 
    RS.n.support.vectors = c(22.8, 28.3, 26, 34.1, 32.3, 49.1, 
    36.9, 43, 51.8, 39.9, 43.8), RS.index = c(567, 65, 275, 46, 
    56, 374, 48, 3, 1712, 465, 789), RS.n.solutions = c(3, 22, 
    14, 33, 23, 3, 4, 6, 2, 3, 7), RS.generations = c(100, 100, 
    100, 100, 100, 100, 100, 100, 100, 100, 100), RS.n.evaluations = c(2500, 
    2500, 2500, 2500, 2500, 2500, 2500, 2500, 2500, 2500, 2500
    ), RS.cpu.time = c(5650.511, 5646.938, 5849.628, 5781.223, 
    5799.375, 5867.558, 5854.368, 5947.28600000001, 5877.06199999999, 
    5994.281, 7685.86900000001), DF.cost = c(1, 1, 1, 1, 1, 1, 
    1, 1, 1, 1, 1), DF.gamma = c(0.25, 0.25, 0.25, 0.25, 0.25, 
    0.25, 0.25, 0.25, 0.25, 0.25, 0.25), DF.data.balancing = c(0, 
    0, 0, 0, 0, 0, 0, 0, 0, 0, 0), DF.feature.selection = c(0, 
    0, 0, 0, 0, 0, 0, 0, 0, 0, 0), DF.valid.acc = c(0.73667, 
    0.70833, 0.68333, 0.67905, 0.62143, 0.67202, 0.62222, 0.7127, 
    0.63254, 0.62556, 0.65384), DF.test.acc = c(0.71667, 0.74833, 
    0.60667, 0.65905, 0.6381, 0.63512, 0.67361, 0.69087, 0.59008, 
    0.62667, 0.64475), DF.train.time = c(0.0073, 0.0072, 0.0084, 
    0.0081, 0.0088, 0.0085, 0.0092, 0.0085, 0.0088, 0.0092, 0.0116
    ), DF.n.support.vectors = c(35.7, 39.4, 42.3, 45.7, 50.5, 
    53.7, 57.6, 61.1, 63.6, 67.2, 67.8), DF.index = c(1, 1, 1, 
    1, 1, 1, 1, 1, 1, 1, 1), DF.n.solutions = c(1, 1, 1, 1, 1, 
    1, 1, 1, 1, 1, 1), DF.generations = c(1, 1, 1, 1, 1, 1, 1, 
    1, 1, 1, 1), DF.n.evaluations = c(1, 1, 1, 1, 1, 1, 1, 1, 
    1, 1, 1), DF.cpu.time = c(2.203, 2.224, 2.453, 2.286, 2.421, 
    2.288, 2.454, 2.367, 2.249, 2.406, 3.373), SMBO.cost = c(3.67982139983236, 
    3.67982139983236, 3.67982139983236, 3.67982139983236, 3.67982139983236, 
    3.67982139983236, 3.67982139983236, 3.67982139983236, 3.67982139983236, 
    3.67982139983236, 3.67982139983236), SMBO.gamma = c(-2.72203196494491, 
    -2.72203196494491, -2.72203196494491, -2.72203196494491, 
    -2.72203196494491, -2.72203196494491, -2.72203196494491, 
    -2.72203196494491, -2.72203196494491, -2.72203196494491, 
    -2.72203196494491), SMBO.balanced.test.accuracy = c(0.816666666666667, 
    0.816666666666667, 0.816666666666667, 0.816666666666667, 
    0.816666666666667, 0.816666666666667, 0.816666666666667, 
    0.816666666666667, 0.816666666666667, 0.816666666666667, 
    0.816666666666667)), .Names = c("Sampling", "PSO.cost", "PSO.gamma", 
"PSO.data.balancing", "PSO.feature.selection", "PSO.valid.acc", 
"PSO.test.acc", "PSO.train.time", "PSO.n.support.vectors", "PSO.index", 
"PSO.n.solutions", "PSO.generations", "PSO.n.evaluations", "PSO.cpu.time", 
"RS.cost", "RS.gamma", "RS.data.balancing", "RS.feature.selection", 
"RS.valid.acc", "RS.test.acc", "RS.train.time", "RS.n.support.vectors", 
"RS.index", "RS.n.solutions", "RS.generations", "RS.n.evaluations", 
"RS.cpu.time", "DF.cost", "DF.gamma", "DF.data.balancing", "DF.feature.selection", 
"DF.valid.acc", "DF.test.acc", "DF.train.time", "DF.n.support.vectors", 
"DF.index", "DF.n.solutions", "DF.generations", "DF.n.evaluations", 
"DF.cpu.time", "SMBO.cost", "SMBO.gamma", "SMBO.balanced.test.accuracy"
), row.names = c(NA, -11L), class = "data.frame")
