new.sol <-
structure(list(Sampling = c(50, 55, 60, 65, 70, 75, 80, 85, 90, 
95, 100), PSO.cost = c(6.90529, 7.24622, 15, 5.11311, 5.08052, 
6.06558, 6.22206, 10.08267, 9.39788, 9.21144, 7.06481), PSO.gamma = c(-5.63764, 
-6.9204, -11.65743, -5.71076, -5.30427, -7.30679, -6.27958, -9.27735, 
-7.75908, -9.23534, -8.37658), PSO.data.balancing = c(0, 0, 0, 
0, 0, 0, 0, 0, 0, 0, 0), PSO.feature.selection = c(0, 0, 0, 0, 
0, 0, 0, 0, 0, 0, 0), PSO.valid.acc = c(0.82982, 0.79693, 0.78476, 
0.82324, 0.77311, 0.78015, 0.77958, 0.75802, 0.74796, 0.76742, 
0.7513), PSO.test.acc = c(0.80421, 0.76974, 0.76476, 0.79141, 
0.73977, 0.73277, 0.7686, 0.74088, 0.72527, 0.74896, 0.73642), 
    PSO.train.time = c(0.014, 0.0154, 0.0278, 0.0175, 0.0189, 
    0.0194, 0.0231, 0.0278, 0.0316, 0.0302, 0.029), PSO.n.support.vectors = c(67.9, 
    88.9, 101.6, 112.8, 118.1, 141.3, 139.6, 157.7, 157, 182.4, 
    195.9), PSO.index = c(402, 845, 197, 820, 47, 277, 1077, 
    793, 386, 713, 906), PSO.n.solutions = c(115, 17, 11, 274, 
    74, 164, 25, 39, 72, 281, 50), PSO.generations = c(100, 100, 
    100, 100, 100, 100, 100, 100, 100, 100, 100), PSO.n.evaluations = c(2500, 
    2500, 2500, 2500, 2500, 2500, 2500, 2500, 2500, 2500, 2500
    ), PSO.cpu.time = c(6291.615, 6281.919, 6887.19, 6469.38400000001, 
    7273.07, 6375.992, 6973.738, 6996.609, 6766.89600000001, 
    6479.897, 7027.16), RS.cost = c(8.85974, 10.13834, 9.21785, 
    5.66372, 5.0945, 3.87866, 8.6827, 11.28685, 4.92935, 3.91161, 
    9.37402), RS.gamma = c(-6.85079, -8.30916, -7.77485, -6.0291, 
    -5.26919, -6.08509, -7.59386, -9.89968, -5.6356, -5.99874, 
    -9.5884), RS.data.balancing = c(0, 0, 0, 0, 0, 0, 0, 0, 0, 
    0, 0), RS.feature.selection = c(0, 0, 0, 0, 0, 0, 0, 0, 0, 
    0, 0), RS.valid.acc = c(0.82949, 0.79637, 0.78452, 0.80961, 
    0.77311, 0.78, 0.77601, 0.75445, 0.74484, 0.76742, 0.74836
    ), RS.test.acc = c(0.80421, 0.78085, 0.76, 0.78665, 0.73977, 
    0.74862, 0.7686, 0.73398, 0.72871, 0.75189, 0.73625), RS.train.time = c(0.0157, 
    0.0175, 0.0183, 0.0176, 0.0191, 0.0205, 0.0235, 0.0296, 0.024, 
    0.0274, 0.0315), RS.n.support.vectors = c(66.5, 85.7, 94.8, 
    111.7, 117.9, 146.3, 136.8, 157.2, 166.8, 188.6, 192.6), 
    RS.index = c(1538, 2319, 188, 400, 1004, 627, 493, 1372, 
    434, 1659, 477), RS.n.solutions = c(1, 1, 3, 3, 2, 5, 1, 
    1, 1, 1, 3), RS.generations = c(100, 100, 100, 100, 100, 
    100, 100, 100, 100, 100, 100), RS.n.evaluations = c(2500, 
    2500, 2500, 2500, 2500, 2500, 2500, 2500, 2500, 2500, 2500
    ), RS.cpu.time = c(6223.761, 6501.002, 6521.653, 6672.815, 
    6669.071, 6875.82100000001, 6865.18199999999, 7058.17, 7039.27099999999, 
    7103.512, 7551.24299999999), DF.cost = c(1, 1, 1, 1, 1, 1, 
    1, 1, 1, 1, 1), DF.gamma = c(0.16667, 0.16667, 0.16667, 0.16667, 
    0.16667, 0.16667, 0.16667, 0.16667, 0.16667, 0.16667, 0.16667
    ), DF.data.balancing = c(0, 0, 0, 0, 0, 0, 0, 0, 0, 0, 0), 
    DF.feature.selection = c(0, 0, 0, 0, 0, 0, 0, 0, 0, 0, 0), 
    DF.valid.acc = c(0.75004, 0.72558, 0.70643, 0.70127, 0.68864, 
    0.722, 0.72412, 0.71959, 0.69925, 0.71193, 0.70424), DF.test.acc = c(0.77051, 
    0.72091, 0.70667, 0.69177, 0.71439, 0.73723, 0.71961, 0.71341, 
    0.70559, 0.69621, 0.69516), DF.train.time = c(0.0134, 0.0155, 
    0.0174, 0.0177, 0.0199, 0.0209, 0.0226, 0.0238, 0.0245, 0.0266, 
    0.0313), DF.n.support.vectors = c(107.1, 120.9, 134.1, 141.6, 
    152.9, 164.3, 175.1, 186.6, 198.2, 207.2, 219.1), DF.index = c(1, 
    1, 1, 1, 1, 1, 1, 1, 1, 1, 1), DF.n.solutions = c(1, 1, 1, 
    1, 1, 1, 1, 1, 1, 1, 1), DF.generations = c(1, 1, 1, 1, 1, 
    1, 1, 1, 1, 1, 1), DF.n.evaluations = c(1, 1, 1, 1, 1, 1, 
    1, 1, 1, 1, 1), DF.cpu.time = c(2.435, 2.496, 2.55, 2.448, 
    2.55, 2.578, 2.58, 2.554, 2.41, 2.418, 2.694), SMBO.cost = c(5.49054825900123, 
    5.49054825900123, 5.49054825900123, 5.49054825900123, 5.49054825900123, 
    5.49054825900123, 5.49054825900123, 5.49054825900123, 5.49054825900123, 
    5.49054825900123, 5.49054825900123), SMBO.gamma = c(-5.25890784787014, 
    -5.25890784787014, -5.25890784787014, -5.25890784787014, 
    -5.25890784787014, -5.25890784787014, -5.25890784787014, 
    -5.25890784787014, -5.25890784787014, -5.25890784787014, 
    -5.25890784787014), SMBO.balanced.test.accuracy = c(0.754732849271876, 
    0.754732849271876, 0.754732849271876, 0.754732849271876, 
    0.754732849271876, 0.754732849271876, 0.754732849271876, 
    0.754732849271876, 0.754732849271876, 0.754732849271876, 
    0.754732849271876)), .Names = c("Sampling", "PSO.cost", "PSO.gamma", 
"PSO.data.balancing", "PSO.feature.selection", "PSO.valid.acc", 
"PSO.test.acc", "PSO.train.time", "PSO.n.support.vectors", "PSO.index", 
"PSO.n.solutions", "PSO.generations", "PSO.n.evaluations", "PSO.cpu.time", 
"RS.cost", "RS.gamma", "RS.data.balancing", "RS.feature.selection", 
"RS.valid.acc", "RS.test.acc", "RS.train.time", "RS.n.support.vectors", 
"RS.index", "RS.n.solutions", "RS.generations", "RS.n.evaluations", 
"RS.cpu.time", "DF.cost", "DF.gamma", "DF.data.balancing", "DF.feature.selection", 
"DF.valid.acc", "DF.test.acc", "DF.train.time", "DF.n.support.vectors", 
"DF.index", "DF.n.solutions", "DF.generations", "DF.n.evaluations", 
"DF.cpu.time", "SMBO.cost", "SMBO.gamma", "SMBO.balanced.test.accuracy"
), row.names = c(NA, -11L), class = "data.frame")
