new.sol <-
structure(list(Sampling = c(50, 55, 60, 65, 70, 75, 80, 85, 90, 
95, 100), PSO.cost = c(0.70839, 14.65147, 9.40401, 7.02515, 5.73776, 
4.78463, 11.79834, 2.0054, 5.98649, 2.31317, 15), PSO.gamma = c(-3.47899, 
-11.36223, -8.23586, -6.69802, -5.21503, -5.87773, -10.1366, 
-4.14448, -7.23123, -4.49266, -11.84891), PSO.data.balancing = c(0, 
0, 0, 0, 0, 0, 0, 0, 0, 0, 0), PSO.feature.selection = c(0, 0, 
0, 0, 0, 0, 0, 0, 0, 0, 0), PSO.valid.acc = c(0.78901, 0.7283, 
0.75387, 0.73789, 0.73943, 0.74108, 0.72416, 0.76088, 0.75178, 
0.74357, 0.736), PSO.test.acc = c(0.74154, 0.71196, 0.71935, 
0.70583, 0.71043, 0.72538, 0.70575, 0.73709, 0.72176, 0.71279, 
0.74189), PSO.train.time = c(0.0158, 0.0286, 0.0212, 0.0191, 
0.0225, 0.0219, 0.0288, 0.0269, 0.0262, 0.0298, 0.0582), PSO.n.support.vectors = c(110.9, 
104.7, 111.6, 121.6, 127.4, 144.3, 149.7, 171.7, 174.8, 189.6, 
186), PSO.index = c(1002, 286, 511, 227, 1398, 1246, 488, 759, 
952, 880, 958), PSO.n.solutions = c(98, 140, 197, 168, 4, 45, 
80, 419, 68, 86, 1), PSO.generations = c(100, 100, 100, 100, 
100, 100, 100, 100, 100, 100, 100), PSO.n.evaluations = c(2500, 
2500, 2500, 2500, 2500, 2500, 2500, 2500, 2500, 2500, 2500), 
    PSO.cpu.time = c(6678.202, 7076.726, 6982.387, 7156.234, 
    7260.73, 8191.822, 7018.46900000001, 7077.85399999999, 7071.85399999999, 
    7443.98899999999, 9368.864), RS.cost = c(0.99619, 14.39154, 
    6.96034, 8.68875, 5.93965, 4.98692, 10.82525, 2.07589, 5.01526, 
    2.64314, 1.59112), RS.gamma = c(-3.32915, -11.18763, -7.66311, 
    -7.50562, -5.35767, -6.16039, -9.6698, -4.25233, -6.72103, 
    -4.71322, -4.09993), RS.data.balancing = c(0, 0, 0, 0, 0, 
    0, 0, 0, 0, 0, 0), RS.feature.selection = c(0, 0, 0, 0, 0, 
    0, 0, 0, 0, 0, 0), RS.valid.acc = c(0.78313, 0.7283, 0.74887, 
    0.73789, 0.73527, 0.73708, 0.72416, 0.75041, 0.74844, 0.74054, 
    0.72752), RS.test.acc = c(0.75298, 0.71196, 0.73363, 0.71493, 
    0.70609, 0.72538, 0.71316, 0.74388, 0.71208, 0.70663, 0.71004
    ), RS.train.time = c(0.0163, 0.028, 0.0187, 0.0219, 0.0217, 
    0.0219, 0.0257, 0.0249, 0.0269, 0.0285, 0.0316), RS.n.support.vectors = c(109, 
    104.3, 118.7, 119.9, 127.1, 145, 150.3, 172.5, 177.5, 187.4, 
    205.3), RS.index = c(1986, 144, 1764, 519, 1740, 168, 551, 
    1355, 921, 1717, 423), RS.n.solutions = c(1, 4, 1, 2, 2, 
    3, 1, 1, 1, 1, 1), RS.generations = c(100, 100, 100, 100, 
    100, 100, 100, 100, 100, 100, 100), RS.n.evaluations = c(2500, 
    2500, 2500, 2500, 2500, 2500, 2500, 2500, 2500, 2500, 2500
    ), RS.cpu.time = c(6891.806, 6946.125, 7081.068, 7133.089, 
    7120.765, 7314.073, 7520.40700000001, 7672.954, 7829.277, 
    8015.87399999998, 8167.26200000002), DF.cost = c(1, 1, 1, 
    1, 1, 1, 1, 1, 1, 1, 1), DF.gamma = c(0.16667, 0.16667, 0.16667, 
    0.16667, 0.16667, 0.16667, 0.16667, 0.16667, 0.16667, 0.16667, 
    0.16667), DF.data.balancing = c(0, 0, 0, 0, 0, 0, 0, 0, 0, 
    0, 0), DF.feature.selection = c(0, 0, 0, 0, 0, 0, 0, 0, 0, 
    0, 0), DF.valid.acc = c(0.7703, 0.67778, 0.69128, 0.69732, 
    0.66422, 0.69462, 0.66063, 0.71259, 0.67626, 0.68436, 0.70121
    ), DF.test.acc = c(0.74016, 0.68863, 0.70054, 0.6839, 0.67675, 
    0.69815, 0.68698, 0.72674, 0.68304, 0.682, 0.69844), DF.train.time = c(0.0161, 
    0.0177, 0.0182, 0.0188, 0.021, 0.022, 0.0243, 0.0258, 0.0281, 
    0.0292, 0.0319), DF.n.support.vectors = c(117.1, 128.5, 139.1, 
    153.5, 164, 173.8, 182.7, 188.7, 198.3, 208.2, 218.9), DF.index = c(1, 
    1, 1, 1, 1, 1, 1, 1, 1, 1, 1), DF.n.solutions = c(1, 1, 1, 
    1, 1, 1, 1, 1, 1, 1, 1), DF.generations = c(1, 1, 1, 1, 1, 
    1, 1, 1, 1, 1, 1), DF.n.evaluations = c(1, 1, 1, 1, 1, 1, 
    1, 1, 1, 1, 1), DF.cpu.time = c(2.643, 2.653, 2.708, 2.735, 
    2.698, 2.657, 2.754, 2.718, 2.794, 2.806, 2.811), SMBO.cost = c(14.563598299792, 
    14.563598299792, 14.563598299792, 14.563598299792, 14.563598299792, 
    14.563598299792, 14.563598299792, 14.563598299792, 14.563598299792, 
    14.563598299792, 14.563598299792), SMBO.gamma = c(-10.7241201792565, 
    -10.7241201792565, -10.7241201792565, -10.7241201792565, 
    -10.7241201792565, -10.7241201792565, -10.7241201792565, 
    -10.7241201792565, -10.7241201792565, -10.7241201792565, 
    -10.7241201792565), SMBO.balanced.test.accuracy = c(0.749068294846804, 
    0.749068294846804, 0.749068294846804, 0.749068294846804, 
    0.749068294846804, 0.749068294846804, 0.749068294846804, 
    0.749068294846804, 0.749068294846804, 0.749068294846804, 
    0.749068294846804)), .Names = c("Sampling", "PSO.cost", "PSO.gamma", 
"PSO.data.balancing", "PSO.feature.selection", "PSO.valid.acc", 
"PSO.test.acc", "PSO.train.time", "PSO.n.support.vectors", "PSO.index", 
"PSO.n.solutions", "PSO.generations", "PSO.n.evaluations", "PSO.cpu.time", 
"RS.cost", "RS.gamma", "RS.data.balancing", "RS.feature.selection", 
"RS.valid.acc", "RS.test.acc", "RS.train.time", "RS.n.support.vectors", 
"RS.index", "RS.n.solutions", "RS.generations", "RS.n.evaluations", 
"RS.cpu.time", "DF.cost", "DF.gamma", "DF.data.balancing", "DF.feature.selection", 
"DF.valid.acc", "DF.test.acc", "DF.train.time", "DF.n.support.vectors", 
"DF.index", "DF.n.solutions", "DF.generations", "DF.n.evaluations", 
"DF.cpu.time", "SMBO.cost", "SMBO.gamma", "SMBO.balanced.test.accuracy"
), row.names = c(NA, -11L), class = "data.frame")
