new.sol <-
structure(list(Sampling = c(50, 55, 60, 65, 70, 75, 80, 85, 90, 
95, 100), PSO.cost = c(15, 2.76884, 12.5002, 9.11897, 5.63501, 
13.96606, 5.01111, 8.66816, 8.529, 11.81932, 7.95956), PSO.gamma = c(-10.58411, 
-5.5094, -7.78256, -9.18273, -6.61761, -12.75906, -7.26925, -9.76253, 
-9.26633, -8.02932, -6.67666), PSO.data.balancing = c(0, 0, 0, 
0, 0, 0, 0, 0, 0, 0, 0), PSO.feature.selection = c(0, 0, 0, 0, 
0, 0, 0, 0, 0, 0, 0), PSO.valid.acc = c(0.74265, 0.72485, 0.71456, 
0.73195, 0.75103, 0.73308, 0.74342, 0.74368, 0.73505, 0.74611, 
0.7503), PSO.test.acc = c(0.6674, 0.71988, 0.68075, 0.70008, 
0.72585, 0.72923, 0.72502, 0.7369, 0.71849, 0.72442, 0.73861), 
    PSO.train.time = c(0.0402, 0.0149, 0.0645, 0.0196, 0.0191, 
    0.0258, 0.0235, 0.026, 0.0276, 0.0704, 0.0388), PSO.n.support.vectors = c(93.4, 
    124.7, 109.5, 132.7, 139.2, 148.2, 166, 170.4, 174.5, 164.4, 
    174.7), PSO.index = c(1202, 824, 463, 218, 792, 376, 1619, 
    838, 336, 671, 641), PSO.n.solutions = c(8, 106, 191, 285, 
    109, 102, 15, 21, 142, 139, 26), PSO.generations = c(100, 
    100, 100, 100, 100, 100, 100, 100, 100, 100, 100), PSO.n.evaluations = c(2500, 
    2500, 2500, 2500, 2500, 2500, 2500, 2500, 2500, 2500, 2500
    ), PSO.cpu.time = c(6336.574, 6452.952, 7360.383, 6212.50999999999, 
    6133.908, 6479.376, 6561.22899999999, 7155.89499999999, 6849.567, 
    8417.181, 8062.274), RS.cost = c(10.51877, 3.76678, 12.13066, 
    12.01437, 5.62278, 12.96085, 4.19176, 8.28661, 7.54868, 11.96506, 
    7.89779), RS.gamma = c(-8.97715, -5.9053, -7.6748, -10.71346, 
    -6.60445, -12.41345, -6.87415, -9.62984, -8.71073, -8.0541, 
    -6.65131), RS.data.balancing = c(0, 0, 0, 0, 0, 0, 0, 0, 
    0, 0, 0), RS.feature.selection = c(0, 0, 0, 0, 0, 0, 0, 0, 
    0, 0, 0), RS.valid.acc = c(0.7319, 0.71959, 0.7098, 0.7276, 
    0.75103, 0.73292, 0.73985, 0.74368, 0.73183, 0.74308, 0.7503
    ), RS.test.acc = c(0.69097, 0.69883, 0.67075, 0.69118, 0.72585, 
    0.71723, 0.73257, 0.7369, 0.71849, 0.72745, 0.73861), RS.train.time = c(0.0172, 
    0.0156, 0.0553, 0.0232, 0.0205, 0.0238, 0.0225, 0.0259, 0.0262, 
    0.0789, 0.036), RS.n.support.vectors = c(96.5, 120.2, 109.7, 
    131, 139.1, 150, 169.1, 172, 176, 164.3, 174.7), RS.index = c(28, 
    2245, 984, 70, 1332, 1469, 1569, 2177, 145, 2134, 1207), 
    RS.n.solutions = c(22, 1, 1, 6, 1, 1, 1, 1, 2, 1, 1), RS.generations = c(100, 
    100, 100, 100, 100, 100, 100, 100, 100, 100, 100), RS.n.evaluations = c(2500, 
    2500, 2500, 2500, 2500, 2500, 2500, 2500, 2500, 2500, 2500
    ), RS.cpu.time = c(6071.595, 6514.362, 6752.368, 6474.285, 
    6702.026, 6792.89, 7019.78199999999, 7485.136, 7568.576, 
    7699.50700000001, 7856.72099999999), DF.cost = c(1, 1, 1, 
    1, 1, 1, 1, 1, 1, 1, 1), DF.gamma = c(0.16667, 0.16667, 0.16667, 
    0.16667, 0.16667, 0.16667, 0.16667, 0.16667, 0.16667, 0.16667, 
    0.16667), DF.data.balancing = c(0, 0, 0, 0, 0, 0, 0, 0, 0, 
    0, 0), DF.feature.selection = c(0, 0, 0, 0, 0, 0, 0, 0, 0, 
    0, 0), DF.valid.acc = c(0.65188, 0.67778, 0.69504, 0.65421, 
    0.705, 0.70154, 0.67245, 0.70227, 0.66989, 0.72159, 0.69205
    ), DF.test.acc = c(0.68378, 0.66725, 0.65125, 0.63128, 0.66715, 
    0.71338, 0.69138, 0.71965, 0.67323, 0.71817, 0.69802), DF.train.time = c(0.0147, 
    0.0155, 0.0177, 0.0182, 0.0202, 0.0222, 0.0236, 0.0258, 0.0266, 
    0.028, 0.0315), DF.n.support.vectors = c(121.4, 134.1, 144.6, 
    157.1, 164.5, 173.7, 182.5, 192.4, 200.3, 211, 218.6), DF.index = c(1, 
    1, 1, 1, 1, 1, 1, 1, 1, 1, 1), DF.n.solutions = c(1, 1, 1, 
    1, 1, 1, 1, 1, 1, 1, 1), DF.generations = c(1, 1, 1, 1, 1, 
    1, 1, 1, 1, 1, 1), DF.n.evaluations = c(1, 1, 1, 1, 1, 1, 
    1, 1, 1, 1, 1), DF.cpu.time = c(2.388, 2.354, 2.442, 2.363, 
    2.517, 2.581, 2.597, 2.672, 2.702, 2.595, 2.762), SMBO.cost = c(8.05833593638033, 
    8.05833593638033, 8.05833593638033, 8.05833593638033, 8.05833593638033, 
    8.05833593638033, 8.05833593638033, 8.05833593638033, 8.05833593638033, 
    8.05833593638033, 8.05833593638033), SMBO.gamma = c(-8.03758951010402, 
    -8.03758951010402, -8.03758951010402, -8.03758951010402, 
    -8.03758951010402, -8.03758951010402, -8.03758951010402, 
    -8.03758951010402, -8.03758951010402, -8.03758951010402, 
    -8.03758951010402), SMBO.balanced.test.accuracy = c(0.735492391779257, 
    0.735492391779257, 0.735492391779257, 0.735492391779257, 
    0.735492391779257, 0.735492391779257, 0.735492391779257, 
    0.735492391779257, 0.735492391779257, 0.735492391779257, 
    0.735492391779257)), .Names = c("Sampling", "PSO.cost", "PSO.gamma", 
"PSO.data.balancing", "PSO.feature.selection", "PSO.valid.acc", 
"PSO.test.acc", "PSO.train.time", "PSO.n.support.vectors", "PSO.index", 
"PSO.n.solutions", "PSO.generations", "PSO.n.evaluations", "PSO.cpu.time", 
"RS.cost", "RS.gamma", "RS.data.balancing", "RS.feature.selection", 
"RS.valid.acc", "RS.test.acc", "RS.train.time", "RS.n.support.vectors", 
"RS.index", "RS.n.solutions", "RS.generations", "RS.n.evaluations", 
"RS.cpu.time", "DF.cost", "DF.gamma", "DF.data.balancing", "DF.feature.selection", 
"DF.valid.acc", "DF.test.acc", "DF.train.time", "DF.n.support.vectors", 
"DF.index", "DF.n.solutions", "DF.generations", "DF.n.evaluations", 
"DF.cpu.time", "SMBO.cost", "SMBO.gamma", "SMBO.balanced.test.accuracy"
), row.names = c(NA, -11L), class = "data.frame")
