new.sol <-
structure(list(Sampling = c(50, 55, 60, 65, 70, 75, 80, 85, 90, 
95, 100), PSO.cost = c(15, 11.95753, 8.89162, 14.82613, 4.66687, 
6.822, 15, 15, 14.74492, 13.64553, 7.63451), PSO.gamma = c(-12.58756, 
-8.99977, -7.02081, -10.32488, -6.76316, -8.47225, -12.38183, 
-10.53924, -12.30444, -11.96928, -8.21506), PSO.data.balancing = c(0, 
0, 0, 0, 0, 0, 0, 0, 0, 0, 0), PSO.feature.selection = c(0, 0, 
0, 0, 0, 0, 0, 0, 0, 0, 0), PSO.valid.acc = c(0.71176, 0.73816, 
0.72952, 0.73048, 0.75716, 0.74508, 0.75392, 0.75401, 0.75564, 
0.75256, 0.75416), PSO.test.acc = c(0.67059, 0.69456, 0.68048, 
0.70671, 0.75212, 0.72523, 0.73938, 0.74354, 0.75231, 0.75549, 
0.73063), PSO.train.time = c(0.0211, 0.0247, 0.0218, 0.0512, 
0.0201, 0.0226, 0.0358, 0.0651, 0.0416, 0.0389, 0.0311), PSO.n.support.vectors = c(100.7, 
99.1, 103.9, 110.1, 138.5, 147, 146.7, 139.4, 163.1, 181.5, 191.9
), PSO.index = c(347, 50, 144, 326, 1161, 672, 243, 345, 143, 
697, 432), PSO.n.solutions = c(3, 74, 552, 201, 57, 78, 483, 
4, 56, 12, 139), PSO.generations = c(100, 100, 100, 100, 100, 
100, 100, 100, 100, 100, 100), PSO.n.evaluations = c(2500, 2500, 
2500, 2500, 2500, 2500, 2500, 2500, 2500, 2500, 2500), PSO.cpu.time = c(7235.209, 
7638.173, 7361.39, 8007.931, 7469.714, 7537.061, 7734.798, 8253.677, 
8122.375, 7521.698, 7571.128), RS.cost = c(9.59507, 12.1678, 
9.00906, 14.31616, 4.60289, 0.66238, 5.69843, 8.72651, 14.96349, 
13.07101, 7.76921), RS.gamma = c(-8.1064, -9.16434, -6.98592, 
-10.05539, -6.72057, -3.20722, -7.38369, -7.07158, -12.42123, 
-11.67927, -8.30417), RS.data.balancing = c(0, 0, 0, 0, 0, 0, 
0, 0, 0, 0, 0), RS.feature.selection = c(0, 0, 0, 0, 0, 0, 0, 
0, 0, 0, 0), RS.valid.acc = c(0.7, 0.73289, 0.72952, 0.72613, 
0.75716, 0.74092, 0.75419, 0.75044, 0.75564, 0.75256, 0.75416
), RS.test.acc = c(0.67059, 0.69456, 0.67548, 0.70671, 0.75212, 
0.71723, 0.75762, 0.73319, 0.74898, 0.75549, 0.73063), RS.train.time = c(0.0173, 
0.0259, 0.023, 0.0491, 0.0208, 0.0214, 0.0227, 0.0302, 0.0423, 
0.0354, 0.0312), RS.n.support.vectors = c(94.6, 99, 103.4, 110.3, 
138.5, 159.7, 153.7, 139.8, 162.9, 181.6, 191.8), RS.index = c(703, 
2370, 1673, 991, 391, 1472, 1279, 2210, 605, 407, 106), RS.n.solutions = c(9, 
1, 1, 1, 2, 1, 1, 1, 1, 1, 1), RS.generations = c(100, 100, 100, 
100, 100, 100, 100, 100, 100, 100, 100), RS.n.evaluations = c(2500, 
2500, 2500, 2500, 2500, 2500, 2500, 2500, 2500, 2500, 2500), 
    RS.cpu.time = c(7252.137, 7406.691, 7525.88, 7389.321, 7567.007, 
    7745.427, 7599.05, 7912.674, 7861.13100000001, 8167.49899999998, 
    8303.984), DF.cost = c(1, 1, 1, 1, 1, 1, 1, 1, 1, 1, 1), 
    DF.gamma = c(0.16667, 0.16667, 0.16667, 0.16667, 0.16667, 
    0.16667, 0.16667, 0.16667, 0.16667, 0.16667, 0.16667), DF.data.balancing = c(0, 
    0, 0, 0, 0, 0, 0, 0, 0, 0, 0), DF.feature.selection = c(0, 
    0, 0, 0, 0, 0, 0, 0, 0, 0, 0), DF.valid.acc = c(0.60588, 
    0.58889, 0.62571, 0.65709, 0.68486, 0.70169, 0.69887, 0.7019, 
    0.71919, 0.70587, 0.70659), DF.test.acc = c(0.62941, 0.63076, 
    0.65024, 0.66637, 0.672, 0.68615, 0.71317, 0.7126, 0.71261, 
    0.709, 0.7123), DF.train.time = c(0.0156, 0.0168, 0.0186, 
    0.0186, 0.0211, 0.0215, 0.0232, 0.028, 0.0269, 0.0278, 0.0301
    ), DF.n.support.vectors = c(116, 123.6, 133.8, 146.8, 156.1, 
    164.8, 174.7, 185.9, 196.3, 208.1, 218.8), DF.index = c(1, 
    1, 1, 1, 1, 1, 1, 1, 1, 1, 1), DF.n.solutions = c(1, 1, 1, 
    1, 1, 1, 1, 1, 1, 1, 1), DF.generations = c(1, 1, 1, 1, 1, 
    1, 1, 1, 1, 1, 1), DF.n.evaluations = c(1, 1, 1, 1, 1, 1, 
    1, 1, 1, 1, 1), DF.cpu.time = c(2.769, 2.855, 2.87, 2.651, 
    2.907, 2.84, 2.757, 3.068, 2.831, 2.746, 2.746), SMBO.cost = c(14.6494683347699, 
    14.6494683347699, 14.6494683347699, 14.6494683347699, 14.6494683347699, 
    14.6494683347699, 14.6494683347699, 14.6494683347699, 14.6494683347699, 
    14.6494683347699, 14.6494683347699), SMBO.gamma = c(-9.47365047512866, 
    -9.47365047512866, -9.47365047512866, -9.47365047512866, 
    -9.47365047512866, -9.47365047512866, -9.47365047512866, 
    -9.47365047512866, -9.47365047512866, -9.47365047512866, 
    -9.47365047512866), SMBO.balanced.test.accuracy = c(0.756474011458503, 
    0.756474011458503, 0.756474011458503, 0.756474011458503, 
    0.756474011458503, 0.756474011458503, 0.756474011458503, 
    0.756474011458503, 0.756474011458503, 0.756474011458503, 
    0.756474011458503)), .Names = c("Sampling", "PSO.cost", "PSO.gamma", 
"PSO.data.balancing", "PSO.feature.selection", "PSO.valid.acc", 
"PSO.test.acc", "PSO.train.time", "PSO.n.support.vectors", "PSO.index", 
"PSO.n.solutions", "PSO.generations", "PSO.n.evaluations", "PSO.cpu.time", 
"RS.cost", "RS.gamma", "RS.data.balancing", "RS.feature.selection", 
"RS.valid.acc", "RS.test.acc", "RS.train.time", "RS.n.support.vectors", 
"RS.index", "RS.n.solutions", "RS.generations", "RS.n.evaluations", 
"RS.cpu.time", "DF.cost", "DF.gamma", "DF.data.balancing", "DF.feature.selection", 
"DF.valid.acc", "DF.test.acc", "DF.train.time", "DF.n.support.vectors", 
"DF.index", "DF.n.solutions", "DF.generations", "DF.n.evaluations", 
"DF.cpu.time", "SMBO.cost", "SMBO.gamma", "SMBO.balanced.test.accuracy"
), row.names = c(NA, -11L), class = "data.frame")
