new.sol <-
structure(list(Sampling = c(50, 55, 60, 65, 70, 75, 80, 85, 90, 
95, 100), PSO.cost = c(14.06751, 9.88978, 3.21337, 2.34613, 9.59401, 
12.24566, 8.04334, 9.94762, 6.64152, 10.13956, 5.07876), PSO.gamma = c(-11.05684, 
-8.00373, -4.18653, -4.91933, -7.36045, -8.39574, -8.32704, -9.39847, 
-5.78557, -9.1959, -7.16265), PSO.data.balancing = c(0, 0, 0, 
0, 0, 0, 0, 0, 0, 0, 0), PSO.feature.selection = c(0, 0, 0, 0, 
0, 0, 0, 0, 0, 0, 0), PSO.valid.acc = c(0.7125, 0.71579, 0.70595, 
0.71957, 0.75083, 0.74677, 0.76078, 0.75764, 0.74183, 0.759, 
0.75324), PSO.test.acc = c(0.66605, 0.68363, 0.67238, 0.70138, 
0.71243, 0.73492, 0.72342, 0.74717, 0.72548, 0.74044, 0.73878
), PSO.train.time = c(0.0249, 0.0207, 0.0164, 0.0184, 0.0261, 
0.0457, 0.0236, 0.027, 0.0308, 0.0348, 0.0291), PSO.n.support.vectors = c(91.9, 
100.8, 122.1, 138.9, 119.8, 121.5, 152.5, 158.4, 158.5, 175.7, 
200.2), PSO.index = c(1170, 371, 294, 1880, 106, 938, 526, 1443, 
593, 53, 681), PSO.n.solutions = c(36, 73, 66, 17, 97, 36, 90, 
12, 76, 137, 9), PSO.generations = c(100, 100, 100, 100, 100, 
100, 100, 100, 100, 100, 100), PSO.n.evaluations = c(2500, 2500, 
2500, 2500, 2500, 2500, 2500, 2500, 2500, 2500, 2500), PSO.cpu.time = c(6381.641, 
6609.865, 6307.202, 8034.969, 6949.982, 7490.251, 6526.439, 6953.542, 
8722.512, 9285.60400000001, 6774.38399999999), RS.cost = c(13.15698, 
5.84761, 3.36163, 2.33481, 10.99748, 11.78958, 11.5314, 3.78687, 
6.47914, 11.78559, 3.20852), RS.gamma = c(-10.59549, -5.66406, 
-4.22555, -4.93729, -8.08853, -8.07887, -10.12917, -5.09554, 
-7.53716, -9.96307, -2.95852), RS.data.balancing = c(0, 0, 0, 
0, 0, 0, 0, 0, 0, 0, 0), RS.feature.selection = c(0, 0, 0, 0, 
0, 0, 0, 0, 0, 0, 0), RS.valid.acc = c(0.7125, 0.7152, 0.70595, 
0.71957, 0.75083, 0.74662, 0.75391, 0.75062, 0.73882, 0.759, 
0.75348), RS.test.acc = c(0.66605, 0.69386, 0.67238, 0.70138, 
0.72512, 0.73123, 0.72754, 0.74717, 0.71237, 0.72794, 0.74181
), RS.train.time = c(0.0213, 0.0166, 0.016, 0.0168, 0.0309, 0.0432, 
0.0277, 0.0236, 0.0279, 0.04, 0.0309), RS.n.support.vectors = c(92.1, 
102.8, 121.6, 139.3, 118.3, 121.2, 149.9, 160.3, 173.6, 173.9, 
185.4), RS.index = c(1590, 1124, 274, 1434, 27, 1948, 1921, 223, 
1385, 858, 1544), RS.n.solutions = c(1, 1, 1, 1, 7, 1, 1, 10, 
1, 2, 1), RS.generations = c(100, 100, 100, 100, 100, 100, 100, 
100, 100, 100, 100), RS.n.evaluations = c(2500, 2500, 2500, 2500, 
2500, 2500, 2500, 2500, 2500, 2500, 2500), RS.cpu.time = c(6309.81, 
6638.829, 6659.717, 6524.429, 6646.18399999999, 6718.844, 7052.95700000001, 
7700.145, 9524.196, 9773.098, 7586.12299999999), DF.cost = c(1, 
1, 1, 1, 1, 1, 1, 1, 1, 1, 1), DF.gamma = c(0.16667, 0.16667, 
0.16667, 0.16667, 0.16667, 0.16667, 0.16667, 0.16667, 0.16667, 
0.16667, 0.16667), DF.data.balancing = c(0, 0, 0, 0, 0, 0, 0, 
0, 0, 0, 0), DF.feature.selection = c(0, 0, 0, 0, 0, 0, 0, 0, 
0, 0, 0), DF.valid.acc = c(0.64935, 0.63041, 0.6419, 0.66462, 
0.68741, 0.67954, 0.69363, 0.70911, 0.71505, 0.72775, 0.71542
), DF.test.acc = c(0.63758, 0.64181, 0.62786, 0.66502, 0.67091, 
0.71538, 0.67125, 0.70197, 0.7314, 0.71222, 0.69794), DF.train.time = c(0.0139, 
0.0171, 0.0166, 0.0171, 0.0189, 0.0205, 0.0225, 0.0258, 0.0286, 
0.0302, 0.029), DF.n.support.vectors = c(118.2, 131.9, 144, 152.2, 
160.2, 170.8, 181.2, 189.1, 199.6, 207.2, 218.6), DF.index = c(1, 
1, 1, 1, 1, 1, 1, 1, 1, 1, 1), DF.n.solutions = c(1, 1, 1, 1, 
1, 1, 1, 1, 1, 1, 1), DF.generations = c(1, 1, 1, 1, 1, 1, 1, 
1, 1, 1, 1), DF.n.evaluations = c(1, 1, 1, 1, 1, 1, 1, 1, 1, 
1, 1), DF.cpu.time = c(2.364, 2.605, 2.39, 2.327, 2.39, 2.375, 
2.606, 3.415, 3.492, 3.475, 2.469), SMBO.cost = c(12.6132393472588, 
12.6132393472588, 12.6132393472588, 12.6132393472588, 12.6132393472588, 
12.6132393472588, 12.6132393472588, 12.6132393472588, 12.6132393472588, 
12.6132393472588, 12.6132393472588), SMBO.gamma = c(-10.3223154835678, 
-10.3223154835678, -10.3223154835678, -10.3223154835678, -10.3223154835678, 
-10.3223154835678, -10.3223154835678, -10.3223154835678, -10.3223154835678, 
-10.3223154835678, -10.3223154835678), SMBO.balanced.test.accuracy = c(0.751014109347443, 
0.751014109347443, 0.751014109347443, 0.751014109347443, 0.751014109347443, 
0.751014109347443, 0.751014109347443, 0.751014109347443, 0.751014109347443, 
0.751014109347443, 0.751014109347443)), .Names = c("Sampling", 
"PSO.cost", "PSO.gamma", "PSO.data.balancing", "PSO.feature.selection", 
"PSO.valid.acc", "PSO.test.acc", "PSO.train.time", "PSO.n.support.vectors", 
"PSO.index", "PSO.n.solutions", "PSO.generations", "PSO.n.evaluations", 
"PSO.cpu.time", "RS.cost", "RS.gamma", "RS.data.balancing", "RS.feature.selection", 
"RS.valid.acc", "RS.test.acc", "RS.train.time", "RS.n.support.vectors", 
"RS.index", "RS.n.solutions", "RS.generations", "RS.n.evaluations", 
"RS.cpu.time", "DF.cost", "DF.gamma", "DF.data.balancing", "DF.feature.selection", 
"DF.valid.acc", "DF.test.acc", "DF.train.time", "DF.n.support.vectors", 
"DF.index", "DF.n.solutions", "DF.generations", "DF.n.evaluations", 
"DF.cpu.time", "SMBO.cost", "SMBO.gamma", "SMBO.balanced.test.accuracy"
), row.names = c(NA, -11L), class = "data.frame")
