new.sol <-
structure(list(Sampling = c(50, 55, 60, 65, 70, 75, 80, 85, 90, 
95, 100), PSO.cost = c(2.81363, 15, 9.99174, 9.63198, 9.39742, 
15, 9.0028, 4.01288, 6.88975, 14.28739, 6.86506), PSO.gamma = c(-5.42171, 
-14.35521, -8.3666, -7.32039, -7.51506, -8.63675, -8.23309, -5.97578, 
-5.86498, -10.87052, -8.17666), PSO.data.balancing = c(0, 0, 
0, 0, 0, 0, 0, 0, 0, 0, 0), PSO.feature.selection = c(0, 0, 0, 
0, 0, 0, 0, 0, 0, 0, 0), PSO.valid.acc = c(0.77112, 0.72339, 
0.74561, 0.74839, 0.75409, 0.75428, 0.73511, 0.76478, 0.74495, 
0.75285, 0.7505), PSO.test.acc = c(0.72369, 0.70088, 0.75535, 
0.74859, 0.72958, 0.72288, 0.70931, 0.7197, 0.72505, 0.73742, 
0.71832), PSO.train.time = c(0.0148, 0.0186, 0.0223, 0.0254, 
0.0266, 0.1681, 0.0244, 0.025, 0.0298, 0.0565, 0.0312), PSO.n.support.vectors = c(103.7, 
105.3, 108.4, 111.5, 121.1, 119.2, 140.3, 168.8, 153.6, 169.8, 
196.7), PSO.index = c(2281, 413, 239, 308, 329, 1107, 680, 1483, 
293, 521, 1122), PSO.n.solutions = c(1, 235, 99, 94, 57, 3, 50, 
22, 83, 9, 40), PSO.generations = c(100, 100, 100, 100, 100, 
100, 100, 100, 100, 100, 100), PSO.n.evaluations = c(2500, 2500, 
2500, 2500, 2500, 2500, 2500, 2500, 2500, 2500, 2500), PSO.cpu.time = c(6744.319, 
7097.023, 7172.449, 7301.633, 7450.68799999999, 9767.071, 7379.371, 
8323.77200000001, 8729.469, 7743.182, 7551.084), RS.cost = c(3.04312, 
14.68032, 13.47167, 9.76759, 13.88398, 13.5756, 7.21428, 4.20869, 
7.1748, 5.38998, 11.30644), RS.gamma = c(-6.11377, -13.95366, 
-10.30734, -7.45234, -9.8521, -8.03586, -7.26191, -6.12305, -6.04114, 
-7.12695, -10.45724), RS.data.balancing = c(0, 0, 0, 0, 0, 0, 
0, 0, 0, 0, 0), RS.feature.selection = c(0, 0, 0, 0, 0, 0, 0, 
0, 0, 0, 0), RS.valid.acc = c(0.76524, 0.71754, 0.74561, 0.74839, 
0.75009, 0.74242, 0.73141, 0.76478, 0.74495, 0.74992, 0.74756
), RS.test.acc = c(0.73546, 0.70088, 0.75035, 0.74859, 0.72976, 
0.71519, 0.70931, 0.7197, 0.72839, 0.73106, 0.71538), RS.train.time = c(0.0151, 
0.017, 0.0308, 0.0258, 0.0446, 0.0998, 0.0249, 0.0253, 0.0305, 
0.0285, 0.0361), RS.n.support.vectors = c(104.8, 105.4, 108.1, 
111.7, 120.5, 119.2, 142.4, 168.4, 152.9, 187.3, 191.8), RS.index = c(1223, 
180, 1368, 2110, 1433, 2244, 1703, 445, 891, 72, 507), RS.n.solutions = c(1, 
1, 2, 1, 3, 1, 2, 1, 1, 1, 2), RS.generations = c(100, 100, 100, 
100, 100, 100, 100, 100, 100, 100, 100), RS.n.evaluations = c(2500, 
2500, 2500, 2500, 2500, 2500, 2500, 2500, 2500, 2500, 2500), 
    RS.cpu.time = c(6707.339, 7156.575, 7133.651, 7109.567, 7239.80700000001, 
    7277.296, 7469.22200000001, 7492.70499999999, 7660.39899999999, 
    7730.878, 8194.986), DF.cost = c(1, 1, 1, 1, 1, 1, 1, 1, 
    1, 1, 1), DF.gamma = c(0.16667, 0.16667, 0.16667, 0.16667, 
    0.16667, 0.16667, 0.16667, 0.16667, 0.16667, 0.16667, 0.16667
    ), DF.data.balancing = c(0, 0, 0, 0, 0, 0, 0, 0, 0, 0, 0), 
    DF.feature.selection = c(0, 0, 0, 0, 0, 0, 0, 0, 0, 0, 0), 
    DF.valid.acc = c(0.69461, 0.67456, 0.67573, 0.69851, 0.67051, 
    0.68697, 0.67279, 0.68818, 0.69613, 0.71426, 0.68597), DF.test.acc = c(0.68211, 
    0.66901, 0.67075, 0.68567, 0.69622, 0.70315, 0.65057, 0.69163, 
    0.6828, 0.70262, 0.68017), DF.train.time = c(0.0142, 0.0165, 
    0.0173, 0.0182, 0.0214, 0.0233, 0.0228, 0.0257, 0.0264, 0.0297, 
    0.0327), DF.n.support.vectors = c(112.3, 125.4, 135.9, 146.9, 
    158, 168.9, 174.7, 186.2, 195.5, 207.7, 218.6), DF.index = c(1, 
    1, 1, 1, 1, 1, 1, 1, 1, 1, 1), DF.n.solutions = c(1, 1, 1, 
    1, 1, 1, 1, 1, 1, 1, 1), DF.generations = c(1, 1, 1, 1, 1, 
    1, 1, 1, 1, 1, 1), DF.n.evaluations = c(1, 1, 1, 1, 1, 1, 
    1, 1, 1, 1, 1), DF.cpu.time = c(2.533, 2.758, 2.723, 2.699, 
    2.727, 2.781, 2.797, 2.733, 2.764, 2.794, 2.915), SMBO.cost = c(3.06269033253193, 
    3.06269033253193, 3.06269033253193, 3.06269033253193, 3.06269033253193, 
    3.06269033253193, 3.06269033253193, 3.06269033253193, 3.06269033253193, 
    3.06269033253193, 3.06269033253193), SMBO.gamma = c(-4.81362482941244, 
    -4.81362482941244, -4.81362482941244, -4.81362482941244, 
    -4.81362482941244, -4.81362482941244, -4.81362482941244, 
    -4.81362482941244, -4.81362482941244, -4.81362482941244, 
    -4.81362482941244), SMBO.balanced.test.accuracy = c(0.74251483129403, 
    0.74251483129403, 0.74251483129403, 0.74251483129403, 0.74251483129403, 
    0.74251483129403, 0.74251483129403, 0.74251483129403, 0.74251483129403, 
    0.74251483129403, 0.74251483129403)), .Names = c("Sampling", 
"PSO.cost", "PSO.gamma", "PSO.data.balancing", "PSO.feature.selection", 
"PSO.valid.acc", "PSO.test.acc", "PSO.train.time", "PSO.n.support.vectors", 
"PSO.index", "PSO.n.solutions", "PSO.generations", "PSO.n.evaluations", 
"PSO.cpu.time", "RS.cost", "RS.gamma", "RS.data.balancing", "RS.feature.selection", 
"RS.valid.acc", "RS.test.acc", "RS.train.time", "RS.n.support.vectors", 
"RS.index", "RS.n.solutions", "RS.generations", "RS.n.evaluations", 
"RS.cpu.time", "DF.cost", "DF.gamma", "DF.data.balancing", "DF.feature.selection", 
"DF.valid.acc", "DF.test.acc", "DF.train.time", "DF.n.support.vectors", 
"DF.index", "DF.n.solutions", "DF.generations", "DF.n.evaluations", 
"DF.cpu.time", "SMBO.cost", "SMBO.gamma", "SMBO.balanced.test.accuracy"
), row.names = c(NA, -11L), class = "data.frame")
