new.sol <-
structure(list(Sampling = c(50, 55, 60, 65, 70, 75, 80, 85, 90, 
95, 100), PSO.cost = c(13.66458, 8.87286, 8.61334, 9.86767, 7.49225, 
4.90527, 5.21897, 11.38057, 15, 4.54981, 4.58382), PSO.gamma = c(-9.89259, 
-9.30598, -9.58328, -7.80893, -7.97561, -7.28317, -6.50994, -7.04765, 
-10.95694, -6.59601, -6.62712), PSO.data.balancing = c(0, 0, 
0, 0, 0, 0, 0, 0, 0, 0, 0), PSO.feature.selection = c(0, 0, 0, 
0, 0, 0, 0, 0, 0, 0, 0), PSO.valid.acc = c(0.78893, 0.76667, 
0.77548, 0.74795, 0.76131, 0.74569, 0.75, 0.74177, 0.74204, 0.74299, 
0.75664), PSO.test.acc = c(0.74146, 0.75556, 0.75571, 0.71158, 
0.74028, 0.74169, 0.72778, 0.72772, 0.70957, 0.7179, 0.73908), 
    PSO.train.time = c(0.0315, 0.0168, 0.0182, 0.0266, 0.0218, 
    0.0222, 0.0226, 0.0708, 0.0795, 0.0293, 0.0312), PSO.n.support.vectors = c(80.4, 
    99.8, 113.6, 112.1, 127.1, 150.9, 148.5, 136.9, 157, 184.1, 
    197.9), PSO.index = c(145, 2144, 264, 1724, 335, 795, 2094, 
    171, 1366, 995, 2082), PSO.n.solutions = c(162, 2, 79, 18, 
    60, 10, 3, 65, 3, 180, 11), PSO.generations = c(100, 100, 
    100, 100, 100, 100, 100, 100, 100, 100, 100), PSO.n.evaluations = c(2500, 
    2500, 2500, 2500, 2500, 2500, 2500, 2500, 2500, 2500, 2500
    ), PSO.cpu.time = c(7364.932, 7253.122, 7376.701, 7646.008, 
    7184.327, 7743.277, 8021.086, 9165.038, 8586.39600000001, 
    7697.38100000002, 8641.973), RS.cost = c(11.28201, 11.20635, 
    14.95649, 10.31716, 6.49153, 10.16036, 4.67985, 9.13297, 
    8.21654, 4.34078, 4.71161), RS.gamma = c(-8.58343, -10.39927, 
    -12.73533, -7.95664, -7.50033, -9.86243, -6.24018, -6.03828, 
    -7.9842, -6.48257, -6.71615), RS.data.balancing = c(0, 0, 
    0, 0, 0, 0, 0, 0, 0, 0, 0), RS.feature.selection = c(0, 0, 
    0, 0, 0, 0, 0, 0, 0, 0, 0), RS.valid.acc = c(0.78893, 0.7614, 
    0.77048, 0.7434, 0.7528, 0.74185, 0.7463, 0.73855, 0.73559, 
    0.74299, 0.75378), RS.test.acc = c(0.74702, 0.75556, 0.75571, 
    0.70704, 0.74445, 0.73385, 0.72778, 0.7276, 0.71935, 0.7179, 
    0.73908), RS.train.time = c(0.0226, 0.018, 0.025, 0.0255, 
    0.0189, 0.0239, 0.0227, 0.0441, 0.0294, 0.029, 0.0311), RS.n.support.vectors = c(80.5, 
    96.8, 107, 111.9, 128.4, 138.5, 151.9, 138.2, 163.1, 185.1, 
    197.9), RS.index = c(555, 175, 1143, 1367, 1729, 874, 723, 
    2096, 122, 1426, 709), RS.n.solutions = c(10, 11, 4, 3, 1, 
    1, 1, 2, 3, 1, 1), RS.generations = c(100, 100, 100, 100, 
    100, 100, 100, 100, 100, 100, 100), RS.n.evaluations = c(2500, 
    2500, 2500, 2500, 2500, 2500, 2500, 2500, 2500, 2500, 2500
    ), RS.cpu.time = c(7281.365, 7370.09, 7388.312, 7498.75900000001, 
    7427.86599999999, 7686.27900000001, 7968.853, 8018.32400000001, 
    8334.07499999998, 8327.28899999999, 8598.75), DF.cost = c(1, 
    1, 1, 1, 1, 1, 1, 1, 1, 1, 1), DF.gamma = c(0.16667, 0.16667, 
    0.16667, 0.16667, 0.16667, 0.16667, 0.16667, 0.16667, 0.16667, 
    0.16667, 0.16667), DF.data.balancing = c(0, 0, 0, 0, 0, 0, 
    0, 0, 0, 0, 0), DF.feature.selection = c(0, 0, 0, 0, 0, 0, 
    0, 0, 0, 0, 0), DF.valid.acc = c(0.6777, 0.68538, 0.68595, 
    0.6975, 0.71422, 0.71354, 0.69471, 0.69965, 0.67022, 0.6965, 
    0.71261), DF.test.acc = c(0.68227, 0.67427, 0.70119, 0.69771, 
    0.72291, 0.71785, 0.69815, 0.71999, 0.67688, 0.6964, 0.70672
    ), DF.train.time = c(0.0159, 0.0177, 0.0186, 0.0199, 0.0217, 
    0.026, 0.0245, 0.0261, 0.0292, 0.0297, 0.0321), DF.n.support.vectors = c(116.2, 
    128.3, 141.3, 150.5, 157.9, 167.8, 178.1, 191.1, 198.9, 205.9, 
    218.4), DF.index = c(1, 1, 1, 1, 1, 1, 1, 1, 1, 1, 1), DF.n.solutions = c(1, 
    1, 1, 1, 1, 1, 1, 1, 1, 1, 1), DF.generations = c(1, 1, 1, 
    1, 1, 1, 1, 1, 1, 1, 1), DF.n.evaluations = c(1, 1, 1, 1, 
    1, 1, 1, 1, 1, 1, 1), DF.cpu.time = c(2.817, 2.86, 2.955, 
    2.943, 2.916, 2.946, 2.929, 2.943, 2.994, 3.009, 3.036), 
    SMBO.cost = c(9.04348824855726, 9.04348824855726, 9.04348824855726, 
    9.04348824855726, 9.04348824855726, 9.04348824855726, 9.04348824855726, 
    9.04348824855726, 9.04348824855726, 9.04348824855726, 9.04348824855726
    ), SMBO.gamma = c(-7.89548385761754, -7.89548385761754, -7.89548385761754, 
    -7.89548385761754, -7.89548385761754, -7.89548385761754, 
    -7.89548385761754, -7.89548385761754, -7.89548385761754, 
    -7.89548385761754, -7.89548385761754), SMBO.balanced.test.accuracy = c(0.756260972005074, 
    0.756260972005074, 0.756260972005074, 0.756260972005074, 
    0.756260972005074, 0.756260972005074, 0.756260972005074, 
    0.756260972005074, 0.756260972005074, 0.756260972005074, 
    0.756260972005074)), .Names = c("Sampling", "PSO.cost", "PSO.gamma", 
"PSO.data.balancing", "PSO.feature.selection", "PSO.valid.acc", 
"PSO.test.acc", "PSO.train.time", "PSO.n.support.vectors", "PSO.index", 
"PSO.n.solutions", "PSO.generations", "PSO.n.evaluations", "PSO.cpu.time", 
"RS.cost", "RS.gamma", "RS.data.balancing", "RS.feature.selection", 
"RS.valid.acc", "RS.test.acc", "RS.train.time", "RS.n.support.vectors", 
"RS.index", "RS.n.solutions", "RS.generations", "RS.n.evaluations", 
"RS.cpu.time", "DF.cost", "DF.gamma", "DF.data.balancing", "DF.feature.selection", 
"DF.valid.acc", "DF.test.acc", "DF.train.time", "DF.n.support.vectors", 
"DF.index", "DF.n.solutions", "DF.generations", "DF.n.evaluations", 
"DF.cpu.time", "SMBO.cost", "SMBO.gamma", "SMBO.balanced.test.accuracy"
), row.names = c(NA, -11L), class = "data.frame")
