new.sol <-
structure(list(Sampling = c(50, 55, 60, 65, 70, 75, 80, 85, 90, 
95, 100), PSO.cost = c(15, 10.18339, 8.63453, 15, 15, 13.17861, 
7.14515, 9.65757, 10.60221, 14.42063, 7.27993), PSO.gamma = c(-8.35976, 
-8.01266, -7.971, -12.26364, -12.08511, -9.69639, -7.67931, -8.90364, 
-9.06339, -12.00042, -8.26181), PSO.data.balancing = c(0, 0, 
0, 0, 0, 0, 0, 0, 0, 0, 0), PSO.feature.selection = c(0, 0, 0, 
0, 0, 0, 0, 0, 0, 0, 0), PSO.valid.acc = c(0.74232, 0.74298, 
0.735, 0.74229, 0.76033, 0.74538, 0.75062, 0.76434, 0.75505, 
0.74264, 0.75089), PSO.test.acc = c(0.67729, 0.72222, 0.70571, 
0.72391, 0.73533, 0.73769, 0.73262, 0.74721, 0.7357, 0.73032, 
0.7303), PSO.train.time = c(0.1305, 0.0206, 0.0179, 0.0294, 0.0365, 
0.0433, 0.0244, 0.0281, 0.0309, 0.044, 0.0311), PSO.n.support.vectors = c(80.2, 
95.6, 113.9, 127.9, 131.6, 127.9, 152.2, 159.8, 165.7, 183.1, 
194.5), PSO.index = c(248, 270, 749, 2412, 1318, 300, 423, 297, 
504, 1057, 2174), PSO.n.solutions = c(346, 35, 70, 1, 1, 37, 
49, 41, 84, 11, 2), PSO.generations = c(100, 100, 100, 100, 100, 
100, 100, 100, 100, 100, 100), PSO.n.evaluations = c(2500, 2500, 
2500, 2500, 2500, 2500, 2500, 2500, 2500, 2500, 2500), PSO.cpu.time = c(8693.774, 
6574.842, 6644.771, 6625.151, 6796.611, 7158.13499999999, 7044.709, 
7030.83, 7146.952, 7456.022, 7223.209), RS.cost = c(1.42964, 
6.73531, 8.4328, 14.57676, 13.92271, 13.79689, 11.96599, 9.69185, 
3.17158, 12.97206, 9.22781), RS.gamma = c(-3.2882, -6.25105, 
-7.84, -12.50255, -11.54093, -10.06098, -10.96763, -8.92914, 
-6.10673, -11.27893, -9.31631), RS.data.balancing = c(0, 0, 0, 
0, 0, 0, 0, 0, 0, 0, 0), RS.feature.selection = c(0, 0, 0, 0, 
0, 0, 0, 0, 0, 0, 0), RS.valid.acc = c(0.74171, 0.74298, 0.735, 
0.73794, 0.75199, 0.74538, 0.74717, 0.76434, 0.75505, 0.73952, 
0.74493), RS.test.acc = c(0.71225, 0.72193, 0.71071, 0.72391, 
0.73533, 0.73769, 0.73538, 0.75054, 0.72258, 0.73032, 0.73627
), RS.train.time = c(0.0147, 0.0173, 0.0177, 0.026, 0.0318, 0.0512, 
0.0262, 0.0276, 0.0264, 0.0368, 0.0322), RS.n.support.vectors = c(105.1, 
98.9, 114.1, 129.4, 132.1, 128.4, 152.1, 160, 190.2, 183.1, 192.3
), RS.index = c(2391, 233, 299, 826, 1181, 1211, 2350, 1274, 
1750, 1091, 1745), RS.n.solutions = c(1, 1, 3, 4, 1, 2, 1, 2, 
1, 2, 2), RS.generations = c(100, 100, 100, 100, 100, 100, 100, 
100, 100, 100, 100), RS.n.evaluations = c(2500, 2500, 2500, 2500, 
2500, 2500, 2500, 2500, 2500, 2500, 2500), RS.cpu.time = c(6504.868, 
6586.802, 6661.047, 6778.696, 6843.782, 6856.435, 7061.02, 7236.133, 
7392.302, 7428.924, 7853.31399999998), DF.cost = c(1, 1, 1, 1, 
1, 1, 1, 1, 1, 1, 1), DF.gamma = c(0.16667, 0.16667, 0.16667, 
0.16667, 0.16667, 0.16667, 0.16667, 0.16667, 0.16667, 0.16667, 
0.16667), DF.data.balancing = c(0, 0, 0, 0, 0, 0, 0, 0, 0, 0, 
0), DF.feature.selection = c(0, 0, 0, 0, 0, 0, 0, 0, 0, 0, 0), 
    DF.valid.acc = c(0.68317, 0.72222, 0.68667, 0.67866, 0.68895, 
    0.71, 0.71108, 0.68473, 0.70301, 0.72436, 0.66868), DF.test.acc = c(0.71814, 
    0.67368, 0.66119, 0.67372, 0.67645, 0.72615, 0.71121, 0.70867, 
    0.70667, 0.69935, 0.67188), DF.train.time = c(0.0152, 0.0149, 
    0.0166, 0.0192, 0.0189, 0.0221, 0.0238, 0.0248, 0.0278, 0.0291, 
    0.0319), DF.n.support.vectors = c(113.5, 124, 136.8, 148.1, 
    155.5, 167, 178.6, 188.4, 201.7, 211.1, 218.9), DF.index = c(1, 
    1, 1, 1, 1, 1, 1, 1, 1, 1, 1), DF.n.solutions = c(1, 1, 1, 
    1, 1, 1, 1, 1, 1, 1, 1), DF.generations = c(1, 1, 1, 1, 1, 
    1, 1, 1, 1, 1, 1), DF.n.evaluations = c(1, 1, 1, 1, 1, 1, 
    1, 1, 1, 1, 1), DF.cpu.time = c(2.58, 2.365, 2.443, 2.652, 
    2.437, 2.626, 2.597, 2.593, 2.645, 2.662, 2.687), SMBO.cost = c(9.6237726486339, 
    9.6237726486339, 9.6237726486339, 9.6237726486339, 9.6237726486339, 
    9.6237726486339, 9.6237726486339, 9.6237726486339, 9.6237726486339, 
    9.6237726486339, 9.6237726486339), SMBO.gamma = c(-8.70970000932731, 
    -8.70970000932731, -8.70970000932731, -8.70970000932731, 
    -8.70970000932731, -8.70970000932731, -8.70970000932731, 
    -8.70970000932731, -8.70970000932731, -8.70970000932731, 
    -8.70970000932731), SMBO.balanced.test.accuracy = c(0.742209684909907, 
    0.742209684909907, 0.742209684909907, 0.742209684909907, 
    0.742209684909907, 0.742209684909907, 0.742209684909907, 
    0.742209684909907, 0.742209684909907, 0.742209684909907, 
    0.742209684909907)), .Names = c("Sampling", "PSO.cost", "PSO.gamma", 
"PSO.data.balancing", "PSO.feature.selection", "PSO.valid.acc", 
"PSO.test.acc", "PSO.train.time", "PSO.n.support.vectors", "PSO.index", 
"PSO.n.solutions", "PSO.generations", "PSO.n.evaluations", "PSO.cpu.time", 
"RS.cost", "RS.gamma", "RS.data.balancing", "RS.feature.selection", 
"RS.valid.acc", "RS.test.acc", "RS.train.time", "RS.n.support.vectors", 
"RS.index", "RS.n.solutions", "RS.generations", "RS.n.evaluations", 
"RS.cpu.time", "DF.cost", "DF.gamma", "DF.data.balancing", "DF.feature.selection", 
"DF.valid.acc", "DF.test.acc", "DF.train.time", "DF.n.support.vectors", 
"DF.index", "DF.n.solutions", "DF.generations", "DF.n.evaluations", 
"DF.cpu.time", "SMBO.cost", "SMBO.gamma", "SMBO.balanced.test.accuracy"
), row.names = c(NA, -11L), class = "data.frame")
