new.sol <-
structure(list(Sampling = c(50, 55, 60, 65, 70, 75, 80, 85, 90, 
95, 100), PSO.cost = c(10.59647, 12.12645, 14.35862, 13.95114, 
3.32219, 3.94631, 8.30804, 15, 13.18648, 14.93383, 15), PSO.gamma = c(-7.122, 
-9.556, -11.39629, -10.64986, -4.54607, -5.44364, -6.86599, -9.9608, 
-8.83306, -8.78498, -10.91183), PSO.data.balancing = c(0, 0, 
0, 0, 0, 0, 0, 0, 0, 0, 0), PSO.feature.selection = c(0, 0, 0, 
0, 0, 0, 0, 0, 0, 0, 0), PSO.valid.acc = c(0.69975, 0.70999, 
0.71009, 0.73241, 0.73949, 0.70923, 0.74272, 0.72282, 0.73929, 
0.76162, 0.73911), PSO.test.acc = c(0.67586, 0.66698, 0.68602, 
0.71443, 0.69746, 0.69385, 0.72791, 0.72984, 0.71337, 0.72752, 
0.74222), PSO.train.time = c(0.0279, 0.0247, 0.0278, 0.0376, 
0.0209, 0.0223, 0.0267, 0.128, 0.0924, 0.2828, 0.0776), PSO.n.support.vectors = c(93.3, 
110, 122.4, 129.1, 144.1, 155.5, 146.5, 149.2, 154.6, 159.6, 
176.4), PSO.index = c(486, 135, 339, 159, 649, 239, 254, 299, 
1374, 1559, 1207), PSO.n.solutions = c(83, 248, 96, 141, 39, 
105, 226, 90, 14, 2, 5), PSO.generations = c(100, 100, 100, 100, 
100, 100, 100, 100, 100, 100, 100), PSO.n.evaluations = c(2500, 
2500, 2500, 2500, 2500, 2500, 2500, 2500, 2500, 2500, 2500), 
    PSO.cpu.time = c(7580.867, 7432.458, 7605.719, 7917.897, 
    7750.03400000001, 7776.95199999999, 7838.87700000001, 9959.37699999999, 
    9183.89200000001, 11336.23, 8927.33800000002), RS.cost = c(10.51754, 
    11.87278, 13.76537, 9.10148, 8.49215, 5.15325, 7.83172, 14.17245, 
    5.05315, 13.8787, 11.46387), RS.gamma = c(-7.08243, -9.38078, 
    -11.06763, -8.0692, -7.45009, -6.39771, -6.70304, -9.57843, 
    -5.67534, -8.40186, -9.23299), RS.data.balancing = c(0, 0, 
    0, 0, 0, 0, 0, 0, 0, 0, 0), RS.feature.selection = c(0, 0, 
    0, 0, 0, 0, 0, 0, 0, 0, 0), RS.valid.acc = c(0.69975, 0.70999, 
    0.71009, 0.73241, 0.73514, 0.70923, 0.74272, 0.71938, 0.73908, 
    0.75537, 0.73617), RS.test.acc = c(0.68174, 0.66171, 0.69078, 
    0.71443, 0.70543, 0.68585, 0.72434, 0.72626, 0.72274, 0.72146, 
    0.74222), RS.train.time = c(0.0277, 0.0231, 0.0268, 0.023, 
    0.0236, 0.0242, 0.03, 0.0945, 0.028, 0.1838, 0.0436), RS.n.support.vectors = c(93.5, 
    109.5, 122.3, 129.8, 135.6, 154.8, 147.9, 149.3, 167.9, 160.5, 
    178.8), RS.index = c(1429, 364, 1121, 1231, 675, 105, 1149, 
    1196, 1412, 1013, 36), RS.n.solutions = c(1, 2, 3, 6, 2, 
    6, 1, 1, 1, 2, 4), RS.generations = c(100, 100, 100, 100, 
    100, 100, 100, 100, 100, 100, 100), RS.n.evaluations = c(2500, 
    2500, 2500, 2500, 2500, 2500, 2500, 2500, 2500, 2500, 2500
    ), RS.cpu.time = c(7375.298, 7531.021, 7581.784, 7714.838, 
    7754.174, 7876.777, 8326.64, 8211.208, 8380.42999999999, 
    8514.91899999999, 8705.94199999998), DF.cost = c(1, 1, 1, 
    1, 1, 1, 1, 1, 1, 1, 1), DF.gamma = c(0.16667, 0.16667, 0.16667, 
    0.16667, 0.16667, 0.16667, 0.16667, 0.16667, 0.16667, 0.16667, 
    0.16667), DF.data.balancing = c(0, 0, 0, 0, 0, 0, 0, 0, 0, 
    0, 0), DF.feature.selection = c(0, 0, 0, 0, 0, 0, 0, 0, 0, 
    0, 0), DF.valid.acc = c(0.64608, 0.62864, 0.65599, 0.64249, 
    0.64257, 0.65138, 0.69152, 0.68153, 0.69607, 0.70847, 0.70978
    ), DF.test.acc = c(0.63533, 0.60729, 0.66149, 0.63794, 0.64692, 
    0.67462, 0.68836, 0.68488, 0.69274, 0.69966, 0.70432), DF.train.time = c(0.016, 
    0.0173, 0.0194, 0.0188, 0.0212, 0.0221, 0.0237, 0.0273, 0.0268, 
    0.0309, 0.0328), DF.n.support.vectors = c(116.9, 127.2, 139.8, 
    149.9, 161.7, 173.3, 183.1, 193.5, 201.4, 211.2, 217.6), 
    DF.index = c(1, 1, 1, 1, 1, 1, 1, 1, 1, 1, 1), DF.n.solutions = c(1, 
    1, 1, 1, 1, 1, 1, 1, 1, 1, 1), DF.generations = c(1, 1, 1, 
    1, 1, 1, 1, 1, 1, 1, 1), DF.n.evaluations = c(1, 1, 1, 1, 
    1, 1, 1, 1, 1, 1, 1), DF.cpu.time = c(2.86, 2.844, 2.903, 
    2.931, 2.886, 2.937, 3.046, 2.97, 2.973, 2.965, 3.006), SMBO.cost = c(14.5085762256989, 
    14.5085762256989, 14.5085762256989, 14.5085762256989, 14.5085762256989, 
    14.5085762256989, 14.5085762256989, 14.5085762256989, 14.5085762256989, 
    14.5085762256989, 14.5085762256989), SMBO.gamma = c(-11.3337287865439, 
    -11.3337287865439, -11.3337287865439, -11.3337287865439, 
    -11.3337287865439, -11.3337287865439, -11.3337287865439, 
    -11.3337287865439, -11.3337287865439, -11.3337287865439, 
    -11.3337287865439), SMBO.balanced.test.accuracy = c(0.735613008591113, 
    0.735613008591113, 0.735613008591113, 0.735613008591113, 
    0.735613008591113, 0.735613008591113, 0.735613008591113, 
    0.735613008591113, 0.735613008591113, 0.735613008591113, 
    0.735613008591113)), .Names = c("Sampling", "PSO.cost", "PSO.gamma", 
"PSO.data.balancing", "PSO.feature.selection", "PSO.valid.acc", 
"PSO.test.acc", "PSO.train.time", "PSO.n.support.vectors", "PSO.index", 
"PSO.n.solutions", "PSO.generations", "PSO.n.evaluations", "PSO.cpu.time", 
"RS.cost", "RS.gamma", "RS.data.balancing", "RS.feature.selection", 
"RS.valid.acc", "RS.test.acc", "RS.train.time", "RS.n.support.vectors", 
"RS.index", "RS.n.solutions", "RS.generations", "RS.n.evaluations", 
"RS.cpu.time", "DF.cost", "DF.gamma", "DF.data.balancing", "DF.feature.selection", 
"DF.valid.acc", "DF.test.acc", "DF.train.time", "DF.n.support.vectors", 
"DF.index", "DF.n.solutions", "DF.generations", "DF.n.evaluations", 
"DF.cpu.time", "SMBO.cost", "SMBO.gamma", "SMBO.balanced.test.accuracy"
), row.names = c(NA, -11L), class = "data.frame")
