new.sol <-
structure(list(Sampling = c(50, 55, 60, 65, 70, 75, 80, 85, 90, 
95, 100), PSO.cost = c(6.25063, 7.34205, 7.23289, 11.67727, 11.04996, 
12.02175, 14.42846, 15, 5.50039, 4.13077, 15), PSO.gamma = c(-7.09232, 
-8.2491, -5.90467, -12.09237, -9.39905, -9.7867, -11.87735, -11.20414, 
-6.55905, -5.063, -11.9969), PSO.data.balancing = c(0, 0, 0, 
0, 0, 0, 0, 0, 0, 0, 0), PSO.feature.selection = c(0, 0, 0, 0, 
0, 0, 0, 0, 0, 0, 0), PSO.valid.acc = c(0.68697, 0.68956, 0.71095, 
0.72578, 0.73134, 0.72538, 0.73112, 0.73552, 0.7514, 0.75848, 
0.75364), PSO.test.acc = c(0.65204, 0.66237, 0.68167, 0.67179, 
0.69764, 0.70938, 0.73524, 0.7429, 0.72903, 0.73339, 0.7417), 
    PSO.train.time = c(0.0152, 0.0165, 0.02, 0.02, 0.025, 0.0311, 
    0.0364, 0.0549, 0.0261, 0.0274, 0.0544), PSO.n.support.vectors = c(109.8, 
    118.1, 115.9, 138, 136, 141.2, 156.9, 155.1, 173.1, 180.4, 
    187.6), PSO.index = c(316, 1052, 502, 1229, 414, 610, 425, 
    261, 2158, 654, 838), PSO.n.solutions = c(131, 177, 324, 
    14, 33, 102, 29, 91, 8, 107, 13), PSO.generations = c(100, 
    100, 100, 100, 100, 100, 100, 100, 100, 100, 100), PSO.n.evaluations = c(2500, 
    2500, 2500, 2500, 2500, 2500, 2500, 2500, 2500, 2500, 2500
    ), PSO.cpu.time = c(6635.556, 6823.532, 6975.154, 6916.784, 
    7072.056, 7251.77200000001, 7121.338, 7497.38400000001, 7828.19500000001, 
    7406.61300000001, 7648.82900000003), RS.cost = c(6.4868, 
    7.34906, 2.06256, 11.77191, 11.20597, 13.93699, 14.81293, 
    3.68827, 6.06111, 3.97234, 14.6327), RS.gamma = c(-7.36335, 
    -8.25013, -3.8773, -12.1273, -9.50242, -10.75024, -12.06999, 
    -6.74756, -7.01845, -5.28432, -11.80709), RS.data.balancing = c(0, 
    0, 0, 0, 0, 0, 0, 0, 0, 0, 0), RS.feature.selection = c(0, 
    0, 0, 0, 0, 0, 0, 0, 0, 0, 0), RS.valid.acc = c(0.68109, 
    0.68956, 0.71119, 0.72578, 0.73134, 0.72538, 0.72741, 0.74337, 
    0.74817, 0.75829, 0.75061), RS.test.acc = c(0.64579, 0.66237, 
    0.68167, 0.67655, 0.69764, 0.70938, 0.73894, 0.69507, 0.73215, 
    0.73954, 0.7417), RS.train.time = c(0.0156, 0.0162, 0.0173, 
    0.02, 0.0253, 0.04, 0.0386, 0.0244, 0.0263, 0.0279, 0.052
    ), RS.n.support.vectors = c(109.9, 118.1, 132.9, 137.7, 136.3, 
    140.4, 157, 182.7, 173, 183.7, 187.5), RS.index = c(921, 
    1112, 672, 2285, 1356, 146, 1246, 2095, 836, 275, 1913), 
    RS.n.solutions = c(2, 1, 2, 1, 1, 1, 3, 1, 2, 2, 1), RS.generations = c(100, 
    100, 100, 100, 100, 100, 100, 100, 100, 100, 100), RS.n.evaluations = c(2500, 
    2500, 2500, 2500, 2500, 2500, 2500, 2500, 2500, 2500, 2500
    ), RS.cpu.time = c(6807.048, 6892.567, 6974.513, 6981.797, 
    7073.423, 7189.33799999999, 7317.473, 7507.302, 7615.787, 
    7803.28699999998, 7959.68299999999), DF.cost = c(1, 1, 1, 
    1, 1, 1, 1, 1, 1, 1, 1), DF.gamma = c(0.16667, 0.16667, 0.16667, 
    0.16667, 0.16667, 0.16667, 0.16667, 0.16667, 0.16667, 0.16667, 
    0.16667), DF.data.balancing = c(0, 0, 0, 0, 0, 0, 0, 0, 0, 
    0, 0), DF.feature.selection = c(0, 0, 0, 0, 0, 0, 0, 0, 0, 
    0, 0), DF.valid.acc = c(0.62185, 0.60886, 0.62833, 0.66679, 
    0.6721, 0.67385, 0.67609, 0.67031, 0.69892, 0.68424, 0.70926
    ), DF.test.acc = c(0.61597, 0.64661, 0.62762, 0.68833, 0.6808, 
    0.674, 0.66083, 0.66401, 0.69946, 0.71217, 0.69792), DF.train.time = c(0.016, 
    0.0166, 0.0181, 0.0184, 0.0208, 0.0212, 0.0227, 0.0249, 0.0262, 
    0.0285, 0.0304), DF.n.support.vectors = c(125.6, 136.9, 145, 
    155.4, 164.4, 173.6, 184.6, 191.2, 199.9, 210, 219.2), DF.index = c(1, 
    1, 1, 1, 1, 1, 1, 1, 1, 1, 1), DF.n.solutions = c(1, 1, 1, 
    1, 1, 1, 1, 1, 1, 1, 1), DF.generations = c(1, 1, 1, 1, 1, 
    1, 1, 1, 1, 1, 1), DF.n.evaluations = c(1, 1, 1, 1, 1, 1, 
    1, 1, 1, 1, 1), DF.cpu.time = c(2.687, 2.645, 2.62, 2.619, 
    2.62, 2.675, 2.689, 2.704, 2.685, 2.723, 2.709), SMBO.cost = c(6.75079252183698, 
    6.75079252183698, 6.75079252183698, 6.75079252183698, 6.75079252183698, 
    6.75079252183698, 6.75079252183698, 6.75079252183698, 6.75079252183698, 
    6.75079252183698, 6.75079252183698), SMBO.gamma = c(-7.43657361971463, 
    -7.43657361971463, -7.43657361971463, -7.43657361971463, 
    -7.43657361971463, -7.43657361971463, -7.43657361971463, 
    -7.43657361971463, -7.43657361971463, -7.43657361971463, 
    -7.43657361971463), SMBO.balanced.test.accuracy = c(0.743156868695952, 
    0.743156868695952, 0.743156868695952, 0.743156868695952, 
    0.743156868695952, 0.743156868695952, 0.743156868695952, 
    0.743156868695952, 0.743156868695952, 0.743156868695952, 
    0.743156868695952)), .Names = c("Sampling", "PSO.cost", "PSO.gamma", 
"PSO.data.balancing", "PSO.feature.selection", "PSO.valid.acc", 
"PSO.test.acc", "PSO.train.time", "PSO.n.support.vectors", "PSO.index", 
"PSO.n.solutions", "PSO.generations", "PSO.n.evaluations", "PSO.cpu.time", 
"RS.cost", "RS.gamma", "RS.data.balancing", "RS.feature.selection", 
"RS.valid.acc", "RS.test.acc", "RS.train.time", "RS.n.support.vectors", 
"RS.index", "RS.n.solutions", "RS.generations", "RS.n.evaluations", 
"RS.cpu.time", "DF.cost", "DF.gamma", "DF.data.balancing", "DF.feature.selection", 
"DF.valid.acc", "DF.test.acc", "DF.train.time", "DF.n.support.vectors", 
"DF.index", "DF.n.solutions", "DF.generations", "DF.n.evaluations", 
"DF.cpu.time", "SMBO.cost", "SMBO.gamma", "SMBO.balanced.test.accuracy"
), row.names = c(NA, -11L), class = "data.frame")
