new.sol <-
structure(list(Sampling = c(50, 55, 60, 65, 70, 75, 80, 85, 90, 
95, 100), PSO.cost = c(3.71749, 13.48718, -1.64411, 8.27152, 
12.84164, 12.91779, 9.64535, 5.92472, 14.58459, 3.43767, 2.01685
), PSO.gamma = c(-4.66541, -10.18058, -0.67552, -6.549, -14.27091, 
-8.36579, -9.67171, -4.26633, -6.77556, -2.52094, -1.68119), 
    PSO.data.balancing = c(0, 0, 0, 0, 0, 0, 0, 0, 0, 0, 0), 
    PSO.feature.selection = c(0, 0, 0, 0, 0, 0, 0, 0, 0, 0, 0
    ), PSO.valid.acc = c(0.56167, 0.40952, 0.48036, 0.47798, 
    0.48452, 0.53333, 0.53111, 0.52, 0.59778, 0.51864, 0.52894
    ), PSO.test.acc = c(0.495, 0.35714, 0.4494, 0.47857, 0.46448, 
    0.43472, 0.51889, 0.44556, 0.52758, 0.49455, 0.46333), PSO.train.time = c(0.0115, 
    0.0139, 0.012, 0.0136, 0.013, 0.0235, 0.0147, 0.0155, 0.0986, 
    0.0145, 0.0148), PSO.n.support.vectors = c(41.4, 43.6, 53.6, 
    52.6, 59.2, 59.6, 64.7, 67.3, 67.8, 79.4, 82.2), PSO.index = c(651, 
    4, 869, 535, 98, 74, 130, 427, 619, 1780, 915), PSO.n.solutions = c(265, 
    113, 155, 48, 258, 236, 297, 52, 265, 11, 24), PSO.generations = c(100, 
    100, 100, 100, 100, 100, 100, 100, 100, 100, 100), PSO.n.evaluations = c(2500, 
    2500, 2500, 2500, 2500, 2500, 2500, 2500, 2500, 2500, 2500
    ), PSO.cpu.time = c(7995.272, 7894.484, 7853.422, 7872.022, 
    7902.04300000001, 8224.44899999999, 7995, 8260.704, 9113.659, 
    8107.03099999999, 7960.329), RS.cost = c(3.26275, 0.71994, 
    -1.35562, 10.565, 2.80561, 4.89665, 1.81103, 5.91665, 14.77806, 
    3.50457, 1.6191), RS.gamma = c(-4.53748, -0.96144, -0.54709, 
    -7.79747, -3.09512, -4.77723, -3.02778, -4.29336, -6.78191, 
    -2.53982, -2.12568), RS.data.balancing = c(0, 0, 0, 0, 0, 
    0, 0, 0, 0, 0, 0), RS.feature.selection = c(0, 0, 0, 0, 0, 
    0, 0, 0, 0, 0, 0), RS.valid.acc = c(0.545, 0.40952, 0.45179, 
    0.47798, 0.49385, 0.53333, 0.54222, 0.52, 0.58944, 0.50955, 
    0.52061), RS.test.acc = c(0.495, 0.40714, 0.40179, 0.47857, 
    0.4377, 0.47083, 0.51917, 0.44556, 0.51924, 0.49455, 0.47409
    ), RS.train.time = c(0.0121, 0.0123, 0.0121, 0.0143, 0.0131, 
    0.0135, 0.0134, 0.015, 0.1113, 0.0147, 0.0144), RS.n.support.vectors = c(42, 
    46.9, 53.6, 52.3, 59.5, 61.9, 68.5, 67.3, 68.1, 79.1, 82.1
    ), RS.index = c(140, 82, 820, 165, 788, 499, 1780, 1593, 
    757, 1543, 350), RS.n.solutions = c(6, 27, 2, 2, 1, 7, 1, 
    3, 1, 1, 2), RS.generations = c(100, 100, 100, 100, 100, 
    100, 100, 100, 100, 100, 100), RS.n.evaluations = c(2500, 
    2500, 2500, 2500, 2500, 2500, 2500, 2500, 2500, 2500, 2500
    ), RS.cpu.time = c(7929.73, 7840.972, 7953.115, 7860.93700000001, 
    8061.24399999999, 7949.26700000001, 8131.51300000001, 8214.29100000001, 
    8067.24699999997, 8074.84, 7931.524), DF.cost = c(1, 1, 1, 
    1, 1, 1, 1, 1, 1, 1, 1), DF.gamma = c(0.2, 0.2, 0.2, 0.2, 
    0.2, 0.2, 0.2, 0.2, 0.2, 0.2, 0.2), DF.data.balancing = c(0, 
    0, 0, 0, 0, 0, 0, 0, 0, 0, 0), DF.feature.selection = c(0, 
    0, 0, 0, 0, 0, 0, 0, 0, 0, 0), DF.valid.acc = c(0.49667, 
    0.3119, 0.35357, 0.4, 0.4252, 0.42639, 0.46306, 0.44444, 
    0.52278, 0.47136, 0.44591), DF.test.acc = c(0.49167, 0.34286, 
    0.33988, 0.45536, 0.40774, 0.45833, 0.49917, 0.45111, 0.48424, 
    0.46727, 0.45697), DF.train.time = c(0.0113, 0.0119, 0.0116, 
    0.0124, 0.0127, 0.0129, 0.0133, 0.0139, 0.0138, 0.0139, 0.0139
    ), DF.n.support.vectors = c(43.8, 47.5, 52.1, 57.4, 62.1, 
    66.2, 70.6, 75, 79.7, 85, 85.9), DF.index = c(1, 1, 1, 1, 
    1, 1, 1, 1, 1, 1, 1), DF.n.solutions = c(1, 1, 1, 1, 1, 1, 
    1, 1, 1, 1, 1), DF.generations = c(1, 1, 1, 1, 1, 1, 1, 1, 
    1, 1, 1), DF.n.evaluations = c(1, 1, 1, 1, 1, 1, 1, 1, 1, 
    1, 1), DF.cpu.time = c(3.104, 3.181, 3.077, 3.146, 3.115, 
    3.092, 3.112, 3.255, 3.204, 3.142, 3.089), SMBO.cost = c(3.5994457161575, 
    3.5994457161575, 3.5994457161575, 3.5994457161575, 3.5994457161575, 
    3.5994457161575, 3.5994457161575, 3.5994457161575, 3.5994457161575, 
    3.5994457161575, 3.5994457161575), SMBO.gamma = c(-5.29098512178141, 
    -5.29098512178141, -5.29098512178141, -5.29098512178141, 
    -5.29098512178141, -5.29098512178141, -5.29098512178141, 
    -5.29098512178141, -5.29098512178141, -5.29098512178141, 
    -5.29098512178141), SMBO.balanced.test.accuracy = c(0.634499142832476, 
    0.634499142832476, 0.634499142832476, 0.634499142832476, 
    0.634499142832476, 0.634499142832476, 0.634499142832476, 
    0.634499142832476, 0.634499142832476, 0.634499142832476, 
    0.634499142832476)), .Names = c("Sampling", "PSO.cost", "PSO.gamma", 
"PSO.data.balancing", "PSO.feature.selection", "PSO.valid.acc", 
"PSO.test.acc", "PSO.train.time", "PSO.n.support.vectors", "PSO.index", 
"PSO.n.solutions", "PSO.generations", "PSO.n.evaluations", "PSO.cpu.time", 
"RS.cost", "RS.gamma", "RS.data.balancing", "RS.feature.selection", 
"RS.valid.acc", "RS.test.acc", "RS.train.time", "RS.n.support.vectors", 
"RS.index", "RS.n.solutions", "RS.generations", "RS.n.evaluations", 
"RS.cpu.time", "DF.cost", "DF.gamma", "DF.data.balancing", "DF.feature.selection", 
"DF.valid.acc", "DF.test.acc", "DF.train.time", "DF.n.support.vectors", 
"DF.index", "DF.n.solutions", "DF.generations", "DF.n.evaluations", 
"DF.cpu.time", "SMBO.cost", "SMBO.gamma", "SMBO.balanced.test.accuracy"
), row.names = c(NA, -11L), class = "data.frame")
