new.sol <-
structure(list(Sampling = c(50, 55, 60, 65, 70, 75, 80, 85, 90, 
95, 100), PSO.cost = c(13.75938, 14.57814, 15, 15, 9.9291, 15, 
12.38442, 9.64142, 15, 13.12167, 6.59903), PSO.gamma = c(-11.18997, 
-7.70393, -15, -12.40151, -8.5042, -10.11304, -9.53881, -8.42137, 
-9.89137, -8.32479, -4.65323), PSO.data.balancing = c(0, 0, 0, 
0, 0, 0, 0, 0, 0, 0, 0), PSO.feature.selection = c(0, 0, 0, 0, 
0, 0, 0, 0, 0, 0, 0), PSO.valid.acc = c(0.52667, 0.55857, 0.48869, 
0.51429, 0.50079, 0.57976, 0.56, 0.50566, 0.53258, 0.51682, 0.55364
), PSO.test.acc = c(0.43, 0.49429, 0.46131, 0.49306, 0.47083, 
0.53532, 0.48222, 0.45434, 0.49884, 0.49788, 0.52636), PSO.train.time = c(0.0145, 
0.03, 0.0145, 0.0201, 0.0148, 0.0298, 0.0186, 0.0162, 0.0398, 
0.0319, 0.0164), PSO.n.support.vectors = c(38.6, 39.8, 48.7, 
51, 55.7, 58.9, 63.3, 65.9, 72.1, 74.5, 76.5), PSO.index = c(1068, 
445, 52, 105, 27, 355, 560, 366, 957, 477, 1639), PSO.n.solutions = c(3, 
185, 1584, 811, 169, 101, 162, 67, 56, 78, 18), PSO.generations = c(100, 
100, 100, 100, 100, 100, 100, 100, 100, 100, 100), PSO.n.evaluations = c(2500, 
2500, 2500, 2500, 2500, 2500, 2500, 2500, 2500, 2500, 2500), 
    PSO.cpu.time = c(8733.527, 9013.516, 8733.671, 8638.63, 8479.626, 
    10966.205, 8249.628, 8245.461, 8383.489, 8719.255, 8698.44500000001
    ), RS.cost = c(9.01795, 14.61175, 10.82458, 12.45208, 9.83303, 
    14.07693, 12.52936, 11.41689, 13.03233, 14.359, 8.8444), 
    RS.gamma = c(-8.92594, -7.71582, -10.674, -11.03471, -8.40679, 
    -9.97805, -9.64156, -9.2921, -8.80266, -8.9459, -5.56907), 
    RS.data.balancing = c(0, 0, 0, 0, 0, 0, 0, 0, 0, 0, 0), RS.feature.selection = c(0, 
    0, 0, 0, 0, 0, 0, 0, 0, 0, 0), RS.valid.acc = c(0.52667, 
    0.55857, 0.48869, 0.51111, 0.50079, 0.57976, 0.56, 0.49657, 
    0.53182, 0.51682, 0.54455), RS.test.acc = c(0.42667, 0.49429, 
    0.47798, 0.50734, 0.47083, 0.53532, 0.49333, 0.47545, 0.49884, 
    0.48788, 0.51727), RS.train.time = c(0.0156, 0.0311, 0.0138, 
    0.0145, 0.0143, 0.0257, 0.0185, 0.0163, 0.026, 0.0442, 0.0202
    ), RS.n.support.vectors = c(39.7, 39.9, 48.7, 51.2, 55.9, 
    59.5, 63.3, 65.5, 72.3, 74.3, 75.5), RS.index = c(1443, 480, 
    52, 520, 1006, 239, 256, 1172, 1872, 87, 116), RS.n.solutions = c(2, 
    1, 56, 2, 5, 3, 5, 2, 2, 1, 14), RS.generations = c(100, 
    100, 100, 100, 100, 100, 100, 100, 100, 100, 100), RS.n.evaluations = c(2500, 
    2500, 2500, 2500, 2500, 2500, 2500, 2500, 2500, 2500, 2500
    ), RS.cpu.time = c(8715.246, 8638.677, 8740.82900000001, 
    8467.255, 8517.224, 10702.409, 8143.11499999999, 8083.253, 
    8276.25100000002, 8458.54800000001, 8473.258), DF.cost = c(1, 
    1, 1, 1, 1, 1, 1, 1, 1, 1, 1), DF.gamma = c(0.2, 0.2, 0.2, 
    0.2, 0.2, 0.2, 0.2, 0.2, 0.2, 0.2, 0.2), DF.data.balancing = c(0, 
    0, 0, 0, 0, 0, 0, 0, 0, 0, 0), DF.feature.selection = c(0, 
    0, 0, 0, 0, 0, 0, 0, 0, 0, 0), DF.valid.acc = c(0.30667, 
    0.46, 0.33929, 0.4119, 0.44583, 0.51032, 0.49167, 0.39303, 
    0.4551, 0.385, 0.45778), DF.test.acc = c(0.36667, 0.46, 0.38452, 
    0.50179, 0.42044, 0.49087, 0.45944, 0.47323, 0.47455, 0.40182, 
    0.47081), DF.train.time = c(0.0112, 0.0123, 0.0123, 0.0119, 
    0.0129, 0.0123, 0.0138, 0.0139, 0.015, 0.0152, 0.0168), DF.n.support.vectors = c(43.2, 
    47.2, 52.7, 57.1, 61.3, 66, 71.1, 74.5, 80.8, 85, 86.1), 
    DF.index = c(1, 1, 1, 1, 1, 1, 1, 1, 1, 1, 1), DF.n.solutions = c(1, 
    1, 1, 1, 1, 1, 1, 1, 1, 1, 1), DF.generations = c(1, 1, 1, 
    1, 1, 1, 1, 1, 1, 1, 1), DF.n.evaluations = c(1, 1, 1, 1, 
    1, 1, 1, 1, 1, 1, 1), DF.cpu.time = c(3.385, 3.638, 3.506, 
    3.228, 3.312, 3.216, 3.238, 3.222, 3.379, 3.472, 3.288), 
    SMBO.cost = c(5.55048245513322, 5.55048245513322, 5.55048245513322, 
    5.55048245513322, 5.55048245513322, 5.55048245513322, 5.55048245513322, 
    5.55048245513322, 5.55048245513322, 5.55048245513322, 5.55048245513322
    ), SMBO.gamma = c(-8.09900124218589, -8.09900124218589, -8.09900124218589, 
    -8.09900124218589, -8.09900124218589, -8.09900124218589, 
    -8.09900124218589, -8.09900124218589, -8.09900124218589, 
    -8.09900124218589, -8.09900124218589), SMBO.balanced.test.accuracy = c(0.574719688445179, 
    0.574719688445179, 0.574719688445179, 0.574719688445179, 
    0.574719688445179, 0.574719688445179, 0.574719688445179, 
    0.574719688445179, 0.574719688445179, 0.574719688445179, 
    0.574719688445179)), .Names = c("Sampling", "PSO.cost", "PSO.gamma", 
"PSO.data.balancing", "PSO.feature.selection", "PSO.valid.acc", 
"PSO.test.acc", "PSO.train.time", "PSO.n.support.vectors", "PSO.index", 
"PSO.n.solutions", "PSO.generations", "PSO.n.evaluations", "PSO.cpu.time", 
"RS.cost", "RS.gamma", "RS.data.balancing", "RS.feature.selection", 
"RS.valid.acc", "RS.test.acc", "RS.train.time", "RS.n.support.vectors", 
"RS.index", "RS.n.solutions", "RS.generations", "RS.n.evaluations", 
"RS.cpu.time", "DF.cost", "DF.gamma", "DF.data.balancing", "DF.feature.selection", 
"DF.valid.acc", "DF.test.acc", "DF.train.time", "DF.n.support.vectors", 
"DF.index", "DF.n.solutions", "DF.generations", "DF.n.evaluations", 
"DF.cpu.time", "SMBO.cost", "SMBO.gamma", "SMBO.balanced.test.accuracy"
), row.names = c(NA, -11L), class = "data.frame")
