new.sol <-
structure(list(Sampling = c(50, 55, 60, 65, 70, 75, 80, 85, 90, 
95, 100), PSO.cost = c(7.84263, 14.28446, 15, 6.22128, 10.75071, 
11.50795, 3.76737, 2.64903, 9.68643, 5.95517, 14.28343), PSO.gamma = c(-8.02367, 
-9.21503, -11.03418, -5.62249, -6.67052, -7.93018, -3.70635, 
-2.83128, -6.11911, -6.0796, -8.67685), PSO.data.balancing = c(0, 
0, 0, 0, 0, 0, 0, 0, 0, 0, 0), PSO.feature.selection = c(0, 0, 
0, 0, 0, 0, 0, 0, 0, 0, 0), PSO.valid.acc = c(0.56, 0.67857, 
0.53155, 0.57262, 0.56111, 0.53036, 0.52222, 0.61343, 0.57657, 
0.53561, 0.51682), PSO.test.acc = c(0.48333, 0.63095, 0.45179, 
0.46667, 0.57044, 0.47425, 0.44, 0.56485, 0.51232, 0.51894, 0.47833
), PSO.train.time = c(0.01, 0.0182, 0.0172, 0.0115, 0.0193, 0.0164, 
0.0122, 0.012, 0.0191, 0.0132, 0.0459), PSO.n.support.vectors = c(39.4, 
40.9, 45.8, 52.1, 54.8, 60, 66.9, 71.4, 71.5, 78.1, 75.6), PSO.index = c(59, 
566, 290, 253, 150, 536, 87, 717, 1753, 143, 393), PSO.n.solutions = c(461, 
31, 140, 295, 328, 42, 276, 257, 22, 104, 73), PSO.generations = c(100, 
100, 100, 100, 100, 100, 100, 100, 100, 100, 100), PSO.n.evaluations = c(2500, 
2500, 2500, 2500, 2500, 2500, 2500, 2500, 2500, 2500, 2500), 
    PSO.cpu.time = c(6672.073, 6811.425, 6922.34, 8322.00999999999, 
    7424.557, 7011.40300000001, 6952.427, 6921.65000000001, 7349.087, 
    7096.93400000001, 7401.64799999999), RS.cost = c(5.61981, 
    10.65273, 11.76816, 6.3629, 10.21032, 13.51638, 3.62063, 
    2.95632, 10.22487, 9.64928, 4.84674), RS.gamma = c(-6.66531, 
    -7.70543, -9.46075, -5.68513, -6.33723, -8.70437, -3.59062, 
    -2.99494, -6.40151, -7.84905, -3.78837), RS.data.balancing = c(0, 
    0, 0, 0, 0, 0, 0, 0, 0, 0, 0), RS.feature.selection = c(0, 
    0, 0, 0, 0, 0, 0, 0, 0, 0, 0), RS.valid.acc = c(0.54667, 
    0.66429, 0.51726, 0.57262, 0.56111, 0.52897, 0.52222, 0.60434, 
    0.57657, 0.53561, 0.51591), RS.test.acc = c(0.5, 0.64429, 
    0.45179, 0.46667, 0.57044, 0.46425, 0.475, 0.57596, 0.50232, 
    0.51803, 0.51091), RS.train.time = c(0.0124, 0.0128, 0.0122, 
    0.0133, 0.016, 0.0239, 0.0121, 0.0124, 0.0221, 0.0159, 0.0137
    ), RS.n.support.vectors = c(39.7, 41.6, 46.3, 52.1, 54.7, 
    59.2, 67.1, 71, 71.3, 77.1, 78.2), RS.index = c(2017, 861, 
    212, 107, 774, 137, 702, 397, 1019, 20, 1307), RS.n.solutions = c(2, 
    6, 9, 3, 6, 10, 5, 4, 2, 15, 2), RS.generations = c(100, 
    100, 100, 100, 100, 100, 100, 100, 100, 100, 100), RS.n.evaluations = c(2500, 
    2500, 2500, 2500, 2500, 2500, 2500, 2500, 2500, 2500, 2500
    ), RS.cpu.time = c(6662.954, 6683.619, 6716.884, 9055.84600000001, 
    6851.651, 6887.24400000001, 6916.16100000001, 6907.81300000001, 
    6919.09300000001, 6793.14199999999, 6795.77799999999), DF.cost = c(1, 
    1, 1, 1, 1, 1, 1, 1, 1, 1, 1), DF.gamma = c(0.2, 0.2, 0.2, 
    0.2, 0.2, 0.2, 0.2, 0.2, 0.2, 0.2, 0.2), DF.data.balancing = c(0, 
    0, 0, 0, 0, 0, 0, 0, 0, 0, 0), DF.feature.selection = c(0, 
    0, 0, 0, 0, 0, 0, 0, 0, 0, 0), DF.valid.acc = c(0.45333, 
    0.53238, 0.44702, 0.46607, 0.42401, 0.38302, 0.4075, 0.51556, 
    0.50955, 0.45439, 0.43212), DF.test.acc = c(0.52333, 0.49905, 
    0.43512, 0.43472, 0.40317, 0.42813, 0.40861, 0.48242, 0.52864, 
    0.46409, 0.44121), DF.train.time = c(0.0102, 0.0106, 0.0107, 
    0.013, 0.0111, 0.0113, 0.0123, 0.0122, 0.0125, 0.0128, 0.0125
    ), DF.n.support.vectors = c(42.6, 47.8, 51.9, 57.1, 61.6, 
    67.3, 71.3, 76.4, 80.4, 85.3, 85.6), DF.index = c(1, 1, 1, 
    1, 1, 1, 1, 1, 1, 1, 1), DF.n.solutions = c(1, 1, 1, 1, 1, 
    1, 1, 1, 1, 1, 1), DF.generations = c(1, 1, 1, 1, 1, 1, 1, 
    1, 1, 1, 1), DF.n.evaluations = c(1, 1, 1, 1, 1, 1, 1, 1, 
    1, 1, 1), DF.cpu.time = c(2.687, 2.701, 2.626, 3.582, 2.692, 
    2.751, 2.722, 2.699, 2.706, 2.606, 2.614), SMBO.cost = c(1.44358071146562, 
    1.44358071146562, 1.44358071146562, 1.44358071146562, 1.44358071146562, 
    1.44358071146562, 1.44358071146562, 1.44358071146562, 1.44358071146562, 
    1.44358071146562, 1.44358071146562), SMBO.gamma = c(-3.75876350955485, 
    -3.75876350955485, -3.75876350955485, -3.75876350955485, 
    -3.75876350955485, -3.75876350955485, -3.75876350955485, 
    -3.75876350955485, -3.75876350955485, -3.75876350955485, 
    -3.75876350955485), SMBO.balanced.test.accuracy = c(0.576916601916602, 
    0.576916601916602, 0.576916601916602, 0.576916601916602, 
    0.576916601916602, 0.576916601916602, 0.576916601916602, 
    0.576916601916602, 0.576916601916602, 0.576916601916602, 
    0.576916601916602)), .Names = c("Sampling", "PSO.cost", "PSO.gamma", 
"PSO.data.balancing", "PSO.feature.selection", "PSO.valid.acc", 
"PSO.test.acc", "PSO.train.time", "PSO.n.support.vectors", "PSO.index", 
"PSO.n.solutions", "PSO.generations", "PSO.n.evaluations", "PSO.cpu.time", 
"RS.cost", "RS.gamma", "RS.data.balancing", "RS.feature.selection", 
"RS.valid.acc", "RS.test.acc", "RS.train.time", "RS.n.support.vectors", 
"RS.index", "RS.n.solutions", "RS.generations", "RS.n.evaluations", 
"RS.cpu.time", "DF.cost", "DF.gamma", "DF.data.balancing", "DF.feature.selection", 
"DF.valid.acc", "DF.test.acc", "DF.train.time", "DF.n.support.vectors", 
"DF.index", "DF.n.solutions", "DF.generations", "DF.n.evaluations", 
"DF.cpu.time", "SMBO.cost", "SMBO.gamma", "SMBO.balanced.test.accuracy"
), row.names = c(NA, -11L), class = "data.frame")
