new.sol <-
structure(list(Sampling = c(50, 55, 60, 65, 70, 75, 80, 85, 90, 
95, 100), PSO.cost = c(11.83458, 11.05729, 2.79798, 13.85942, 
11.26367, 12.14511, 8.58418, 7.39994, 13.0137, 2.7532, 14.30026
), PSO.gamma = c(-11.09941, -9.56407, -4.13994, -15, -10.27232, 
-12.5354, -9.39658, -6.10556, -6.45599, -5.90707, -9.54552), 
    PSO.data.balancing = c(0, 0, 0, 0, 0, 0, 0, 0, 0, 0, 0), 
    PSO.feature.selection = c(0, 0, 0, 0, 0, 0, 0, 0, 0, 0, 0
    ), PSO.valid.acc = c(0.55667, 0.50952, 0.44167, 0.46567, 
    0.49405, 0.5023, 0.52639, 0.49859, 0.56081, 0.5151, 0.50909
    ), PSO.test.acc = c(0.48167, 0.44286, 0.41667, 0.4254, 0.4879, 
    0.48218, 0.50417, 0.44386, 0.44313, 0.49364, 0.48106), PSO.train.time = c(0.0119, 
    0.0125, 0.0113, 0.0123, 0.0135, 0.0142, 0.0137, 0.0157, 0.0546, 
    0.0141, 0.0349), PSO.n.support.vectors = c(40.2, 44.2, 52, 
    53.5, 56.1, 60.8, 64.9, 68, 68.2, 83.5, 76.6), PSO.index = c(10, 
    342, 1182, 218, 203, 94, 50, 254, 240, 2350, 84), PSO.n.solutions = c(403, 
    163, 26, 498, 176, 663, 301, 86, 122, 1, 206), PSO.generations = c(100, 
    100, 100, 100, 100, 100, 100, 100, 100, 100, 100), PSO.n.evaluations = c(2500, 
    2500, 2500, 2500, 2500, 2500, 2500, 2500, 2500, 2500, 2500
    ), PSO.cpu.time = c(7494.867, 7428.426, 7519.522, 7408.917, 
    7557.50000000001, 7654.36599999999, 7615.952, 7587.898, 8679.183, 
    7387.726, 8030.87100000001), RS.cost = c(10.43744, 8.7113, 
    10.2867, 4.2645, 9.37205, 14.99119, 3.39788, 2.80424, 12.76966, 
    2.88831, 3.56436), RS.gamma = c(-9.94729, -8.8665, -8.19776, 
    -6.20963, -9.14199, -14.99514, -5.96691, -6.09706, -6.38632, 
    -6.00168, -4.92935), RS.data.balancing = c(0, 0, 0, 0, 0, 
    0, 0, 0, 0, 0, 0), RS.feature.selection = c(0, 0, 0, 0, 0, 
    0, 0, 0, 0, 0, 0), RS.valid.acc = c(0.55667, 0.50476, 0.4375, 
    0.46885, 0.49405, 0.5023, 0.52639, 0.50354, 0.55172, 0.5151, 
    0.51152), RS.test.acc = c(0.48167, 0.42619, 0.4, 0.4004, 
    0.47718, 0.48218, 0.44833, 0.4627, 0.44313, 0.49364, 0.47439
    ), RS.train.time = c(0.0112, 0.0116, 0.0138, 0.0114, 0.0128, 
    0.0139, 0.0129, 0.0137, 0.0456, 0.0135, 0.0148), RS.n.support.vectors = c(40.7, 
    44.7, 49.8, 54.5, 56.7, 60.6, 69.1, 74.6, 68.4, 83, 80.3), 
    RS.index = c(192, 546, 16, 112, 2118, 9, 1086, 56, 525, 2125, 
    2333), RS.n.solutions = c(8, 1, 7, 1, 1, 32, 1, 1, 6, 1, 
    1), RS.generations = c(100, 100, 100, 100, 100, 100, 100, 
    100, 100, 100, 100), RS.n.evaluations = c(2500, 2500, 2500, 
    2500, 2500, 2500, 2500, 2500, 2500, 2500, 2500), RS.cpu.time = c(7389.82, 
    7463.002, 7506.008, 7477.808, 7611.482, 7613.74100000001, 
    7613.967, 7623.359, 7390.06399999998, 7708.38800000001, 7743.59599999999
    ), DF.cost = c(1, 1, 1, 1, 1, 1, 1, 1, 1, 1, 1), DF.gamma = c(0.2, 
    0.2, 0.2, 0.2, 0.2, 0.2, 0.2, 0.2, 0.2, 0.2, 0.2), DF.data.balancing = c(0, 
    0, 0, 0, 0, 0, 0, 0, 0, 0, 0), DF.feature.selection = c(0, 
    0, 0, 0, 0, 0, 0, 0, 0, 0, 0), DF.valid.acc = c(0.44333, 
    0.47619, 0.34167, 0.42044, 0.43512, 0.45468, 0.49306, 0.43929, 
    0.44515, 0.43419, 0.47258), DF.test.acc = c(0.415, 0.44524, 
    0.38512, 0.40516, 0.39246, 0.48258, 0.44694, 0.4075, 0.45515, 
    0.42212, 0.47515), DF.train.time = c(0.0109, 0.0115, 0.0119, 
    0.0118, 0.0122, 0.0127, 0.0128, 0.0132, 0.0129, 0.0139, 0.0141
    ), DF.n.support.vectors = c(43.8, 48.4, 53.2, 57.3, 62.6, 
    67.3, 71.5, 75.6, 80.1, 85.4, 85.5), DF.index = c(1, 1, 1, 
    1, 1, 1, 1, 1, 1, 1, 1), DF.n.solutions = c(1, 1, 1, 1, 1, 
    1, 1, 1, 1, 1, 1), DF.generations = c(1, 1, 1, 1, 1, 1, 1, 
    1, 1, 1, 1), DF.n.evaluations = c(1, 1, 1, 1, 1, 1, 1, 1, 
    1, 1, 1), DF.cpu.time = c(2.936, 3.075, 2.94, 3.06, 3.102, 
    3.073, 3.039, 2.902, 2.91, 2.902, 2.906), SMBO.cost = c(9.20980416765656, 
    9.20980416765656, 9.20980416765656, 9.20980416765656, 9.20980416765656, 
    9.20980416765656, 9.20980416765656, 9.20980416765656, 9.20980416765656, 
    9.20980416765656, 9.20980416765656), SMBO.gamma = c(-7.05343468331579, 
    -7.05343468331579, -7.05343468331579, -7.05343468331579, 
    -7.05343468331579, -7.05343468331579, -7.05343468331579, 
    -7.05343468331579, -7.05343468331579, -7.05343468331579, 
    -7.05343468331579), SMBO.balanced.test.accuracy = c(0.576783710117043, 
    0.576783710117043, 0.576783710117043, 0.576783710117043, 
    0.576783710117043, 0.576783710117043, 0.576783710117043, 
    0.576783710117043, 0.576783710117043, 0.576783710117043, 
    0.576783710117043)), .Names = c("Sampling", "PSO.cost", "PSO.gamma", 
"PSO.data.balancing", "PSO.feature.selection", "PSO.valid.acc", 
"PSO.test.acc", "PSO.train.time", "PSO.n.support.vectors", "PSO.index", 
"PSO.n.solutions", "PSO.generations", "PSO.n.evaluations", "PSO.cpu.time", 
"RS.cost", "RS.gamma", "RS.data.balancing", "RS.feature.selection", 
"RS.valid.acc", "RS.test.acc", "RS.train.time", "RS.n.support.vectors", 
"RS.index", "RS.n.solutions", "RS.generations", "RS.n.evaluations", 
"RS.cpu.time", "DF.cost", "DF.gamma", "DF.data.balancing", "DF.feature.selection", 
"DF.valid.acc", "DF.test.acc", "DF.train.time", "DF.n.support.vectors", 
"DF.index", "DF.n.solutions", "DF.generations", "DF.n.evaluations", 
"DF.cpu.time", "SMBO.cost", "SMBO.gamma", "SMBO.balanced.test.accuracy"
), row.names = c(NA, -11L), class = "data.frame")
