new.sol <-
structure(list(Sampling = c(50, 55, 60, 65, 70, 75, 80, 85, 90, 
95, 100), PSO.cost = c(0.66331, 4.04129, 8.22496, 15, 1.62023, 
9.78, 9.58111, 10.31769, 5.77168, 5.62691, 5.6643), PSO.gamma = c(-2.85615, 
-4.51742, -6.17357, -9.23832, -1.46257, -10.83746, -6.95864, 
-5.84532, -6.66747, -4.74858, -4.29314), PSO.data.balancing = c(0, 
0, 0, 0, 0, 0, 0, 0, 0, 0, 0), PSO.feature.selection = c(0, 0, 
0, 0, 0, 0, 0, 0, 0, 0, 0), PSO.valid.acc = c(0.49167, 0.45762, 
0.48988, 0.57143, 0.52143, 0.50833, 0.51889, 0.50061, 0.51556, 
0.56384, 0.59379), PSO.test.acc = c(0.38333, 0.33381, 0.47024, 
0.47857, 0.49107, 0.48611, 0.44111, 0.42768, 0.4698, 0.50919, 
0.53288), PSO.train.time = c(0.0116, 0.0118, 0.0126, 0.0268, 
0.015, 0.0131, 0.0163, 0.0216, 0.0145, 0.0146, 0.016), PSO.n.support.vectors = c(43.3, 
45.4, 48.6, 50.8, 59.6, 61.1, 62.6, 65.3, 73.9, 77.1, 76.9), 
    PSO.index = c(449, 164, 646, 953, 23, 61, 27, 256, 653, 1403, 
    1366), PSO.n.solutions = c(161, 45, 173, 101, 54, 200, 177, 
    199, 60, 5, 35), PSO.generations = c(100, 100, 100, 100, 
    100, 100, 100, 100, 100, 100, 100), PSO.n.evaluations = c(2500, 
    2500, 2500, 2500, 2500, 2500, 2500, 2500, 2500, 2500, 2500
    ), PSO.cpu.time = c(7241.244, 7578.416, 7514.376, 7707.207, 
    7528.359, 7443.379, 7509.289, 7683.803, 7517.303, 7416.17199999999, 
    7483.67800000001), RS.cost = c(1.26753, 14.16111, 1.06141, 
    11.76248, 1.58001, 12.62975, 10.87674, 10.12601, 8.06938, 
    5.52846, 6.02664), RS.gamma = c(-3.14124, -7.07534, -1.50727, 
    -7.61644, -1.52137, -13.50781, -7.70988, -5.94259, -6.91667, 
    -4.69895, -4.33747), RS.data.balancing = c(0, 0, 0, 0, 0, 
    0, 0, 0, 0, 0, 0), RS.feature.selection = c(0, 0, 0, 0, 0, 
    0, 0, 0, 0, 0, 0), RS.valid.acc = c(0.475, 0.45762, 0.49762, 
    0.55893, 0.50893, 0.50833, 0.51889, 0.49172, 0.50722, 0.56384, 
    0.59288), RS.test.acc = c(0.34667, 0.37, 0.46607, 0.49107, 
    0.49107, 0.49722, 0.45222, 0.42768, 0.48889, 0.5203, 0.54955
    ), RS.train.time = c(0.0121, 0.0305, 0.0152, 0.0174, 0.0123, 
    0.0148, 0.0175, 0.0216, 0.0152, 0.0153, 0.0156), RS.n.support.vectors = c(42.8, 
    39.8, 51.5, 50.9, 59.5, 60.7, 62.7, 65.9, 72.1, 77.1, 76.2
    ), RS.index = c(466, 950, 1597, 1325, 1483, 192, 269, 416, 
    336, 1845, 2177), RS.n.solutions = c(3, 2, 1, 1, 3, 10, 2, 
    3, 6, 1, 1), RS.generations = c(100, 100, 100, 100, 100, 
    100, 100, 100, 100, 100, 100), RS.n.evaluations = c(2500, 
    2500, 2500, 2500, 2500, 2500, 2500, 2500, 2500, 2500, 2500
    ), RS.cpu.time = c(7433.53, 7474.541, 7467.62, 7474.885, 
    7417.12, 7427.85100000001, 7496.91, 7516.367, 7503.00400000002, 
    7476.709, 7475.35500000001), DF.cost = c(1, 1, 1, 1, 1, 1, 
    1, 1, 1, 1, 1), DF.gamma = c(0.2, 0.2, 0.2, 0.2, 0.2, 0.2, 
    0.2, 0.2, 0.2, 0.2, 0.2), DF.data.balancing = c(0, 0, 0, 
    0, 0, 0, 0, 0, 0, 0, 0), DF.feature.selection = c(0, 0, 0, 
    0, 0, 0, 0, 0, 0, 0, 0), DF.valid.acc = c(0.455, 0.39333, 
    0.42857, 0.42282, 0.42857, 0.43472, 0.40778, 0.41414, 0.4248, 
    0.48641, 0.50323), DF.test.acc = c(0.4, 0.41952, 0.39226, 
    0.43472, 0.41567, 0.42639, 0.37444, 0.42434, 0.43737, 0.4701, 
    0.4449), DF.train.time = c(0.0106, 0.011, 0.0115, 0.012, 
    0.0124, 0.013, 0.012, 0.0134, 0.0148, 0.0139, 0.0143), DF.n.support.vectors = c(43.7, 
    48.3, 53.5, 57.7, 61, 66.1, 70.9, 76, 80.7, 85, 86.5), DF.index = c(1, 
    1, 1, 1, 1, 1, 1, 1, 1, 1, 1), DF.n.solutions = c(1, 1, 1, 
    1, 1, 1, 1, 1, 1, 1, 1), DF.generations = c(1, 1, 1, 1, 1, 
    1, 1, 1, 1, 1, 1), DF.n.evaluations = c(1, 1, 1, 1, 1, 1, 
    1, 1, 1, 1, 1), DF.cpu.time = c(2.91, 2.951, 2.932, 2.959, 
    2.903, 3.085, 2.857, 2.993, 2.982, 2.941, 2.942), SMBO.cost = c(13.0756167693494, 
    13.0756167693494, 13.0756167693494, 13.0756167693494, 13.0756167693494, 
    13.0756167693494, 13.0756167693494, 13.0756167693494, 13.0756167693494, 
    13.0756167693494, 13.0756167693494), SMBO.gamma = c(-9.33605961416868, 
    -9.33605961416868, -9.33605961416868, -9.33605961416868, 
    -9.33605961416868, -9.33605961416868, -9.33605961416868, 
    -9.33605961416868, -9.33605961416868, -9.33605961416868, 
    -9.33605961416868), SMBO.balanced.test.accuracy = c(0.603133903133903, 
    0.603133903133903, 0.603133903133903, 0.603133903133903, 
    0.603133903133903, 0.603133903133903, 0.603133903133903, 
    0.603133903133903, 0.603133903133903, 0.603133903133903, 
    0.603133903133903)), .Names = c("Sampling", "PSO.cost", "PSO.gamma", 
"PSO.data.balancing", "PSO.feature.selection", "PSO.valid.acc", 
"PSO.test.acc", "PSO.train.time", "PSO.n.support.vectors", "PSO.index", 
"PSO.n.solutions", "PSO.generations", "PSO.n.evaluations", "PSO.cpu.time", 
"RS.cost", "RS.gamma", "RS.data.balancing", "RS.feature.selection", 
"RS.valid.acc", "RS.test.acc", "RS.train.time", "RS.n.support.vectors", 
"RS.index", "RS.n.solutions", "RS.generations", "RS.n.evaluations", 
"RS.cpu.time", "DF.cost", "DF.gamma", "DF.data.balancing", "DF.feature.selection", 
"DF.valid.acc", "DF.test.acc", "DF.train.time", "DF.n.support.vectors", 
"DF.index", "DF.n.solutions", "DF.generations", "DF.n.evaluations", 
"DF.cpu.time", "SMBO.cost", "SMBO.gamma", "SMBO.balanced.test.accuracy"
), row.names = c(NA, -11L), class = "data.frame")
