new.sol <-
structure(list(Sampling = c(50, 55, 60, 65, 70, 75, 80, 85, 90, 
95, 100), PSO.cost = c(6.70701, 12.15594, 1.937, 14.54085, 15, 
13.93215, 6.32231, 15, 12.02124, 9.07005, 10.21), PSO.gamma = c(-6.323, 
-7.17358, -3.74831, -8.40347, -10.70775, -10.41694, -4.19276, 
-9.95288, -7.46725, -9.71715, -8.23627), PSO.data.balancing = c(0, 
0, 0, 0, 0, 0, 0, 0, 0, 0, 0), PSO.feature.selection = c(0, 0, 
0, 0, 0, 0, 0, 0, 0, 0, 0), PSO.valid.acc = c(0.63381, 0.62762, 
0.6, 0.61607, 0.54464, 0.56853, 0.58306, 0.52303, 0.51768, 0.51505, 
0.54545), PSO.test.acc = c(0.5731, 0.51857, 0.57143, 0.58095, 
0.5119, 0.52992, 0.55722, 0.48747, 0.45066, 0.4754, 0.48318), 
    PSO.train.time = c(0.0102, 0.0176, 0.0103, 0.0304, 0.0213, 
    0.0189, 0.0125, 0.0372, 0.0315, 0.0151, 0.018), PSO.n.support.vectors = c(36.7, 
    41.2, 48.1, 49.3, 55.7, 58.1, 62.8, 68.7, 70.6, 76.9, 76.2
    ), PSO.index = c(36, 57, 1740, 64, 150, 412, 230, 143, 124, 
    84, 233), PSO.n.solutions = c(194, 275, 3, 76, 289, 162, 
    205, 48, 434, 72, 76), PSO.generations = c(100, 100, 100, 
    100, 100, 100, 100, 100, 100, 100, 100), PSO.n.evaluations = c(2500, 
    2500, 2500, 2500, 2500, 2500, 2500, 2500, 2500, 2500, 2500
    ), PSO.cpu.time = c(6723.038, 6766.111, 6517.237, 6812.185, 
    7041.276, 6795.84400000001, 6624.19200000001, 9268.84600000001, 
    9146.814, 8744.874, 8825.17799999999), RS.cost = c(6.7706, 
    7.33608, 1.09387, 13.40159, 14.60767, 13.50604, 6.32182, 
    0.50038, 11.46485, 7.65876, 10.37492), RS.gamma = c(-6.3252, 
    -4.35306, -3.25251, -7.82852, -10.49052, -10.13777, -4.21985, 
    -2.5862, -6.98236, -4.82975, -8.36487), RS.data.balancing = c(0, 
    0, 0, 0, 0, 0, 0, 0, 0, 0, 0), RS.feature.selection = c(0, 
    0, 0, 0, 0, 0, 0, 0, 0, 0, 0), RS.valid.acc = c(0.63381, 
    0.62762, 0.6, 0.61607, 0.54464, 0.55603, 0.58306, 0.52192, 
    0.51768, 0.52525, 0.54545), RS.test.acc = c(0.5731, 0.50667, 
    0.55714, 0.58095, 0.5119, 0.53242, 0.55722, 0.48768, 0.46066, 
    0.53157, 0.48318), RS.train.time = c(0.0102, 0.0115, 0.0102, 
    0.0223, 0.0217, 0.0162, 0.0128, 0.0138, 0.0254, 0.0176, 0.0176
    ), RS.n.support.vectors = c(36.9, 41.8, 49.7, 49.3, 55.9, 
    58.2, 62.8, 74.7, 70.4, 75.6, 76.5), RS.index = c(108, 65, 
    2385, 2253, 463, 575, 990, 2153, 608, 1359, 1437), RS.n.solutions = c(15, 
    32, 1, 1, 1, 3, 1, 1, 6, 2, 6), RS.generations = c(100, 100, 
    100, 100, 100, 100, 100, 100, 100, 100, 100), RS.n.evaluations = c(2500, 
    2500, 2500, 2500, 2500, 2500, 2500, 2500, 2500, 2500, 2500
    ), RS.cpu.time = c(6718.757, 6516.375, 6570.587, 6830.745, 
    6845.798, 6670.06899999999, 6892.75, 9017.05899999999, 8862.40700000001, 
    8764.60000000001, 8726.27599999998), DF.cost = c(1, 1, 1, 
    1, 1, 1, 1, 1, 1, 1, 1), DF.gamma = c(0.2, 0.2, 0.2, 0.2, 
    0.2, 0.2, 0.2, 0.2, 0.2, 0.2, 0.2), DF.data.balancing = c(0, 
    0, 0, 0, 0, 0, 0, 0, 0, 0, 0), DF.feature.selection = c(0, 
    0, 0, 0, 0, 0, 0, 0, 0, 0, 0), DF.valid.acc = c(0.48143, 
    0.44476, 0.55476, 0.50655, 0.42718, 0.41619, 0.51639, 0.50081, 
    0.42803, 0.40414, 0.45667), DF.test.acc = c(0.49619, 0.42, 
    0.52857, 0.47798, 0.45536, 0.45548, 0.43444, 0.46545, 0.46268, 
    0.39343, 0.45076), DF.train.time = c(0.0102, 0.0101, 0.0106, 
    0.0105, 0.0112, 0.0112, 0.0136, 0.0141, 0.0138, 0.0144, 0.0145
    ), DF.n.support.vectors = c(43.2, 47.7, 51.3, 57.3, 61.7, 
    65.5, 70.4, 75.9, 79.7, 84.9, 85.5), DF.index = c(1, 1, 1, 
    1, 1, 1, 1, 1, 1, 1, 1), DF.n.solutions = c(1, 1, 1, 1, 1, 
    1, 1, 1, 1, 1, 1), DF.generations = c(1, 1, 1, 1, 1, 1, 1, 
    1, 1, 1, 1), DF.n.evaluations = c(1, 1, 1, 1, 1, 1, 1, 1, 
    1, 1, 1), DF.cpu.time = c(2.701, 2.577, 2.6, 2.721, 2.657, 
    2.63, 3.568, 3.572, 3.424, 3.442, 3.428), SMBO.cost = c(2.17071624087575, 
    2.17071624087575, 2.17071624087575, 2.17071624087575, 2.17071624087575, 
    2.17071624087575, 2.17071624087575, 2.17071624087575, 2.17071624087575, 
    2.17071624087575, 2.17071624087575), SMBO.gamma = c(-2.89694023287215, 
    -2.89694023287215, -2.89694023287215, -2.89694023287215, 
    -2.89694023287215, -2.89694023287215, -2.89694023287215, 
    -2.89694023287215, -2.89694023287215, -2.89694023287215, 
    -2.89694023287215), SMBO.balanced.test.accuracy = c(0.583499833499834, 
    0.583499833499834, 0.583499833499834, 0.583499833499834, 
    0.583499833499834, 0.583499833499834, 0.583499833499834, 
    0.583499833499834, 0.583499833499834, 0.583499833499834, 
    0.583499833499834)), .Names = c("Sampling", "PSO.cost", "PSO.gamma", 
"PSO.data.balancing", "PSO.feature.selection", "PSO.valid.acc", 
"PSO.test.acc", "PSO.train.time", "PSO.n.support.vectors", "PSO.index", 
"PSO.n.solutions", "PSO.generations", "PSO.n.evaluations", "PSO.cpu.time", 
"RS.cost", "RS.gamma", "RS.data.balancing", "RS.feature.selection", 
"RS.valid.acc", "RS.test.acc", "RS.train.time", "RS.n.support.vectors", 
"RS.index", "RS.n.solutions", "RS.generations", "RS.n.evaluations", 
"RS.cpu.time", "DF.cost", "DF.gamma", "DF.data.balancing", "DF.feature.selection", 
"DF.valid.acc", "DF.test.acc", "DF.train.time", "DF.n.support.vectors", 
"DF.index", "DF.n.solutions", "DF.generations", "DF.n.evaluations", 
"DF.cpu.time", "SMBO.cost", "SMBO.gamma", "SMBO.balanced.test.accuracy"
), row.names = c(NA, -11L), class = "data.frame")
