new.sol <-
structure(list(Sampling = c(50, 55, 60, 65, 70, 75, 80, 85, 90, 
95, 100), PSO.cost = c(0.52394, 2.87638, 1.02987, 14.97774, 0.33395, 
9.26541, -0.01777, 0.67702, 2.31987, 0.84878, 1.11101), PSO.gamma = c(-2.39075, 
-3.96284, -3.24417, -2.99342, -3.60335, -2.93144, -2.99201, -4.02296, 
-4.96054, -3.75998, -3.16251), PSO.data.balancing = c(0, 0, 0, 
0, 0, 0, 0, 0, 0, 0, 0), PSO.feature.selection = c(0, 0, 0, 0, 
0, 0, 0, 0, 0, 0, 0), PSO.valid.acc = c(0.85946, 0.88558, 0.8764, 
0.84605, 0.84258, 0.87075, 0.84555, 0.85477, 0.87386, 0.84898, 
0.86029), PSO.test.acc = c(0.84613, 0.88554, 0.86529, 0.84105, 
0.8376, 0.85356, 0.83286, 0.84708, 0.8626, 0.83863, 0.84373), 
    PSO.train.time = c(0.0357, 0.0352, 0.0407, 0.0461, 0.0474, 
    0.0566, 0.0542, 0.0531, 0.0547, 0.0633, 0.075), PSO.n.support.vectors = c(115.1, 
    96.4, 122.6, 137.8, 137, 158.5, 168.3, 146.3, 127.8, 169.8, 
    195.7), PSO.index = c(527, 112, 1819, 8, 341, 243, 2067, 
    1817, 1819, 263, 232), PSO.n.solutions = c(527, 1388, 8, 
    636, 371, 864, 1, 6, 33, 297, 509), PSO.generations = c(100, 
    100, 100, 100, 100, 100, 100, 100, 100, 100, 100), PSO.n.evaluations = c(2500, 
    2500, 2500, 2500, 2500, 2500, 2500, 2500, 2500, 2500, 2500
    ), PSO.cpu.time = c(9180.407, 9018.241, 9105.197, 9124.278, 
    9112.361, 9175.63800000001, 9289.36500000001, 9024.571, 9066.40699999998, 
    8816.73800000001, 8843.459), RS.cost = c(0.43202, 14.37521, 
    0.89163, -0.17461, 0.01077, 12.32305, 4.9961, 4.14817, 2.15271, 
    0.81257, 2.63031), RS.gamma = c(-2.43885, -3.93478, -3.3945, 
    -5.71759, -3.71628, -2.93201, -3.25904, -5.3848, -4.66842, 
    -3.67031, -4.21127), RS.data.balancing = c(0, 0, 0, 0, 0, 
    0, 0, 0, 0, 0, 0), RS.feature.selection = c(0, 0, 0, 0, 0, 
    0, 0, 0, 0, 0, 0), RS.valid.acc = c(0.85946, 0.88558, 0.87085, 
    0.84605, 0.84258, 0.87075, 0.84537, 0.85092, 0.87016, 0.84541, 
    0.85351), RS.test.acc = c(0.83946, 0.88554, 0.86529, 0.82553, 
    0.81877, 0.85356, 0.82869, 0.83969, 0.86288, 0.83161, 0.84696
    ), RS.train.time = c(0.041, 0.0383, 0.0405, 0.0393, 0.0486, 
    0.0529, 0.0548, 0.0481, 0.0567, 0.0686, 0.0659), RS.n.support.vectors = c(115.1, 
    97, 120.2, 112.5, 136, 158.4, 154.8, 106.3, 133.7, 172.4, 
    155.6), RS.index = c(103, 81, 112, 15, 1323, 267, 111, 556, 
    832, 455, 2152), RS.n.solutions = c(3, 18, 1, 28, 1, 4, 6, 
    1, 1, 4, 1), RS.generations = c(100, 100, 100, 100, 100, 
    100, 100, 100, 100, 100, 100), RS.n.evaluations = c(2500, 
    2500, 2500, 2500, 2500, 2500, 2500, 2500, 2500, 2500, 2500
    ), RS.cpu.time = c(9017.976, 8996.169, 9006.684, 8991.42400000001, 
    9069.65800000001, 9127.156, 9161.889, 9167.245, 8892.902, 
    8679.24900000001, 9023.31200000001), DF.cost = c(1, 1, 1, 
    1, 1, 1, 1, 1, 1, 1, 1), DF.gamma = c(0.03704, 0.03704, 0.03704, 
    0.03704, 0.03704, 0.03704, 0.03704, 0.03704, 0.03704, 0.03704, 
    0.03704), DF.data.balancing = c(0, 0, 0, 0, 0, 0, 0, 0, 0, 
    0, 0), DF.feature.selection = c(0, 0, 0, 0, 0, 0, 0, 0, 0, 
    0, 0), DF.valid.acc = c(0.81988, 0.83766, 0.84486, 0.82579, 
    0.82329, 0.85751, 0.82888, 0.83108, 0.84079, 0.83494, 0.84341
    ), DF.test.acc = c(0.80655, 0.84947, 0.84486, 0.82579, 0.81424, 
    0.84842, 0.8287, 0.83523, 0.83709, 0.83173, 0.84019), DF.train.time = c(0.0345, 
    0.0368, 0.0359, 0.0399, 0.047, 0.0442, 0.0501, 0.0495, 0.0536, 
    0.0546, 0.0596), DF.n.support.vectors = c(92.7, 97.1, 105.8, 
    113.4, 122.8, 124.2, 132.6, 139.5, 144, 149.4, 156.6), DF.index = c(1, 
    1, 1, 1, 1, 1, 1, 1, 1, 1, 1), DF.n.solutions = c(1, 1, 1, 
    1, 1, 1, 1, 1, 1, 1, 1), DF.generations = c(1, 1, 1, 1, 1, 
    1, 1, 1, 1, 1, 1), DF.n.evaluations = c(1, 1, 1, 1, 1, 1, 
    1, 1, 1, 1, 1), DF.cpu.time = c(3.611, 3.614, 3.506, 3.468, 
    3.656, 3.547, 3.572, 3.569, 3.188, 3.379, 3.453), SMBO.cost = c(1.99825070792606, 
    1.99825070792606, 1.99825070792606, 1.99825070792606, 1.99825070792606, 
    1.99825070792606, 1.99825070792606, 1.99825070792606, 1.99825070792606, 
    1.99825070792606, 1.99825070792606), SMBO.gamma = c(-4.56153673811525, 
    -4.56153673811525, -4.56153673811525, -4.56153673811525, 
    -4.56153673811525, -4.56153673811525, -4.56153673811525, 
    -4.56153673811525, -4.56153673811525, -4.56153673811525, 
    -4.56153673811525), SMBO.balanced.test.accuracy = c(0.843514586240709, 
    0.843514586240709, 0.843514586240709, 0.843514586240709, 
    0.843514586240709, 0.843514586240709, 0.843514586240709, 
    0.843514586240709, 0.843514586240709, 0.843514586240709, 
    0.843514586240709)), .Names = c("Sampling", "PSO.cost", "PSO.gamma", 
"PSO.data.balancing", "PSO.feature.selection", "PSO.valid.acc", 
"PSO.test.acc", "PSO.train.time", "PSO.n.support.vectors", "PSO.index", 
"PSO.n.solutions", "PSO.generations", "PSO.n.evaluations", "PSO.cpu.time", 
"RS.cost", "RS.gamma", "RS.data.balancing", "RS.feature.selection", 
"RS.valid.acc", "RS.test.acc", "RS.train.time", "RS.n.support.vectors", 
"RS.index", "RS.n.solutions", "RS.generations", "RS.n.evaluations", 
"RS.cpu.time", "DF.cost", "DF.gamma", "DF.data.balancing", "DF.feature.selection", 
"DF.valid.acc", "DF.test.acc", "DF.train.time", "DF.n.support.vectors", 
"DF.index", "DF.n.solutions", "DF.generations", "DF.n.evaluations", 
"DF.cpu.time", "SMBO.cost", "SMBO.gamma", "SMBO.balanced.test.accuracy"
), row.names = c(NA, -11L), class = "data.frame")
