new.sol <-
structure(list(Sampling = c(50, 55, 60, 65, 70, 75, 80, 85, 90, 
95, 100), PSO.cost = c(0.01556, -0.14311, 0.38331, -0.19714, 
0.72545, 0.46539, 1.59205, 2.10352, 6.72136, 0.71984, 1.27774
), PSO.gamma = c(-6.5797, -5.08085, -4.9407, -5.61182, -4.35924, 
-3.58471, -4.89326, -3.83673, -7.25301, -4.08136, -4.22197), 
    PSO.data.balancing = c(0, 0, 0, 0, 0, 0, 0, 0, 0, 0, 0), 
    PSO.feature.selection = c(0, 0, 0, 0, 0, 0, 0, 0, 0, 0, 0
    ), PSO.valid.acc = c(0.84, 0.84912, 0.82702, 0.82079, 0.84134, 
    0.84032, 0.84105, 0.85135, 0.84514, 0.85973, 0.86319), PSO.test.acc = c(0.81333, 
    0.84324, 0.83225, 0.81053, 0.83225, 0.82708, 0.83722, 0.84382, 
    0.80383, 0.85961, 0.83663), PSO.train.time = c(0.0354, 0.0364, 
    0.0384, 0.0421, 0.0441, 0.0516, 0.0488, 0.0582, 0.0506, 0.0614, 
    0.0657), PSO.n.support.vectors = c(97.8, 102, 103.1, 116.8, 
    121.6, 145.9, 121.6, 148.4, 95.5, 157.4, 159.7), PSO.index = c(388, 
    1369, 88, 1463, 631, 919, 237, 828, 2174, 503, 1870), PSO.n.solutions = c(409, 
    15, 84, 62, 39, 53, 927, 257, 1, 158, 21), PSO.generations = c(100, 
    100, 100, 100, 100, 100, 100, 100, 100, 100, 100), PSO.n.evaluations = c(2500, 
    2500, 2500, 2500, 2500, 2500, 2500, 2500, 2500, 2500, 2500
    ), PSO.cpu.time = c(7508.335, 7570.347, 7621.578, 7692.692, 
    7769.43599999999, 7890.00199999999, 7952.965, 8195.43800000001, 
    8039.272, 8224.65300000002, 8385.133), RS.cost = c(-0.67078, 
    -0.17204, 0.45222, 3.62252, 0.86405, 0.50464, 1.60428, 2.24829, 
    6.4503, 0.87285, 1.2734), RS.gamma = c(-5.14575, -5.14466, 
    -4.91396, -11.35002, -3.80097, -3.65716, -4.44607, -3.73908, 
    -7.12299, -4.15514, -4.25592), RS.data.balancing = c(0, 0, 
    0, 0, 0, 0, 0, 0, 0, 0, 0), RS.feature.selection = c(0, 0, 
    0, 0, 0, 0, 0, 0, 0, 0, 0), RS.valid.acc = c(0.83333, 0.84912, 
    0.82702, 0.82026, 0.83203, 0.84032, 0.8407, 0.8475, 0.84116, 
    0.85961, 0.86319), RS.test.acc = c(0.80667, 0.84324, 0.83225, 
    0.80026, 0.82771, 0.82708, 0.81602, 0.83196, 0.79642, 0.85628, 
    0.83996), RS.train.time = c(0.0344, 0.0365, 0.0385, 0.0414, 
    0.0481, 0.0517, 0.0496, 0.0589, 0.0535, 0.0603, 0.0647), 
    RS.n.support.vectors = c(98.5, 102.2, 102.4, 126.1, 129.8, 
    144, 127, 152.1, 97.2, 154.9, 159), RS.index = c(361, 520, 
    300, 1131, 1881, 1549, 1474, 136, 1040, 306, 1053), RS.n.solutions = c(1, 
    1, 1, 3, 1, 2, 1, 1, 2, 1, 1), RS.generations = c(100, 100, 
    100, 100, 100, 100, 100, 100, 100, 100, 100), RS.n.evaluations = c(2500, 
    2500, 2500, 2500, 2500, 2500, 2500, 2500, 2500, 2500, 2500
    ), RS.cpu.time = c(7555.149, 7603.214, 7638.77600000001, 
    7750.465, 7842.97200000001, 7961.85100000001, 8156.605, 8224.59600000001, 
    8287.57699999999, 8236.47200000001, 8372.318), DF.cost = c(1, 
    1, 1, 1, 1, 1, 1, 1, 1, 1, 1), DF.gamma = c(0.03704, 0.03704, 
    0.03704, 0.03704, 0.03704, 0.03704, 0.03704, 0.03704, 0.03704, 
    0.03704, 0.03704), DF.data.balancing = c(0, 0, 0, 0, 0, 0, 
    0, 0, 0, 0, 0), DF.feature.selection = c(0, 0, 0, 0, 0, 0, 
    0, 0, 0, 0, 0), DF.valid.acc = c(0.81333, 0.83657, 0.82147, 
    0.81079, 0.81299, 0.82292, 0.81151, 0.81563, 0.82618, 0.83842, 
    0.83985), DF.test.acc = c(0.82667, 0.84324, 0.82669, 0.81605, 
    0.82749, 0.81383, 0.81169, 0.82781, 0.83003, 0.84212, 0.84651
    ), DF.train.time = c(0.0356, 0.0367, 0.0381, 0.0431, 0.0443, 
    0.0479, 0.0489, 0.0534, 0.057, 0.0585, 0.0633), DF.n.support.vectors = c(95.9, 
    101.9, 106.7, 115.4, 121.2, 127.1, 134.7, 142.6, 148.6, 150, 
    155.5), DF.index = c(1, 1, 1, 1, 1, 1, 1, 1, 1, 1, 1), DF.n.solutions = c(1, 
    1, 1, 1, 1, 1, 1, 1, 1, 1, 1), DF.generations = c(1, 1, 1, 
    1, 1, 1, 1, 1, 1, 1, 1), DF.n.evaluations = c(1, 1, 1, 1, 
    1, 1, 1, 1, 1, 1, 1), DF.cpu.time = c(3.001, 3.026, 3.017, 
    3.048, 3.076, 3.169, 3.229, 3.211, 3.263, 3.233, 3.26), SMBO.cost = c(5.23837424180772, 
    5.23837424180772, 5.23837424180772, 5.23837424180772, 5.23837424180772, 
    5.23837424180772, 5.23837424180772, 5.23837424180772, 5.23837424180772, 
    5.23837424180772, 5.23837424180772), SMBO.gamma = c(-8.18664557576808, 
    -8.18664557576808, -8.18664557576808, -8.18664557576808, 
    -8.18664557576808, -8.18664557576808, -8.18664557576808, 
    -8.18664557576808, -8.18664557576808, -8.18664557576808, 
    -8.18664557576808), SMBO.balanced.test.accuracy = c(0.827291292203573, 
    0.827291292203573, 0.827291292203573, 0.827291292203573, 
    0.827291292203573, 0.827291292203573, 0.827291292203573, 
    0.827291292203573, 0.827291292203573, 0.827291292203573, 
    0.827291292203573)), .Names = c("Sampling", "PSO.cost", "PSO.gamma", 
"PSO.data.balancing", "PSO.feature.selection", "PSO.valid.acc", 
"PSO.test.acc", "PSO.train.time", "PSO.n.support.vectors", "PSO.index", 
"PSO.n.solutions", "PSO.generations", "PSO.n.evaluations", "PSO.cpu.time", 
"RS.cost", "RS.gamma", "RS.data.balancing", "RS.feature.selection", 
"RS.valid.acc", "RS.test.acc", "RS.train.time", "RS.n.support.vectors", 
"RS.index", "RS.n.solutions", "RS.generations", "RS.n.evaluations", 
"RS.cpu.time", "DF.cost", "DF.gamma", "DF.data.balancing", "DF.feature.selection", 
"DF.valid.acc", "DF.test.acc", "DF.train.time", "DF.n.support.vectors", 
"DF.index", "DF.n.solutions", "DF.generations", "DF.n.evaluations", 
"DF.cpu.time", "SMBO.cost", "SMBO.gamma", "SMBO.balanced.test.accuracy"
), row.names = c(NA, -11L), class = "data.frame")
