new.sol <-
structure(list(Sampling = c(50, 55, 60, 65, 70, 75, 80, 85, 90, 
95, 100), PSO.cost = c(13.02201, 1.18794, 1, 0.43889, 1.42634, 
0.85445, 11.75455, 1.98199, 0.97167, 0.75023, -0.03931), PSO.gamma = c(-3.05347, 
-4.90229, 0.03704, -4.58181, -2.4743, -2.76103, -2.91649, -3.56326, 
-4.55656, -2.47764, -3.41465), PSO.data.balancing = c(0, 0, 0, 
0, 0, 0, 0, 0, 0, 0, 0), PSO.feature.selection = c(0, 0, 0, 0, 
0, 0, 0, 0, 0, 0, 0), PSO.valid.acc = c(0.83536, 0.83007, 0.82754, 
0.83079, 0.84788, 0.84839, 0.84182, 0.85074, 0.85556, 0.85012, 
0.85274), PSO.test.acc = c(0.82643, 0.819, 0.81672, 0.81, 0.82926, 
0.82131, 0.82515, 0.83134, 0.84444, 0.84286, 0.8394), PSO.train.time = c(0.0399, 
0.036, 0.0411, 0.0422, 0.0511, 0.0577, 0.0572, 0.0556, 0.054, 
0.0723, 0.0732), PSO.n.support.vectors = c(113.5, 97.4, 111.7, 
116.5, 161.1, 164.6, 171.1, 155.5, 142.5, 212.3, 191), PSO.index = c(2, 
952, 1, 199, 182, 1258, 659, 235, 807, 766, 1045), PSO.n.solutions = c(374, 
74, 220, 218, 82, 29, 179, 71, 135, 181, 53), PSO.generations = c(100, 
100, 100, 100, 100, 100, 100, 100, 100, 100, 100), PSO.n.evaluations = c(2500, 
2500, 2500, 2500, 2500, 2500, 2500, 2500, 2500, 2500, 2500), 
    PSO.cpu.time = c(9322.49, 9181.761, 9165.28, 9110.763, 9288.69100000001, 
    9211.359, 9357.81200000001, 9277.962, 9096.14599999998, 9184.13, 
    8800.54799999998), RS.cost = c(1.8245, 0.90318, 0.78959, 
    0.48085, 14.2661, 0.82454, 9.51037, 2.15177, 1.09061, 0.38235, 
    0.46343), RS.gamma = c(-4.84525, -6.45167, -5.21544, -4.77104, 
    -2.30665, -2.78878, -2.91528, -4.27027, -4.75657, -2.95881, 
    -4.49388), RS.data.balancing = c(0, 0, 0, 0, 0, 0, 0, 0, 
    0, 0, 0), RS.feature.selection = c(0, 0, 0, 0, 0, 0, 0, 0, 
    0, 0, 0), RS.valid.acc = c(0.8394, 0.82418, 0.82754, 0.83079, 
    0.84764, 0.84384, 0.84182, 0.85044, 0.85185, 0.84988, 0.84608
    ), RS.test.acc = c(0.82601, 0.80061, 0.79907, 0.815, 0.81972, 
    0.8302, 0.82515, 0.83519, 0.84074, 0.84631, 0.84263), RS.train.time = c(0.038, 
    0.0378, 0.0396, 0.0408, 0.0492, 0.053, 0.0599, 0.0541, 0.0524, 
    0.071, 0.0622), RS.n.support.vectors = c(88.8, 93.6, 105, 
    114.1, 162.2, 164.6, 171.1, 133.4, 138.2, 199.3, 158.2), 
    RS.index = c(359, 813, 32, 2128, 653, 1887, 336, 893, 568, 
    1999, 122), RS.n.solutions = c(2, 1, 5, 1, 1, 1, 3, 1, 1, 
    2, 4), RS.generations = c(100, 100, 100, 100, 100, 100, 100, 
    100, 100, 100, 100), RS.n.evaluations = c(2500, 2500, 2500, 
    2500, 2500, 2500, 2500, 2500, 2500, 2500, 2500), RS.cpu.time = c(9124.809, 
    9137.168, 9140.187, 9214.039, 9197.614, 9122.375, 9218.523, 
    9331.53, 9033.54800000001, 9137.25900000002, 8764.17300000001
    ), DF.cost = c(1, 1, 1, 1, 1, 1, 1, 1, 1, 1, 1), DF.gamma = c(0.03704, 
    0.03704, 0.03704, 0.03704, 0.03704, 0.03704, 0.03704, 0.03704, 
    0.03704, 0.03704, 0.03704), DF.data.balancing = c(0, 0, 0, 
    0, 0, 0, 0, 0, 0, 0, 0), DF.feature.selection = c(0, 0, 0, 
    0, 0, 0, 0, 0, 0, 0, 0), DF.valid.acc = c(0.82018, 0.80682, 
    0.82754, 0.82026, 0.81403, 0.81734, 0.81699, 0.81904, 0.82593, 
    0.83227, 0.8393), DF.test.acc = c(0.81929, 0.80061, 0.81672, 
    0.81, 0.82403, 0.81714, 0.82082, 0.82658, 0.82963, 0.83584, 
    0.83941), DF.train.time = c(0.0336, 0.0364, 0.0385, 0.0457, 
    0.0436, 0.046, 0.0501, 0.0509, 0.0566, 0.0619, 0.0587), DF.n.support.vectors = c(98.7, 
    103.2, 111.7, 117.8, 121.5, 127.7, 133.8, 138.7, 146.2, 152.7, 
    157.2), DF.index = c(1, 1, 1, 1, 1, 1, 1, 1, 1, 1, 1), DF.n.solutions = c(1, 
    1, 1, 1, 1, 1, 1, 1, 1, 1, 1), DF.generations = c(1, 1, 1, 
    1, 1, 1, 1, 1, 1, 1, 1), DF.n.evaluations = c(1, 1, 1, 1, 
    1, 1, 1, 1, 1, 1, 1), DF.cpu.time = c(3.68, 3.658, 3.639, 
    3.648, 3.679, 3.596, 3.587, 3.576, 3.66, 3.505, 3.536), SMBO.cost = c(2.6044945099036, 
    2.6044945099036, 2.6044945099036, 2.6044945099036, 2.6044945099036, 
    2.6044945099036, 2.6044945099036, 2.6044945099036, 2.6044945099036, 
    2.6044945099036, 2.6044945099036), SMBO.gamma = c(-4.22129616594699, 
    -4.22129616594699, -4.22129616594699, -4.22129616594699, 
    -4.22129616594699, -4.22129616594699, -4.22129616594699, 
    -4.22129616594699, -4.22129616594699, -4.22129616594699, 
    -4.22129616594699), SMBO.balanced.test.accuracy = c(0.836871790097596, 
    0.836871790097596, 0.836871790097596, 0.836871790097596, 
    0.836871790097596, 0.836871790097596, 0.836871790097596, 
    0.836871790097596, 0.836871790097596, 0.836871790097596, 
    0.836871790097596)), .Names = c("Sampling", "PSO.cost", "PSO.gamma", 
"PSO.data.balancing", "PSO.feature.selection", "PSO.valid.acc", 
"PSO.test.acc", "PSO.train.time", "PSO.n.support.vectors", "PSO.index", 
"PSO.n.solutions", "PSO.generations", "PSO.n.evaluations", "PSO.cpu.time", 
"RS.cost", "RS.gamma", "RS.data.balancing", "RS.feature.selection", 
"RS.valid.acc", "RS.test.acc", "RS.train.time", "RS.n.support.vectors", 
"RS.index", "RS.n.solutions", "RS.generations", "RS.n.evaluations", 
"RS.cpu.time", "DF.cost", "DF.gamma", "DF.data.balancing", "DF.feature.selection", 
"DF.valid.acc", "DF.test.acc", "DF.train.time", "DF.n.support.vectors", 
"DF.index", "DF.n.solutions", "DF.generations", "DF.n.evaluations", 
"DF.cpu.time", "SMBO.cost", "SMBO.gamma", "SMBO.balanced.test.accuracy"
), row.names = c(NA, -11L), class = "data.frame")
