new.sol <-
structure(list(Sampling = c(50, 55, 60, 65, 70, 75, 80, 85, 90, 
95, 100), PSO.cost = c(13.31094, 3.61872, 1.86722, 6.25957, 4.29025, 
0.55429, 1.26038, 0.78161, 0.13324, 1.00158, 1.841), PSO.gamma = c(-14.71168, 
-5.41969, -4.57972, -10.46795, -4.61325, -5.2413, -4.49314, -3.94439, 
-3.53894, -5.86258, -3.61817), PSO.data.balancing = c(0, 0, 0, 
0, 0, 0, 0, 0, 0, 0, 0), PSO.feature.selection = c(0, 0, 0, 0, 
0, 0, 0, 0, 0, 0, 0), PSO.valid.acc = c(0.92036, 0.8844, 0.89438, 
0.87753, 0.88742, 0.87134, 0.87137, 0.88277, 0.87053, 0.85018, 
0.86708), PSO.test.acc = c(0.88661, 0.84208, 0.87738, 0.86201, 
0.86381, 0.86225, 0.85469, 0.86723, 0.85227, 0.82198, 0.85052
), PSO.train.time = c(0.0338, 0.037, 0.0383, 0.037, 0.0441, 0.0434, 
0.0476, 0.058, 0.0621, 0.0557, 0.069), PSO.n.support.vectors = c(43.1, 
71.7, 96.6, 79.2, 99.3, 114.6, 126.9, 150.1, 170.7, 132.7, 177.4
), PSO.index = c(20, 460, 157, 177, 909, 990, 133, 286, 304, 
624, 1130), PSO.n.solutions = c(376, 161, 672, 129, 20, 54, 679, 
787, 628, 362, 192), PSO.generations = c(100, 100, 100, 100, 
100, 100, 100, 100, 100, 100, 100), PSO.n.evaluations = c(2500, 
2500, 2500, 2500, 2500, 2500, 2500, 2500, 2500, 2500, 2500), 
    PSO.cpu.time = c(9198.546, 9123.352, 9197.559, 9089.929, 
    9178.295, 9176.55099999999, 9280.42600000001, 9291.16100000001, 
    9414.22700000001, 9181.99899999998, 9242.997), RS.cost = c(9.95998, 
    3.83828, 0.70423, 9.31141, 10.58935, 0.97005, 1.33525, 0.90113, 
    0.39533, 0.7636, 1.24893), RS.gamma = c(-11.56079, -5.44574, 
    -4.34467, -13.67169, -4.19545, -4.53267, -3.99793, -3.96143, 
    -3.59278, -5.4078, -3.98464), RS.data.balancing = c(0, 0, 
    0, 0, 0, 0, 0, 0, 0, 0, 0), RS.feature.selection = c(0, 0, 
    0, 0, 0, 0, 0, 0, 0, 0, 0), RS.valid.acc = c(0.92036, 0.87851, 
    0.88911, 0.87753, 0.88266, 0.87115, 0.86286, 0.87877, 0.86683, 
    0.84994, 0.86353), RS.test.acc = c(0.88661, 0.84763, 0.86624, 
    0.86201, 0.85905, 0.85771, 0.8592, 0.86723, 0.85954, 0.82888, 
    0.85041), RS.train.time = c(0.0298, 0.0348, 0.0402, 0.0389, 
    0.045, 0.0442, 0.0523, 0.0579, 0.0617, 0.0589, 0.0682), RS.n.support.vectors = c(44.3, 
    71, 106.1, 79.5, 110.8, 121.4, 140.6, 148.4, 167.9, 137.2, 
    167.1), RS.index = c(263, 2247, 519, 219, 3, 986, 797, 17, 
    198, 556, 2402), RS.n.solutions = c(6, 1, 2, 9, 47, 2, 4, 
    2, 2, 4, 1), RS.generations = c(100, 100, 100, 100, 100, 
    100, 100, 100, 100, 100, 100), RS.n.evaluations = c(2500, 
    2500, 2500, 2500, 2500, 2500, 2500, 2500, 2500, 2500, 2500
    ), RS.cpu.time = c(9118.71, 9161.348, 9163, 9211.795, 9162.15399999999, 
    9134.17, 9301.68399999999, 9281.02799999999, 9259.14199999999, 
    9153.61700000003, 9181.88399999999), DF.cost = c(1, 1, 1, 
    1, 1, 1, 1, 1, 1, 1, 1), DF.gamma = c(0.03704, 0.03704, 0.03704, 
    0.03704, 0.03704, 0.03704, 0.03704, 0.03704, 0.03704, 0.03704, 
    0.03704), DF.data.balancing = c(0, 0, 0, 0, 0, 0, 0, 0, 0, 
    0, 0), DF.feature.selection = c(0, 0, 0, 0, 0, 0, 0, 0, 0, 
    0, 0), DF.valid.acc = c(0.88655, 0.84865, 0.87767, 0.85724, 
    0.83887, 0.867, 0.83695, 0.86738, 0.84473, 0.83947, 0.84674
    ), DF.test.acc = c(0.87321, 0.84902, 0.8613, 0.8565, 0.85361, 
    0.85771, 0.84599, 0.86723, 0.85241, 0.83591, 0.85041), DF.train.time = c(0.0384, 
    0.0347, 0.0391, 0.0418, 0.0439, 0.0469, 0.047, 0.0509, 0.0543, 
    0.0596, 0.061), DF.n.support.vectors = c(84.6, 95, 103.9, 
    108.7, 115.4, 120.9, 129.4, 135.4, 141.5, 149.5, 158.4), 
    DF.index = c(1, 1, 1, 1, 1, 1, 1, 1, 1, 1, 1), DF.n.solutions = c(1, 
    1, 1, 1, 1, 1, 1, 1, 1, 1, 1), DF.generations = c(1, 1, 1, 
    1, 1, 1, 1, 1, 1, 1, 1), DF.n.evaluations = c(1, 1, 1, 1, 
    1, 1, 1, 1, 1, 1, 1), DF.cpu.time = c(3.698, 3.698, 3.601, 
    3.643, 3.537, 3.65, 3.687, 3.47, 3.684, 3.511, 3.378), SMBO.cost = c(2.95055810933641, 
    2.95055810933641, 2.95055810933641, 2.95055810933641, 2.95055810933641, 
    2.95055810933641, 2.95055810933641, 2.95055810933641, 2.95055810933641, 
    2.95055810933641, 2.95055810933641), SMBO.gamma = c(-4.36708120388095, 
    -4.36708120388095, -4.36708120388095, -4.36708120388095, 
    -4.36708120388095, -4.36708120388095, -4.36708120388095, 
    -4.36708120388095, -4.36708120388095, -4.36708120388095, 
    -4.36708120388095), SMBO.balanced.test.accuracy = c(0.84621531779884, 
    0.84621531779884, 0.84621531779884, 0.84621531779884, 0.84621531779884, 
    0.84621531779884, 0.84621531779884, 0.84621531779884, 0.84621531779884, 
    0.84621531779884, 0.84621531779884)), .Names = c("Sampling", 
"PSO.cost", "PSO.gamma", "PSO.data.balancing", "PSO.feature.selection", 
"PSO.valid.acc", "PSO.test.acc", "PSO.train.time", "PSO.n.support.vectors", 
"PSO.index", "PSO.n.solutions", "PSO.generations", "PSO.n.evaluations", 
"PSO.cpu.time", "RS.cost", "RS.gamma", "RS.data.balancing", "RS.feature.selection", 
"RS.valid.acc", "RS.test.acc", "RS.train.time", "RS.n.support.vectors", 
"RS.index", "RS.n.solutions", "RS.generations", "RS.n.evaluations", 
"RS.cpu.time", "DF.cost", "DF.gamma", "DF.data.balancing", "DF.feature.selection", 
"DF.valid.acc", "DF.test.acc", "DF.train.time", "DF.n.support.vectors", 
"DF.index", "DF.n.solutions", "DF.generations", "DF.n.evaluations", 
"DF.cpu.time", "SMBO.cost", "SMBO.gamma", "SMBO.balanced.test.accuracy"
), row.names = c(NA, -11L), class = "data.frame")
