new.sol <-
structure(list(Sampling = c(50, 55, 60, 65, 70, 75, 80, 85, 90, 
95, 100), PSO.cost = c(3.33888, 0.28603, 0.44895, 1.15056, 2.05537, 
8.91785, 2.3722, 1.95013, 1.3768, 1.48007, 0.98478), PSO.gamma = c(-3.55675, 
-3.60808, -4.4771, -3.95133, -3.89639, -10.37799, -4.13584, -4.30946, 
-3.82394, -3.82238, -4.50291), PSO.data.balancing = c(0, 0, 0, 
0, 0, 0, 0, 0, 0, 0, 0), PSO.feature.selection = c(0, 0, 0, 0, 
0, 0, 0, 0, 0, 0, 0), PSO.valid.acc = c(0.87845, 0.84816, 0.85022, 
0.84658, 0.85208, 0.86773, 0.84991, 0.85123, 0.85152, 0.86367, 
0.86333), PSO.test.acc = c(0.8722, 0.84816, 0.8113, 0.82632, 
0.82825, 0.85427, 0.82072, 0.83169, 0.84423, 0.84286, 0.84667
), PSO.train.time = c(0.0377, 0.0392, 0.0387, 0.0417, 0.0461, 
0.0414, 0.0519, 0.0558, 0.0611, 0.0638, 0.061), PSO.n.support.vectors = c(94, 
109.3, 103.9, 117.9, 126, 73.7, 129.9, 138.1, 156.9, 165.2, 154.2
), PSO.index = c(20, 664, 230, 576, 674, 209, 1480, 726, 2133, 
202, 367), PSO.n.solutions = c(982, 190, 518, 142, 227, 452, 
31, 216, 1, 459, 738), PSO.generations = c(100, 100, 100, 100, 
100, 100, 100, 100, 100, 100, 100), PSO.n.evaluations = c(2500, 
2500, 2500, 2500, 2500, 2500, 2500, 2500, 2500, 2500, 2500), 
    PSO.cpu.time = c(9224.543, 9190.884, 9125.231, 9154.876, 
    9233.614, 9071.33199999999, 9173.11600000001, 9200.803, 9279.80899999998, 
    9013.23199999999, 8906.88699999999), RS.cost = c(13.99263, 
    1.51106, 0.64694, 0.92974, 1.78797, 1.43873, 2.34916, 13.50896, 
    5.88135, 1.71862, 1.0488), RS.gamma = c(-3.56484, -3.5922, 
    -3.60874, -3.83279, -3.69636, -4.09097, -4.08141, -14.64894, 
    -3.71633, -4.18038, -4.43439), RS.data.balancing = c(0, 0, 
    0, 0, 0, 0, 0, 0, 0, 0, 0), RS.feature.selection = c(0, 0, 
    0, 0, 0, 0, 0, 0, 0, 0, 0), RS.valid.acc = c(0.87845, 0.84779, 
    0.85019, 0.84158, 0.84277, 0.86607, 0.84575, 0.84723, 0.84809, 
    0.85998, 0.86), RS.test.acc = c(0.8722, 0.84779, 0.82797, 
    0.83632, 0.82327, 0.85386, 0.82507, 0.82015, 0.83724, 0.83916, 
    0.85), RS.train.time = c(0.0349, 0.0393, 0.0402, 0.0424, 
    0.048, 0.0493, 0.0508, 0.0476, 0.0606, 0.064, 0.0609), RS.n.support.vectors = c(93.6, 
    104.4, 118.4, 121.4, 132.7, 127.2, 131.6, 83, 153.6, 153.2, 
    155.9), RS.index = c(578, 2148, 1242, 214, 1642, 1489, 1607, 
    280, 2485, 835, 1821), RS.n.solutions = c(12, 1, 1, 1, 1, 
    2, 1, 3, 1, 2, 1), RS.generations = c(100, 100, 100, 100, 
    100, 100, 100, 100, 100, 100, 100), RS.n.evaluations = c(2500, 
    2500, 2500, 2500, 2500, 2500, 2500, 2500, 2500, 2500, 2500
    ), RS.cpu.time = c(9052.394, 9117.132, 9104.79, 9152.687, 
    9215.58500000001, 9247.93799999999, 9184.065, 9315.02100000001, 
    9102.86600000001, 9116.25900000002, 8624.63100000002), DF.cost = c(1, 
    1, 1, 1, 1, 1, 1, 1, 1, 1, 1), DF.gamma = c(0.03704, 0.03704, 
    0.03704, 0.03704, 0.03704, 0.03704, 0.03704, 0.03704, 0.03704, 
    0.03704, 0.03704), DF.data.balancing = c(0, 0, 0, 0, 0, 0, 
    0, 0, 0, 0, 0), DF.feature.selection = c(0, 0, 0, 0, 0, 0, 
    0, 0, 0, 0, 0), DF.valid.acc = c(0.8522, 0.81838, 0.83911, 
    0.82579, 0.80963, 0.8489, 0.82854, 0.83508, 0.83711, 0.83584, 
    0.84667), DF.test.acc = c(0.83887, 0.81838, 0.8162, 0.82605, 
    0.80011, 0.83151, 0.82872, 0.83508, 0.84095, 0.84963, 0.84333
    ), DF.train.time = c(0.0338, 0.038, 0.0387, 0.0414, 0.0447, 
    0.045, 0.0487, 0.0518, 0.0529, 0.06, 0.0566), DF.n.support.vectors = c(84.8, 
    96.1, 104.8, 113.5, 121.3, 126.3, 130.5, 141.1, 143, 150.5, 
    156.2), DF.index = c(1, 1, 1, 1, 1, 1, 1, 1, 1, 1, 1), DF.n.solutions = c(1, 
    1, 1, 1, 1, 1, 1, 1, 1, 1, 1), DF.generations = c(1, 1, 1, 
    1, 1, 1, 1, 1, 1, 1, 1), DF.n.evaluations = c(1, 1, 1, 1, 
    1, 1, 1, 1, 1, 1, 1), DF.cpu.time = c(3.587, 3.611, 3.615, 
    3.626, 3.612, 3.647, 3.623, 3.675, 3.49, 3.678, 3.395), SMBO.cost = c(8.95232393957765, 
    8.95232393957765, 8.95232393957765, 8.95232393957765, 8.95232393957765, 
    8.95232393957765, 8.95232393957765, 8.95232393957765, 8.95232393957765, 
    8.95232393957765, 8.95232393957765), SMBO.gamma = c(-13.7226711120371, 
    -13.7226711120371, -13.7226711120371, -13.7226711120371, 
    -13.7226711120371, -13.7226711120371, -13.7226711120371, 
    -13.7226711120371, -13.7226711120371, -13.7226711120371, 
    -13.7226711120371), SMBO.balanced.test.accuracy = c(0.842002475574816, 
    0.842002475574816, 0.842002475574816, 0.842002475574816, 
    0.842002475574816, 0.842002475574816, 0.842002475574816, 
    0.842002475574816, 0.842002475574816, 0.842002475574816, 
    0.842002475574816)), .Names = c("Sampling", "PSO.cost", "PSO.gamma", 
"PSO.data.balancing", "PSO.feature.selection", "PSO.valid.acc", 
"PSO.test.acc", "PSO.train.time", "PSO.n.support.vectors", "PSO.index", 
"PSO.n.solutions", "PSO.generations", "PSO.n.evaluations", "PSO.cpu.time", 
"RS.cost", "RS.gamma", "RS.data.balancing", "RS.feature.selection", 
"RS.valid.acc", "RS.test.acc", "RS.train.time", "RS.n.support.vectors", 
"RS.index", "RS.n.solutions", "RS.generations", "RS.n.evaluations", 
"RS.cpu.time", "DF.cost", "DF.gamma", "DF.data.balancing", "DF.feature.selection", 
"DF.valid.acc", "DF.test.acc", "DF.train.time", "DF.n.support.vectors", 
"DF.index", "DF.n.solutions", "DF.generations", "DF.n.evaluations", 
"DF.cpu.time", "SMBO.cost", "SMBO.gamma", "SMBO.balanced.test.accuracy"
), row.names = c(NA, -11L), class = "data.frame")
