new.sol <-
structure(list(Sampling = c(50, 55, 60, 65, 70, 75, 80, 85, 90, 
95, 100), PSO.cost = c(4.08356, 1.08443, 1.64007, 3.55968, 2.81314, 
4.84814, 2.26024, -0.01797, 2.85612, 0.65299, 0.42264), PSO.gamma = c(-6.64599, 
-3.8082, -4.45607, -10.32295, -4.98884, -12.64374, -5.1861, -7.44067, 
-4.26583, -4.44629, -3.26329), PSO.data.balancing = c(0, 0, 0, 
0, 0, 0, 0, 0, 0, 0, 0), PSO.feature.selection = c(0, 0, 0, 0, 
0, 0, 0, 0, 0, 0, 0), PSO.valid.acc = c(0.88024, 0.87198, 0.87215, 
0.85632, 0.88522, 0.85415, 0.871, 0.85935, 0.85538, 0.86318, 
0.85642), PSO.test.acc = c(0.84643, 0.85466, 0.86627, 0.85632, 
0.85186, 0.84071, 0.85432, 0.85533, 0.85155, 0.86318, 0.8432), 
    PSO.train.time = c(0.0313, 0.037, 0.037, 0.0385, 0.0409, 
    0.0477, 0.049, 0.0541, 0.059, 0.06, 0.0751), PSO.n.support.vectors = c(65.2, 
    104.8, 94.7, 102.1, 95.9, 136, 110.8, 151.6, 138.9, 148.7, 
    194.2), PSO.index = c(735, 452, 661, 52, 19, 81, 881, 485, 
    132, 456, 353), PSO.n.solutions = c(115, 767, 287, 278, 396, 
    90, 553, 291, 524, 282, 307), PSO.generations = c(100, 100, 
    100, 100, 100, 100, 100, 100, 100, 100, 100), PSO.n.evaluations = c(2500, 
    2500, 2500, 2500, 2500, 2500, 2500, 2500, 2500, 2500, 2500
    ), PSO.cpu.time = c(8341.85, 8498.921, 8295.927, 8399.697, 
    8508.196, 8472.66200000001, 8477.026, 8661.84700000001, 8567.44900000002, 
    8688.984, 9338.163), RS.cost = c(3.10626, 1.39283, 1.57932, 
    1.94468, 3.95524, 6.13544, 2.21217, -0.60912, 2.47149, 1.08241, 
    0.43543), RS.gamma = c(-5.96961, -3.98131, -4.38211, -8.78688, 
    -5.29963, -13.97075, -5.03327, -6.93534, -4.19925, -4.8479, 
    -3.2165), RS.data.balancing = c(0, 0, 0, 0, 0, 0, 0, 0, 0, 
    0, 0), RS.feature.selection = c(0, 0, 0, 0, 0, 0, 0, 0, 0, 
    0, 0), RS.valid.acc = c(0.8669, 0.87198, 0.87215, 0.85632, 
    0.88522, 0.85415, 0.871, 0.85533, 0.85538, 0.86305, 0.85309
    ), RS.test.acc = c(0.84643, 0.85466, 0.86627, 0.85632, 0.85662, 
    0.84071, 0.85432, 0.85501, 0.85155, 0.86318, 0.8432), RS.train.time = c(0.0323, 
    0.0378, 0.0376, 0.0401, 0.0427, 0.0486, 0.0474, 0.0551, 0.0613, 
    0.059, 0.0716), RS.n.support.vectors = c(70, 100.3, 96.1, 
    104.4, 92.6, 136.4, 112.7, 154.9, 141.8, 141.1, 195.2), RS.index = c(2006, 
    1032, 1606, 48, 575, 1626, 711, 1211, 784, 654, 42), RS.n.solutions = c(1, 
    3, 2, 29, 2, 3, 1, 1, 3, 3, 4), RS.generations = c(100, 100, 
    100, 100, 100, 100, 100, 100, 100, 100, 100), RS.n.evaluations = c(2500, 
    2500, 2500, 2500, 2500, 2500, 2500, 2500, 2500, 2500, 2500
    ), RS.cpu.time = c(8436.883, 8424.457, 8349.689, 8466.519, 
    8463.13, 8527.196, 8623.803, 8745.90199999999, 8428.902, 
    9107, 9224.83200000002), DF.cost = c(1, 1, 1, 1, 1, 1, 1, 
    1, 1, 1, 1), DF.gamma = c(0.03704, 0.03704, 0.03704, 0.03704, 
    0.03704, 0.03704, 0.03704, 0.03704, 0.03704, 0.03704, 0.03704
    ), DF.data.balancing = c(0, 0, 0, 0, 0, 0, 0, 0, 0, 0, 0), 
    DF.feature.selection = c(0, 0, 0, 0, 0, 0, 0, 0, 0, 0, 0), 
    DF.valid.acc = c(0.81351, 0.84183, 0.83258, 0.83605, 0.85617, 
    0.83597, 0.84564, 0.83178, 0.83329, 0.84557, 0.84297), DF.test.acc = c(0.8131, 
    0.84183, 0.83813, 0.83105, 0.85141, 0.83577, 0.8293, 0.83947, 
    0.84084, 0.84938, 0.84641), DF.train.time = c(0.0343, 0.0352, 
    0.0372, 0.0386, 0.0432, 0.045, 0.0485, 0.0515, 0.0555, 0.0569, 
    0.0665), DF.n.support.vectors = c(88.8, 92, 96.4, 103.5, 
    108.7, 120.4, 126.3, 131.4, 140.1, 147, 156.8), DF.index = c(1, 
    1, 1, 1, 1, 1, 1, 1, 1, 1, 1), DF.n.solutions = c(1, 1, 1, 
    1, 1, 1, 1, 1, 1, 1, 1), DF.generations = c(1, 1, 1, 1, 1, 
    1, 1, 1, 1, 1, 1), DF.n.evaluations = c(1, 1, 1, 1, 1, 1, 
    1, 1, 1, 1, 1), DF.cpu.time = c(3.337, 3.285, 3.322, 3.355, 
    3.335, 3.343, 3.384, 3.438, 3.322, 3.576, 3.585), SMBO.cost = c(8.71731710234968, 
    8.71731710234968, 8.71731710234968, 8.71731710234968, 8.71731710234968, 
    8.71731710234968, 8.71731710234968, 8.71731710234968, 8.71731710234968, 
    8.71731710234968, 8.71731710234968), SMBO.gamma = c(-11.0980301423401, 
    -11.0980301423401, -11.0980301423401, -11.0980301423401, 
    -11.0980301423401, -11.0980301423401, -11.0980301423401, 
    -11.0980301423401, -11.0980301423401, -11.0980301423401, 
    -11.0980301423401), SMBO.balanced.test.accuracy = c(0.832719261496851, 
    0.832719261496851, 0.832719261496851, 0.832719261496851, 
    0.832719261496851, 0.832719261496851, 0.832719261496851, 
    0.832719261496851, 0.832719261496851, 0.832719261496851, 
    0.832719261496851)), .Names = c("Sampling", "PSO.cost", "PSO.gamma", 
"PSO.data.balancing", "PSO.feature.selection", "PSO.valid.acc", 
"PSO.test.acc", "PSO.train.time", "PSO.n.support.vectors", "PSO.index", 
"PSO.n.solutions", "PSO.generations", "PSO.n.evaluations", "PSO.cpu.time", 
"RS.cost", "RS.gamma", "RS.data.balancing", "RS.feature.selection", 
"RS.valid.acc", "RS.test.acc", "RS.train.time", "RS.n.support.vectors", 
"RS.index", "RS.n.solutions", "RS.generations", "RS.n.evaluations", 
"RS.cpu.time", "DF.cost", "DF.gamma", "DF.data.balancing", "DF.feature.selection", 
"DF.valid.acc", "DF.test.acc", "DF.train.time", "DF.n.support.vectors", 
"DF.index", "DF.n.solutions", "DF.generations", "DF.n.evaluations", 
"DF.cpu.time", "SMBO.cost", "SMBO.gamma", "SMBO.balanced.test.accuracy"
), row.names = c(NA, -11L), class = "data.frame")
