new.sol <-
structure(list(Sampling = c(50, 55, 60, 65, 70, 75, 80, 85, 90, 
95, 100), PSO.cost = c(0.39209, 4.96959, 1.27038, 7.3447, 1.46315, 
1.29486, 1.55764, 2.16198, 0.47433, 1.40379, 2.28623), PSO.gamma = c(-6.85028, 
-2.97221, -4.53646, -2.49573, -7.26231, -4.69651, -5.70208, -9.17436, 
-4.183, -3.44497, -5.77354), PSO.data.balancing = c(0, 0, 0, 
0, 0, 0, 0, 0, 0, 0, 0), PSO.feature.selection = c(0, 0, 0, 0, 
0, 0, 0, 0, 0, 0, 0), PSO.valid.acc = c(0.81935, 0.8489, 0.84931, 
0.84679, 0.85238, 0.85751, 0.85861, 0.84338, 0.85873, 0.85292, 
0.87363), PSO.test.acc = c(0.7931, 0.84301, 0.82121, 0.826, 0.82857, 
0.83992, 0.83326, 0.83185, 0.84363, 0.84245, 0.84353), PSO.train.time = c(0.0338, 
0.0412, 0.0399, 0.0486, 0.0424, 0.0461, 0.0471, 0.0502, 0.0559, 
0.0634, 0.0587), PSO.n.support.vectors = c(89.4, 122.8, 102.3, 
150.3, 106.8, 121.1, 114.4, 141.4, 152.9, 178.3, 131), PSO.index = c(456, 
31, 816, 17, 835, 1690, 1281, 30, 755, 594, 366), PSO.n.solutions = c(88, 
1399, 243, 1050, 28, 55, 62, 23, 341, 783, 469), PSO.generations = c(100, 
100, 100, 100, 100, 100, 100, 100, 100, 100, 100), PSO.n.evaluations = c(2500, 
2500, 2500, 2500, 2500, 2500, 2500, 2500, 2500, 2500, 2500), 
    PSO.cpu.time = c(9264.765, 9341.923, 9187.147, 9310.087, 
    9165.20299999999, 9216.584, 9138.16099999999, 9180.28999999999, 
    9212.397, 9384.943, 8954.856), RS.cost = c(4.38009, 6.48679, 
    1.37974, 8.07451, 1.41239, 1.27527, 1.13571, 5.75744, 0.69204, 
    0.83112, 2.47237), RS.gamma = c(-11.1224, -3.99989, -4.49497, 
    -2.48141, -7.29287, -4.65808, -5.13179, -12.83067, -3.66478, 
    -2.7419, -5.70911), RS.data.balancing = c(0, 0, 0, 0, 0, 
    0, 0, 0, 0, 0, 0), RS.feature.selection = c(0, 0, 0, 0, 0, 
    0, 0, 0, 0, 0, 0), RS.valid.acc = c(0.81935, 0.85441, 0.84376, 
    0.84679, 0.85238, 0.85751, 0.85428, 0.84338, 0.8553, 0.84553, 
    0.8703), RS.test.acc = c(0.78643, 0.82463, 0.81039, 0.826, 
    0.82857, 0.83557, 0.83761, 0.83185, 0.84377, 0.83174, 0.85019
    ), RS.train.time = c(0.0346, 0.0393, 0.0395, 0.0478, 0.0411, 
    0.0443, 0.0522, 0.0512, 0.0603, 0.074, 0.0546), RS.n.support.vectors = c(87.5, 
    100.3, 102, 150.4, 107.6, 121.6, 119.9, 141.1, 167.3, 205.1, 
    131.3), RS.index = c(348, 863, 769, 170, 1136, 83, 669, 363, 
    2371, 1111, 1059), RS.n.solutions = c(8, 3, 2, 24, 2, 1, 
    3, 3, 1, 1, 2), RS.generations = c(100, 100, 100, 100, 100, 
    100, 100, 100, 100, 100, 100), RS.n.evaluations = c(2500, 
    2500, 2500, 2500, 2500, 2500, 2500, 2500, 2500, 2500, 2500
    ), RS.cpu.time = c(9259.486, 9216.184, 9121.363, 9174.41, 
    9266.409, 9233.94499999999, 9222.166, 9309.72999999998, 9261.10999999999, 
    9050.068, 9060.74099999998), DF.cost = c(1, 1, 1, 1, 1, 1, 
    1, 1, 1, 1, 1), DF.gamma = c(0.03704, 0.03704, 0.03704, 0.03704, 
    0.03704, 0.03704, 0.03704, 0.03704, 0.03704, 0.03704, 0.03704
    ), DF.data.balancing = c(0, 0, 0, 0, 0, 0, 0, 0, 0, 0, 0), 
    DF.feature.selection = c(0, 0, 0, 0, 0, 0, 0, 0, 0, 0, 0), 
    DF.valid.acc = c(0.7922, 0.81213, 0.81039, 0.81548, 0.81429, 
    0.83538, 0.83778, 0.82354, 0.84019, 0.83531, 0.84029), DF.test.acc = c(0.81268, 
    0.82463, 0.81039, 0.81521, 0.82381, 0.82233, 0.82944, 0.83538, 
    0.82538, 0.83174, 0.84351), DF.train.time = c(0.0361, 0.0361, 
    0.0397, 0.0418, 0.0447, 0.0507, 0.0476, 0.0507, 0.0551, 0.0551, 
    0.0596), DF.n.support.vectors = c(93.7, 98.1, 106.6, 110.2, 
    116.9, 125.1, 128.8, 137.2, 145.9, 151.8, 155.9), DF.index = c(1, 
    1, 1, 1, 1, 1, 1, 1, 1, 1, 1), DF.n.solutions = c(1, 1, 1, 
    1, 1, 1, 1, 1, 1, 1, 1), DF.generations = c(1, 1, 1, 1, 1, 
    1, 1, 1, 1, 1, 1), DF.n.evaluations = c(1, 1, 1, 1, 1, 1, 
    1, 1, 1, 1, 1), DF.cpu.time = c(3.693, 3.68, 3.631, 3.714, 
    3.669, 3.641, 3.588, 3.687, 3.621, 3.601, 3.224), SMBO.cost = c(1.00279096982908, 
    1.00279096982908, 1.00279096982908, 1.00279096982908, 1.00279096982908, 
    1.00279096982908, 1.00279096982908, 1.00279096982908, 1.00279096982908, 
    1.00279096982908, 1.00279096982908), SMBO.gamma = c(-4.84091517455323, 
    -4.84091517455323, -4.84091517455323, -4.84091517455323, 
    -4.84091517455323, -4.84091517455323, -4.84091517455323, 
    -4.84091517455323, -4.84091517455323, -4.84091517455323, 
    -4.84091517455323), SMBO.balanced.test.accuracy = c(0.852920708205928, 
    0.852920708205928, 0.852920708205928, 0.852920708205928, 
    0.852920708205928, 0.852920708205928, 0.852920708205928, 
    0.852920708205928, 0.852920708205928, 0.852920708205928, 
    0.852920708205928)), .Names = c("Sampling", "PSO.cost", "PSO.gamma", 
"PSO.data.balancing", "PSO.feature.selection", "PSO.valid.acc", 
"PSO.test.acc", "PSO.train.time", "PSO.n.support.vectors", "PSO.index", 
"PSO.n.solutions", "PSO.generations", "PSO.n.evaluations", "PSO.cpu.time", 
"RS.cost", "RS.gamma", "RS.data.balancing", "RS.feature.selection", 
"RS.valid.acc", "RS.test.acc", "RS.train.time", "RS.n.support.vectors", 
"RS.index", "RS.n.solutions", "RS.generations", "RS.n.evaluations", 
"RS.cpu.time", "DF.cost", "DF.gamma", "DF.data.balancing", "DF.feature.selection", 
"DF.valid.acc", "DF.test.acc", "DF.train.time", "DF.n.support.vectors", 
"DF.index", "DF.n.solutions", "DF.generations", "DF.n.evaluations", 
"DF.cpu.time", "SMBO.cost", "SMBO.gamma", "SMBO.balanced.test.accuracy"
), row.names = c(NA, -11L), class = "data.frame")
