new.sol <-
structure(list(Sampling = c(50, 55, 60, 65, 70, 75, 80, 85, 90, 
95, 100), PSO.cost = c(1.45327, 0.52604, 0.68837, 0.46142, 2.26726, 
0.64036, 1.88517, 0.94909, -0.76172, 0.13264, 0.55907), PSO.gamma = c(-5.2148, 
-3.79646, -3.42613, -4.51968, -5.68352, -4.3506, -5.04247, -3.99922, 
-5.14904, -4.06845, -2.82323), PSO.data.balancing = c(0, 0, 0, 
0, 0, 0, 0, 0, 0, 0, 0), PSO.feature.selection = c(0, 0, 0, 0, 
0, 0, 0, 0, 0, 0, 0), PSO.valid.acc = c(0.85696, 0.83777, 0.84931, 
0.87263, 0.86667, 0.87129, 0.86699, 0.86292, 0.84097, 0.85973, 
0.86664), PSO.test.acc = c(0.84399, 0.81975, 0.8382, 0.85737, 
0.84286, 0.84498, 0.85865, 0.85508, 0.84468, 0.84581, 0.84976
), PSO.train.time = c(0.0358, 0.037, 0.0414, 0.0392, 0.042, 0.0479, 
0.0498, 0.0568, 0.0552, 0.0617, 0.0746), PSO.n.support.vectors = c(85, 
113.6, 127.4, 114.4, 103.4, 129.6, 119.6, 149.7, 153.3, 162.2, 
210.5), PSO.index = c(340, 210, 211, 976, 233, 207, 225, 385, 
552, 345, 641), PSO.n.solutions = c(837, 640, 100, 87, 417, 852, 
644, 719, 716, 259, 424), PSO.generations = c(100, 100, 100, 
100, 100, 100, 100, 100, 100, 100, 100), PSO.n.evaluations = c(2500, 
2500, 2500, 2500, 2500, 2500, 2500, 2500, 2500, 2500, 2500), 
    PSO.cpu.time = c(9280.658, 9193.431, 9115.165, 9108.399, 
    9111.35000000001, 9262.33, 9215.90999999999, 9306.48500000002, 
    9206.31199999998, 9164.98299999998, 9128.761), RS.cost = c(0.73558, 
    0.06455, 0.65949, 1.55392, 1.27775, 0.58659, 1.90412, 0.81309, 
    -0.51436, 0.43788, 1.06347), RS.gamma = c(-4.36512, -3.82058, 
    -3.4286, -4.99996, -4.91001, -4.72548, -4.97458, -3.8379, 
    -5.00361, -4.22033, -4.2679), RS.data.balancing = c(0, 0, 
    0, 0, 0, 0, 0, 0, 0, 0, 0), RS.feature.selection = c(0, 0, 
    0, 0, 0, 0, 0, 0, 0, 0, 0), RS.valid.acc = c(0.85071, 0.83777, 
    0.84931, 0.86763, 0.8619, 0.85823, 0.86282, 0.85908, 0.84097, 
    0.85628, 0.86331), RS.test.acc = c(0.83732, 0.82564, 0.84376, 
    0.84684, 0.84762, 0.85786, 0.85865, 0.85908, 0.84097, 0.85283, 
    0.84654), RS.train.time = c(0.0354, 0.0387, 0.044, 0.0452, 
    0.041, 0.0476, 0.0482, 0.0542, 0.0552, 0.0588, 0.061), RS.n.support.vectors = c(94.5, 
    114.3, 127.2, 104.9, 114.5, 124, 120.4, 155.3, 148.9, 156.8, 
    159.3), RS.index = c(47, 1788, 223, 824, 45, 1159, 171, 22, 
    465, 1054, 2255), RS.n.solutions = c(4, 2, 1, 1, 8, 1, 1, 
    1, 1, 1, 2), RS.generations = c(100, 100, 100, 100, 100, 
    100, 100, 100, 100, 100, 100), RS.n.evaluations = c(2500, 
    2500, 2500, 2500, 2500, 2500, 2500, 2500, 2500, 2500, 2500
    ), RS.cpu.time = c(9153.883, 9117.984, 9083.141, 9089.979, 
    9177.255, 9216.447, 9174.141, 9219.73000000001, 9306.872, 
    8955.622, 8782.16399999999), DF.cost = c(1, 1, 1, 1, 1, 1, 
    1, 1, 1, 1, 1), DF.gamma = c(0.03704, 0.03704, 0.03704, 0.03704, 
    0.03704, 0.03704, 0.03704, 0.03704, 0.03704, 0.03704, 0.03704
    ), DF.data.balancing = c(0, 0, 0, 0, 0, 0, 0, 0, 0, 0, 0), 
    DF.feature.selection = c(0, 0, 0, 0, 0, 0, 0, 0, 0, 0, 0), 
    DF.valid.acc = c(0.83018, 0.81934, 0.83265, 0.86237, 0.83333, 
    0.8446, 0.83365, 0.83969, 0.82972, 0.84224, 0.83332), DF.test.acc = c(0.83018, 
    0.81975, 0.83232, 0.85237, 0.84762, 0.84442, 0.82949, 0.84354, 
    0.84097, 0.84236, 0.84354), DF.train.time = c(0.037, 0.0357, 
    0.0373, 0.0387, 0.0427, 0.0444, 0.0484, 0.0492, 0.0552, 0.056, 
    0.0616), DF.n.support.vectors = c(95.5, 103.6, 107.8, 113.5, 
    122.1, 126.3, 130, 136.6, 144.9, 149.6, 156), DF.index = c(1, 
    1, 1, 1, 1, 1, 1, 1, 1, 1, 1), DF.n.solutions = c(1, 1, 1, 
    1, 1, 1, 1, 1, 1, 1, 1), DF.generations = c(1, 1, 1, 1, 1, 
    1, 1, 1, 1, 1, 1), DF.n.evaluations = c(1, 1, 1, 1, 1, 1, 
    1, 1, 1, 1, 1), DF.cpu.time = c(3.67, 3.639, 3.586, 3.612, 
    3.673, 3.699, 3.586, 3.584, 3.704, 3.491, 3.418), SMBO.cost = c(2.36246847397269, 
    2.36246847397269, 2.36246847397269, 2.36246847397269, 2.36246847397269, 
    2.36246847397269, 2.36246847397269, 2.36246847397269, 2.36246847397269, 
    2.36246847397269, 2.36246847397269), SMBO.gamma = c(-4.13976518689626, 
    -4.13976518689626, -4.13976518689626, -4.13976518689626, 
    -4.13976518689626, -4.13976518689626, -4.13976518689626, 
    -4.13976518689626, -4.13976518689626, -4.13976518689626, 
    -4.13976518689626), SMBO.balanced.test.accuracy = c(0.839046404508139, 
    0.839046404508139, 0.839046404508139, 0.839046404508139, 
    0.839046404508139, 0.839046404508139, 0.839046404508139, 
    0.839046404508139, 0.839046404508139, 0.839046404508139, 
    0.839046404508139)), .Names = c("Sampling", "PSO.cost", "PSO.gamma", 
"PSO.data.balancing", "PSO.feature.selection", "PSO.valid.acc", 
"PSO.test.acc", "PSO.train.time", "PSO.n.support.vectors", "PSO.index", 
"PSO.n.solutions", "PSO.generations", "PSO.n.evaluations", "PSO.cpu.time", 
"RS.cost", "RS.gamma", "RS.data.balancing", "RS.feature.selection", 
"RS.valid.acc", "RS.test.acc", "RS.train.time", "RS.n.support.vectors", 
"RS.index", "RS.n.solutions", "RS.generations", "RS.n.evaluations", 
"RS.cpu.time", "DF.cost", "DF.gamma", "DF.data.balancing", "DF.feature.selection", 
"DF.valid.acc", "DF.test.acc", "DF.train.time", "DF.n.support.vectors", 
"DF.index", "DF.n.solutions", "DF.generations", "DF.n.evaluations", 
"DF.cpu.time", "SMBO.cost", "SMBO.gamma", "SMBO.balanced.test.accuracy"
), row.names = c(NA, -11L), class = "data.frame")
