new.sol <-
structure(list(Sampling = c(50, 55, 60, 65, 70, 75, 80, 85, 90, 
95, 100), PSO.cost = c(3.1053, 1.03111, -1.32029, 7.07575, 0.8071, 
0.67574, 0.78409, 0.71781, 1.63036, 0.76817, -0.0555), PSO.gamma = c(-6.0955, 
-6.37862, -4.11307, -10.10038, -5.8407, -4.24011, -5.7868, -2.43251, 
-3.73069, -3.25953, -5.44691), PSO.data.balancing = c(0, 0, 0, 
0, 0, 0, 0, 0, 0, 0, 0), PSO.feature.selection = c(0, 0, 0, 0, 
0, 0, 0, 0, 0, 0, 0), PSO.valid.acc = c(0.89226, 0.89591, 0.85619, 
0.84053, 0.83781, 0.84822, 0.84167, 0.84785, 0.85949, 0.85628, 
0.84697), PSO.test.acc = c(0.88601, 0.87863, 0.85648, 0.82, 0.83281, 
0.83498, 0.82917, 0.84015, 0.84825, 0.84544, 0.83697), PSO.train.time = c(0.0297, 
0.0315, 0.0369, 0.034, 0.0388, 0.0486, 0.046, 0.0614, 0.0612, 
0.0715, 0.059), PSO.n.support.vectors = c(69.2, 83.8, 120.8, 
75.9, 107.6, 128.7, 120.2, 191.5, 159.7, 186.2, 154.2), PSO.index = c(300, 
687, 296, 61, 421, 194, 475, 38, 507, 109, 174), PSO.n.solutions = c(81, 
27, 357, 286, 566, 838, 169, 521, 476, 360, 422), PSO.generations = c(100, 
100, 100, 100, 100, 100, 100, 100, 100, 100, 100), PSO.n.evaluations = c(2500, 
2500, 2500, 2500, 2500, 2500, 2500, 2500, 2500, 2500, 2500), 
    PSO.cpu.time = c(6784.31, 6879.222, 7007.408, 7153.418, 7289.557, 
    7478.913, 7602.976, 7657.31600000001, 7807.69, 7888.60700000002, 
    7807.03599999999), RS.cost = c(2.8898, -1.17854, -1.3423, 
    6.48585, 0.80649, 0.79145, 0.76318, 0.87619, 1.31939, 0.96039, 
    0.12607), RS.gamma = c(-5.8891, -3.76316, -4.41558, -9.62285, 
    -5.89507, -4.49003, -5.69662, -2.41575, -3.65633, -3.289, 
    -5.74954), RS.data.balancing = c(0, 0, 0, 0, 0, 0, 0, 0, 
    0, 0, 0), RS.feature.selection = c(0, 0, 0, 0, 0, 0, 0, 0, 
    0, 0, 0), RS.valid.acc = c(0.89226, 0.89039, 0.85619, 0.84053, 
    0.83781, 0.84822, 0.84167, 0.844, 0.85209, 0.85283, 0.84363
    ), RS.test.acc = c(0.87935, 0.87275, 0.85648, 0.82, 0.83281, 
    0.83478, 0.82917, 0.84015, 0.85195, 0.842, 0.83697), RS.train.time = c(0.0309, 
    0.0347, 0.0385, 0.034, 0.0385, 0.0436, 0.0441, 0.065, 0.0596, 
    0.0664, 0.0594), RS.n.support.vectors = c(70.2, 115.2, 117.6, 
    77.4, 107.2, 125.7, 120.6, 191.7, 164.1, 184.8, 152.9), RS.index = c(46, 
    121, 781, 274, 1686, 193, 2434, 1803, 464, 185, 555), RS.n.solutions = c(1, 
    2, 3, 2, 1, 2, 1, 1, 3, 2, 4), RS.generations = c(100, 100, 
    100, 100, 100, 100, 100, 100, 100, 100, 100), RS.n.evaluations = c(2500, 
    2500, 2500, 2500, 2500, 2500, 2500, 2500, 2500, 2500, 2500
    ), RS.cpu.time = c(6819.767, 6961.246, 7080.026, 7299.874, 
    7389.987, 7365.08500000001, 7538.34299999999, 7751.66, 7670.16300000002, 
    7800.40400000001, 7934.253), DF.cost = c(1, 1, 1, 1, 1, 1, 
    1, 1, 1, 1, 1), DF.gamma = c(0.03704, 0.03704, 0.03704, 0.03704, 
    0.03704, 0.03704, 0.03704, 0.03704, 0.03704, 0.03704, 0.03704
    ), DF.data.balancing = c(0, 0, 0, 0, 0, 0, 0, 0, 0, 0, 0), 
    DF.feature.selection = c(0, 0, 0, 0, 0, 0, 0, 0, 0, 0, 0), 
    DF.valid.acc = c(0.86601, 0.87201, 0.83887, 0.81447, 0.82805, 
    0.84368, 0.81667, 0.82785, 0.84468, 0.83522, 0.83697), DF.test.acc = c(0.86601, 
    0.86025, 0.83299, 0.81974, 0.81853, 0.82589, 0.82083, 0.83169, 
    0.83714, 0.83879, 0.8403), DF.train.time = c(0.0305, 0.0315, 
    0.038, 0.041, 0.041, 0.043, 0.0459, 0.0529, 0.0534, 0.057, 
    0.0598), DF.n.support.vectors = c(85.5, 91.5, 102.9, 112, 
    118, 125.6, 132.2, 139.2, 144.3, 151.9, 156.7), DF.index = c(1, 
    1, 1, 1, 1, 1, 1, 1, 1, 1, 1), DF.n.solutions = c(1, 1, 1, 
    1, 1, 1, 1, 1, 1, 1, 1), DF.generations = c(1, 1, 1, 1, 1, 
    1, 1, 1, 1, 1, 1), DF.n.evaluations = c(1, 1, 1, 1, 1, 1, 
    1, 1, 1, 1, 1), DF.cpu.time = c(2.694, 2.704, 2.999, 3.035, 
    2.815, 2.841, 2.871, 3.158, 2.927, 2.962, 2.969), SMBO.cost = c(4.3321960980451, 
    4.3321960980451, 4.3321960980451, 4.3321960980451, 4.3321960980451, 
    4.3321960980451, 4.3321960980451, 4.3321960980451, 4.3321960980451, 
    4.3321960980451, 4.3321960980451), SMBO.gamma = c(-7.36733123801969, 
    -7.36733123801969, -7.36733123801969, -7.36733123801969, 
    -7.36733123801969, -7.36733123801969, -7.36733123801969, 
    -7.36733123801969, -7.36733123801969, -7.36733123801969, 
    -7.36733123801969), SMBO.balanced.test.accuracy = c(0.851757415443163, 
    0.851757415443163, 0.851757415443163, 0.851757415443163, 
    0.851757415443163, 0.851757415443163, 0.851757415443163, 
    0.851757415443163, 0.851757415443163, 0.851757415443163, 
    0.851757415443163)), .Names = c("Sampling", "PSO.cost", "PSO.gamma", 
"PSO.data.balancing", "PSO.feature.selection", "PSO.valid.acc", 
"PSO.test.acc", "PSO.train.time", "PSO.n.support.vectors", "PSO.index", 
"PSO.n.solutions", "PSO.generations", "PSO.n.evaluations", "PSO.cpu.time", 
"RS.cost", "RS.gamma", "RS.data.balancing", "RS.feature.selection", 
"RS.valid.acc", "RS.test.acc", "RS.train.time", "RS.n.support.vectors", 
"RS.index", "RS.n.solutions", "RS.generations", "RS.n.evaluations", 
"RS.cpu.time", "DF.cost", "DF.gamma", "DF.data.balancing", "DF.feature.selection", 
"DF.valid.acc", "DF.test.acc", "DF.train.time", "DF.n.support.vectors", 
"DF.index", "DF.n.solutions", "DF.generations", "DF.n.evaluations", 
"DF.cpu.time", "SMBO.cost", "SMBO.gamma", "SMBO.balanced.test.accuracy"
), row.names = c(NA, -11L), class = "data.frame")
