new.sol <-
structure(list(Sampling = c(50, 55, 60, 65, 70, 75, 80, 85, 90, 
95, 100), PSO.cost = c(12.03613, 6.74642, 2.70091, -1.99265, 
8.1261, 6.2834, 14.16291, -2, 0.94658, -1.72285, -1.66368), PSO.gamma = c(-0.52226, 
-9.64975, -6.97556, -4.36948, -13.74561, -9.28662, -13.70425, 
-3.72403, -6.11563, -2.43807, -2.60554), PSO.data.balancing = c(0, 
0, 0, 0, 0, 0, 0, 0, 0, 0, 0), PSO.feature.selection = c(0, 0, 
0, 0, 0, 0, 0, 0, 0, 0, 0), PSO.valid.acc = c(0.64015, 0.6641, 
0.64725, 0.68726, 0.69017, 0.70355, 0.73299, 0.72658, 0.71286, 
0.71797, 0.73842), PSO.test.acc = c(0.56212, 0.58526, 0.64066, 
0.66589, 0.69059, 0.68591, 0.66164, 0.71213, 0.70786, 0.67619, 
0.73406), PSO.train.time = c(0.0267, 0.0318, 0.0268, 0.0276, 
0.0295, 0.0302, 0.0351, 0.034, 0.0466, 0.0464, 0.0455), PSO.n.support.vectors = c(91.2, 
79.8, 94.5, 115.8, 111.5, 98, 89.4, 138.5, 131, 152.9, 160.5), 
    PSO.index = c(740, 46, 1492, 1124, 97, 592, 117, 774, 706, 
    714, 1337), PSO.n.solutions = c(173, 211, 1, 54, 139, 47, 
    142, 75, 71, 104, 31), PSO.generations = c(100, 100, 100, 
    100, 100, 100, 100, 100, 100, 100, 100), PSO.n.evaluations = c(2500, 
    2500, 2500, 2500, 2500, 2500, 2500, 2500, 2500, 2500, 2500
    ), PSO.cpu.time = c(9176.762, 9602.759, 8104.224, 8390.99, 
    8524.06300000001, 8615.69, 8855.39, 8613.481, 12422.591, 
    12856.099, 12284.015), RS.cost = c(-1.34901, 7.46606, 2.51536, 
    -1.99156, 1.09452, 6.65933, 14.82553, -1.68976, 0.98243, 
    -1.3977, -1.97431), RS.gamma = c(-2.53704, -10.24883, -6.82121, 
    -4.20328, -6.58944, -9.40586, -14.37595, -4.34725, -6.0558, 
    -2.23362, -3.23682), RS.data.balancing = c(0, 0, 0, 0, 0, 
    0, 0, 0, 0, 0, 0), RS.feature.selection = c(0, 0, 0, 0, 0, 
    0, 0, 0, 0, 0, 0), RS.valid.acc = c(0.63939, 0.6641, 0.64725, 
    0.68679, 0.69642, 0.70319, 0.73299, 0.72102, 0.70786, 0.71342, 
    0.72933), RS.test.acc = c(0.57652, 0.59359, 0.64066, 0.67923, 
    0.69059, 0.69734, 0.65053, 0.70687, 0.70786, 0.66667, 0.72933
    ), RS.train.time = c(0.03, 0.0268, 0.0255, 0.0293, 0.0295, 
    0.0295, 0.0352, 0.0348, 0.0401, 0.043, 0.0447), RS.n.support.vectors = c(89.4, 
    79.8, 94.6, 115.8, 112, 96.6, 89.4, 137.8, 130.5, 153.1, 
    160.3), RS.index = c(2290, 64, 1380, 1389, 1948, 200, 1021, 
    2198, 349, 1804, 600), RS.n.solutions = c(1, 12, 1, 1, 1, 
    5, 2, 1, 1, 1, 4), RS.generations = c(100, 100, 100, 100, 
    100, 100, 100, 100, 100, 100, 100), RS.n.evaluations = c(2500, 
    2500, 2500, 2500, 2500, 2500, 2500, 2500, 2500, 2500, 2500
    ), RS.cpu.time = c(12314.961, 8220.753, 8263.21, 8469.16100000001, 
    8655.337, 8818.86, 8700.443, 8745.361, 12750.083, 12568.552, 
    12553.248), DF.cost = c(1, 1, 1, 1, 1, 1, 1, 1, 1, 1, 1), 
    DF.gamma = c(0.04545, 0.04545, 0.04545, 0.04545, 0.04545, 
    0.04545, 0.04545, 0.04545, 0.04545, 0.04545, 0.04545), DF.data.balancing = c(0, 
    0, 0, 0, 0, 0, 0, 0, 0, 0, 0), DF.feature.selection = c(0, 
    0, 0, 0, 0, 0, 0, 0, 0, 0, 0), DF.valid.acc = c(0.58561, 
    0.61731, 0.61044, 0.64625, 0.65809, 0.65613, 0.69933, 0.69658, 
    0.69786, 0.67987, 0.70702), DF.test.acc = c(0.56742, 0.63333, 
    0.6033, 0.65875, 0.67142, 0.68595, 0.68357, 0.70187, 0.6881, 
    0.70823, 0.71571), DF.train.time = c(0.0294, 0.0272, 0.0262, 
    0.0284, 0.029, 0.0301, 0.0304, 0.0331, 0.042, 0.0414, 0.0444
    ), DF.n.support.vectors = c(85, 93.2, 99, 104, 109.5, 112.6, 
    117.5, 123.1, 130.1, 135.5, 143), DF.index = c(1, 1, 1, 1, 
    1, 1, 1, 1, 1, 1, 1), DF.n.solutions = c(1, 1, 1, 1, 1, 1, 
    1, 1, 1, 1, 1), DF.generations = c(1, 1, 1, 1, 1, 1, 1, 1, 
    1, 1, 1), DF.n.evaluations = c(1, 1, 1, 1, 1, 1, 1, 1, 1, 
    1, 1), DF.cpu.time = c(4.757, 3.508, 3.116, 3.31, 3.289, 
    3.339, 3.226, 3.334, 5.131, 4.895, 5.011), SMBO.cost = c(2.23022121326881, 
    2.23022121326881, 2.23022121326881, 2.23022121326881, 2.23022121326881, 
    2.23022121326881, 2.23022121326881, 2.23022121326881, 2.23022121326881, 
    2.23022121326881, 2.23022121326881), SMBO.gamma = c(-6.40228314364986, 
    -6.40228314364986, -6.40228314364986, -6.40228314364986, 
    -6.40228314364986, -6.40228314364986, -6.40228314364986, 
    -6.40228314364986, -6.40228314364986, -6.40228314364986, 
    -6.40228314364986), SMBO.balanced.test.accuracy = c(0.729089082214082, 
    0.729089082214082, 0.729089082214082, 0.729089082214082, 
    0.729089082214082, 0.729089082214082, 0.729089082214082, 
    0.729089082214082, 0.729089082214082, 0.729089082214082, 
    0.729089082214082)), .Names = c("Sampling", "PSO.cost", "PSO.gamma", 
"PSO.data.balancing", "PSO.feature.selection", "PSO.valid.acc", 
"PSO.test.acc", "PSO.train.time", "PSO.n.support.vectors", "PSO.index", 
"PSO.n.solutions", "PSO.generations", "PSO.n.evaluations", "PSO.cpu.time", 
"RS.cost", "RS.gamma", "RS.data.balancing", "RS.feature.selection", 
"RS.valid.acc", "RS.test.acc", "RS.train.time", "RS.n.support.vectors", 
"RS.index", "RS.n.solutions", "RS.generations", "RS.n.evaluations", 
"RS.cpu.time", "DF.cost", "DF.gamma", "DF.data.balancing", "DF.feature.selection", 
"DF.valid.acc", "DF.test.acc", "DF.train.time", "DF.n.support.vectors", 
"DF.index", "DF.n.solutions", "DF.generations", "DF.n.evaluations", 
"DF.cpu.time", "SMBO.cost", "SMBO.gamma", "SMBO.balanced.test.accuracy"
), row.names = c(NA, -11L), class = "data.frame")
