new.sol <-
structure(list(Sampling = c(50, 55, 60, 65, 70, 75, 80, 85, 90, 
95, 100), PSO.cost = c(6.2419, 6.08129, -0.90316, 6.97133, 6.58207, 
-1.13455, 9.07958, 14.59936, 6.74461, 14.94595, -1.93343), PSO.gamma = c(-9.23847, 
-9.99571, -4.5894, -13.26705, -8.93686, -3.50784, -15, -13.5506, 
-13.75592, -14.81526, -2.85336), PSO.data.balancing = c(0, 0, 
0, 0, 0, 0, 0, 0, 0, 0, 0), PSO.feature.selection = c(0, 0, 0, 
0, 0, 0, 0, 0, 0, 0, 0), PSO.valid.acc = c(0.69924, 0.69744, 
0.69176, 0.7019, 0.67167, 0.70993, 0.72797, 0.70734, 0.72847, 
0.76558, 0.71667), PSO.test.acc = c(0.68106, 0.68077, 0.66319, 
0.65429, 0.63292, 0.68117, 0.70542, 0.64968, 0.70318, 0.70952, 
0.69453), PSO.train.time = c(0.0237, 0.0291, 0.0311, 0.032, 0.0329, 
0.0349, 0.037, 0.0433, 0.0418, 0.0432, 0.045), PSO.n.support.vectors = c(67, 
78.3, 96.9, 104.4, 89.8, 119.3, 122, 96.1, 143.5, 105.3, 160.7
), PSO.index = c(72, 667, 1857, 268, 1482, 1188, 91, 549, 624, 
360, 2178), PSO.n.solutions = c(137, 40, 16, 82, 30, 126, 77, 
6, 21, 215, 3), PSO.generations = c(100, 100, 100, 100, 100, 
100, 100, 100, 100, 100, 100), PSO.n.evaluations = c(2500, 2500, 
2500, 2500, 2500, 2500, 2500, 2500, 2500, 2500, 2500), PSO.cpu.time = c(8695.31, 
11847.131, 11765.549, 11614.957, 11659.86, 11810.169, 12001.106, 
12782.342, 12633.674, 11954.905, 11987.4), RS.cost = c(9.00402, 
9.22426, 0.09672, 2.51462, 9.69044, -1.43696, 7.56486, 14.02995, 
-0.79571, 14.8518, -1.94753), RS.gamma = c(-12.17811, -13.24044, 
-5.67804, -8.79621, -12.23291, -3.33126, -13.47006, -12.87012, 
-3.14769, -14.81066, -2.78095), RS.data.balancing = c(0, 0, 0, 
0, 0, 0, 0, 0, 0, 0, 0), RS.feature.selection = c(0, 0, 0, 0, 
0, 0, 0, 0, 0, 0, 0), RS.valid.acc = c(0.69924, 0.69744, 0.68407, 
0.7019, 0.66542, 0.70372, 0.72797, 0.69708, 0.72826, 0.76082, 
0.7125), RS.test.acc = c(0.66288, 0.67244, 0.66209, 0.65429, 
0.63333, 0.67565, 0.70542, 0.64412, 0.7235, 0.71407, 0.69453), 
    RS.train.time = c(0.0309, 0.0307, 0.0295, 0.032, 0.0316, 
    0.035, 0.0364, 0.0443, 0.0391, 0.0431, 0.0436), RS.n.support.vectors = c(68, 
    78.9, 95.5, 104.4, 90.9, 122, 122, 95.7, 134.6, 105.7, 161.2
    ), RS.index = c(41, 571, 1226, 1306, 159, 1544, 528, 203, 
    91, 634, 2068), RS.n.solutions = c(21, 1, 1, 4, 8, 1, 6, 
    5, 1, 3, 1), RS.generations = c(100, 100, 100, 100, 100, 
    100, 100, 100, 100, 100, 100), RS.n.evaluations = c(2500, 
    2500, 2500, 2500, 2500, 2500, 2500, 2500, 2500, 2500, 2500
    ), RS.cpu.time = c(11931.631, 12027.851, 11729.975, 11701.626, 
    11648.004, 12034.401, 12432.608, 12858.309, 12395.361, 11904.384, 
    12045.773), DF.cost = c(1, 1, 1, 1, 1, 1, 1, 1, 1, 1, 1), 
    DF.gamma = c(0.04545, 0.04545, 0.04545, 0.04545, 0.04545, 
    0.04545, 0.04545, 0.04545, 0.04545, 0.04545, 0.04545), DF.data.balancing = c(0, 
    0, 0, 0, 0, 0, 0, 0, 0, 0, 0), DF.feature.selection = c(0, 
    0, 0, 0, 0, 0, 0, 0, 0, 0, 0), DF.valid.acc = c(0.6553, 0.67308, 
    0.65549, 0.65429, 0.64625, 0.68117, 0.69986, 0.64909, 0.70826, 
    0.71883, 0.70303), DF.test.acc = c(0.62879, 0.6641, 0.64011, 
    0.6481, 0.6525, 0.68084, 0.72208, 0.67292, 0.70873, 0.71407, 
    0.68111), DF.train.time = c(0.0278, 0.0309, 0.0315, 0.0321, 
    0.0318, 0.0335, 0.0368, 0.0376, 0.0395, 0.0412, 0.0412), 
    DF.n.support.vectors = c(78.5, 85.3, 91.4, 97.4, 106, 112.2, 
    116.2, 124.2, 127.7, 133.2, 142.2), DF.index = c(1, 1, 1, 
    1, 1, 1, 1, 1, 1, 1, 1), DF.n.solutions = c(1, 1, 1, 1, 1, 
    1, 1, 1, 1, 1, 1), DF.generations = c(1, 1, 1, 1, 1, 1, 1, 
    1, 1, 1, 1), DF.n.evaluations = c(1, 1, 1, 1, 1, 1, 1, 1, 
    1, 1, 1), DF.cpu.time = c(4.521, 5.115, 4.968, 4.799, 4.455, 
    4.727, 5.17, 4.95, 4.676, 4.954, 4.485), SMBO.cost = c(2.64726822022494, 
    2.64726822022494, 2.64726822022494, 2.64726822022494, 2.64726822022494, 
    2.64726822022494, 2.64726822022494, 2.64726822022494, 2.64726822022494, 
    2.64726822022494, 2.64726822022494), SMBO.gamma = c(-8.12637684943957, 
    -8.12637684943957, -8.12637684943957, -8.12637684943957, 
    -8.12637684943957, -8.12637684943957, -8.12637684943957, 
    -8.12637684943957, -8.12637684943957, -8.12637684943957, 
    -8.12637684943957), SMBO.balanced.test.accuracy = c(0.750018590620506, 
    0.750018590620506, 0.750018590620506, 0.750018590620506, 
    0.750018590620506, 0.750018590620506, 0.750018590620506, 
    0.750018590620506, 0.750018590620506, 0.750018590620506, 
    0.750018590620506)), .Names = c("Sampling", "PSO.cost", "PSO.gamma", 
"PSO.data.balancing", "PSO.feature.selection", "PSO.valid.acc", 
"PSO.test.acc", "PSO.train.time", "PSO.n.support.vectors", "PSO.index", 
"PSO.n.solutions", "PSO.generations", "PSO.n.evaluations", "PSO.cpu.time", 
"RS.cost", "RS.gamma", "RS.data.balancing", "RS.feature.selection", 
"RS.valid.acc", "RS.test.acc", "RS.train.time", "RS.n.support.vectors", 
"RS.index", "RS.n.solutions", "RS.generations", "RS.n.evaluations", 
"RS.cpu.time", "DF.cost", "DF.gamma", "DF.data.balancing", "DF.feature.selection", 
"DF.valid.acc", "DF.test.acc", "DF.train.time", "DF.n.support.vectors", 
"DF.index", "DF.n.solutions", "DF.generations", "DF.n.evaluations", 
"DF.cpu.time", "SMBO.cost", "SMBO.gamma", "SMBO.balanced.test.accuracy"
), row.names = c(NA, -11L), class = "data.frame")
