new.sol <-
structure(list(Sampling = c(50, 55, 60, 65, 70, 75, 80, 85, 90, 
95, 100), PSO.cost = c(10.07669, 5.58425, 13.30303, -0.75202, 
5.19083, 1.4384, 4.85094, 3.32724, 3.00151, 7.57476, 0.42315), 
    PSO.gamma = c(-10.0416, -6.36664, -12.59068, -5.20186, -11.70714, 
    -7.75908, -10.93877, -10.01116, -4.85352, -15, -4.60385), 
    PSO.data.balancing = c(0, 0, 0, 0, 0, 0, 0, 0, 0, 0, 0), 
    PSO.feature.selection = c(0, 0, 0, 0, 0, 0, 0, 0, 0, 0, 0
    ), PSO.valid.acc = c(0.73485, 0.69359, 0.73549, 0.68714, 
    0.69549, 0.71928, 0.72208, 0.73421, 0.72738, 0.74136, 0.70751
    ), PSO.test.acc = c(0.66515, 0.63718, 0.70418, 0.63333, 0.67752, 
    0.67623, 0.71097, 0.71763, 0.6881, 0.71385, 0.68557), PSO.train.time = c(0.0245, 
    0.0258, 0.0303, 0.0285, 0.03, 0.0311, 0.033, 0.0365, 0.0347, 
    0.0427, 0.037), PSO.n.support.vectors = c(56.7, 69.4, 70.1, 
    109.9, 115.8, 119.5, 123.5, 136.5, 113.2, 156.6, 139.1), 
    PSO.index = c(94, 614, 458, 1423, 227, 69, 207, 166, 855, 
    250, 519), PSO.n.solutions = c(151, 183, 303, 20, 74, 10, 
    102, 83, 70, 131, 55), PSO.generations = c(100, 100, 100, 
    100, 100, 100, 100, 100, 100, 100, 100), PSO.n.evaluations = c(2500, 
    2500, 2500, 2500, 2500, 2500, 2500, 2500, 2500, 2500, 2500
    ), PSO.cpu.time = c(8283.175, 8380.35, 8386.032, 8445.186, 
    8586.96800000001, 8749.876, 8916.48699999999, 8947.389, 8982.92799999999, 
    12596.718, 10609.661), RS.cost = c(10.97713, 5.60642, 13.39039, 
    8.19261, -1.72341, 5.4014, 3.16433, 5.2986, 3.02897, 2.28254, 
    0.47337), RS.gamma = c(-10.89059, -6.48252, -12.70003, -14.70154, 
    -3.62716, -11.68132, -9.29712, -11.99006, -4.90281, -9.7039, 
    -4.62531), RS.data.balancing = c(0, 0, 0, 0, 0, 0, 0, 0, 
    0, 0, 0), RS.feature.selection = c(0, 0, 0, 0, 0, 0, 0, 0, 
    0, 0, 0), RS.valid.acc = c(0.73485, 0.69359, 0.73549, 0.68048, 
    0.69632, 0.7248, 0.72208, 0.73421, 0.72738, 0.73206, 0.70751
    ), RS.test.acc = c(0.66515, 0.64551, 0.69703, 0.62619, 0.66466, 
    0.69461, 0.71097, 0.71763, 0.6831, 0.70931, 0.68557), RS.train.time = c(0.0246, 
    0.0248, 0.0301, 0.0285, 0.0306, 0.0326, 0.0319, 0.0353, 0.0338, 
    0.0419, 0.0458), RS.n.support.vectors = c(56.9, 69.4, 70.1, 
    109.7, 116.5, 119.1, 123.8, 136.5, 113.2, 156.6, 138.6), 
    RS.index = c(41, 1605, 1276, 38, 2347, 2299, 435, 315, 564, 
    368, 799), RS.n.solutions = c(3, 1, 3, 21, 1, 1, 8, 10, 1, 
    1, 2), RS.generations = c(100, 100, 100, 100, 100, 100, 100, 
    100, 100, 100, 100), RS.n.evaluations = c(2500, 2500, 2500, 
    2500, 2500, 2500, 2500, 2500, 2500, 2500, 2500), RS.cpu.time = c(8281.629, 
    8358.52899999999, 8505.709, 8434.83199999999, 8758.58500000001, 
    8846.16100000001, 8906.20600000001, 9047.23000000001, 11270.48, 
    11470.681, 12939.768), DF.cost = c(1, 1, 1, 1, 1, 1, 1, 1, 
    1, 1, 1), DF.gamma = c(0.04545, 0.04545, 0.04545, 0.04545, 
    0.04545, 0.04545, 0.04545, 0.04545, 0.04545, 0.04545, 0.04545
    ), DF.data.balancing = c(0, 0, 0, 0, 0, 0, 0, 0, 0, 0, 0), 
    DF.feature.selection = c(0, 0, 0, 0, 0, 0, 0, 0, 0, 0, 0), 
    DF.valid.acc = c(0.58712, 0.63077, 0.64886, 0.65952, 0.67711, 
    0.71299, 0.69986, 0.70737, 0.71738, 0.70429, 0.69012), DF.test.acc = c(0.61364, 
    0.63974, 0.66886, 0.63286, 0.63919, 0.70053, 0.7162, 0.72816, 
    0.7031, 0.70931, 0.68104), DF.train.time = c(0.0245, 0.0254, 
    0.0269, 0.0283, 0.0312, 0.0311, 0.0328, 0.0334, 0.0359, 0.0357, 
    0.0447), DF.n.support.vectors = c(80.5, 88.7, 94.1, 102.1, 
    106, 110.8, 116.1, 121.4, 126.6, 134, 142.2), DF.index = c(1, 
    1, 1, 1, 1, 1, 1, 1, 1, 1, 1), DF.n.solutions = c(1, 1, 1, 
    1, 1, 1, 1, 1, 1, 1, 1), DF.generations = c(1, 1, 1, 1, 1, 
    1, 1, 1, 1, 1, 1), DF.n.evaluations = c(1, 1, 1, 1, 1, 1, 
    1, 1, 1, 1, 1), DF.cpu.time = c(3.312, 3.294, 3.522, 3.368, 
    3.65, 3.607, 3.462, 3.635, 4.577, 3.573, 5.117), SMBO.cost = c(2.39661972424801, 
    2.39661972424801, 2.39661972424801, 2.39661972424801, 2.39661972424801, 
    2.39661972424801, 2.39661972424801, 2.39661972424801, 2.39661972424801, 
    2.39661972424801, 2.39661972424801), SMBO.gamma = c(-4.97705728357017, 
    -4.97705728357017, -4.97705728357017, -4.97705728357017, 
    -4.97705728357017, -4.97705728357017, -4.97705728357017, 
    -4.97705728357017, -4.97705728357017, -4.97705728357017, 
    -4.97705728357017), SMBO.balanced.test.accuracy = c(0.750459948735811, 
    0.750459948735811, 0.750459948735811, 0.750459948735811, 
    0.750459948735811, 0.750459948735811, 0.750459948735811, 
    0.750459948735811, 0.750459948735811, 0.750459948735811, 
    0.750459948735811)), .Names = c("Sampling", "PSO.cost", "PSO.gamma", 
"PSO.data.balancing", "PSO.feature.selection", "PSO.valid.acc", 
"PSO.test.acc", "PSO.train.time", "PSO.n.support.vectors", "PSO.index", 
"PSO.n.solutions", "PSO.generations", "PSO.n.evaluations", "PSO.cpu.time", 
"RS.cost", "RS.gamma", "RS.data.balancing", "RS.feature.selection", 
"RS.valid.acc", "RS.test.acc", "RS.train.time", "RS.n.support.vectors", 
"RS.index", "RS.n.solutions", "RS.generations", "RS.n.evaluations", 
"RS.cpu.time", "DF.cost", "DF.gamma", "DF.data.balancing", "DF.feature.selection", 
"DF.valid.acc", "DF.test.acc", "DF.train.time", "DF.n.support.vectors", 
"DF.index", "DF.n.solutions", "DF.generations", "DF.n.evaluations", 
"DF.cpu.time", "SMBO.cost", "SMBO.gamma", "SMBO.balanced.test.accuracy"
), row.names = c(NA, -11L), class = "data.frame")
