new.sol <-
structure(list(Sampling = c(50, 55, 60, 65, 70, 75, 80, 85, 90, 
95, 100), PSO.cost = c(4.70261, 2.98981, 0.98195, 1.3009, 1.14428, 
1.07302, 8.81325, 0.10018, 5.9359, 3.0588, 0.30942), PSO.gamma = c(-7.27785, 
-6.94876, -4.44729, -5.60005, -4.41895, -6.13597, -14.18923, 
-3.39731, -11.18189, -10.0015, -4.11289), PSO.data.balancing = c(0, 
0, 0, 0, 0, 0, 0, 0, 0, 0, 0), PSO.feature.selection = c(0, 0, 
0, 0, 0, 0, 0, 0, 0, 0, 0), PSO.valid.acc = c(0.76329, 0.74167, 
0.75733, 0.74565, 0.75167, 0.75384, 0.78868, 0.76442, 0.74333, 
0.74264, 0.73724), PSO.test.acc = c(0.67314, 0.74936, 0.7348, 
0.73185, 0.73292, 0.74212, 0.73299, 0.73751, 0.71857, 0.70065, 
0.70163), PSO.train.time = c(0.023, 0.0245, 0.0238, 0.0277, 0.0263, 
0.0278, 0.0288, 0.0302, 0.0307, 0.0362, 0.0364), PSO.n.support.vectors = c(60.6, 
75.5, 83.5, 92.4, 92.5, 108.1, 112.4, 119, 127, 152.3, 139.9), 
    PSO.index = c(580, 79, 1141, 1191, 1045, 416, 320, 1352, 
    179, 135, 1007), PSO.n.solutions = c(63, 264, 34, 73, 25, 
    71, 28, 164, 132, 76, 46), PSO.generations = c(100, 100, 
    100, 100, 100, 100, 100, 100, 100, 100, 100), PSO.n.evaluations = c(2500, 
    2500, 2500, 2500, 2500, 2500, 2500, 2500, 2500, 2500, 2500
    ), PSO.cpu.time = c(8632.115, 8672.834, 8646.228, 8839.412, 
    8643.19900000001, 8754.644, 8753.22499999999, 8602.45699999999, 
    8952.69900000002, 9300.34400000001, 8978.68799999999), RS.cost = c(5.57774, 
    5.77759, 0.76126, 0.93072, 3.96023, 2.30029, 9.23971, 0.09575, 
    8.29548, 2.7921, 0.31435), RS.gamma = c(-8.24052, -10.16197, 
    -4.2065, -5.22556, -8.13624, -6.90105, -14.62343, -3.17252, 
    -13.58249, -9.72455, -4.22449), RS.data.balancing = c(0, 
    0, 0, 0, 0, 0, 0, 0, 0, 0, 0), RS.feature.selection = c(0, 
    0, 0, 0, 0, 0, 0, 0, 0, 0, 0), RS.valid.acc = c(0.76329, 
    0.74167, 0.75733, 0.74565, 0.74542, 0.75351, 0.78868, 0.75389, 
    0.74333, 0.74264, 0.73724), RS.test.acc = c(0.67314, 0.74936, 
    0.7348, 0.72518, 0.73917, 0.75425, 0.73299, 0.72699, 0.72333, 
    0.70065, 0.70618), RS.train.time = c(0.0236, 0.0225, 0.0244, 
    0.0265, 0.0271, 0.0289, 0.0297, 0.0318, 0.0354, 0.0255, 0.0376
    ), RS.n.support.vectors = c(60.2, 77.3, 84.7, 93, 91.1, 102.4, 
    112.3, 120.5, 127.1, 152.1, 139.9), RS.index = c(325, 13, 
    715, 390, 34, 158, 43, 2353, 115, 605, 2019), RS.n.solutions = c(3, 
    59, 1, 3, 110, 1, 5, 1, 6, 7, 1), RS.generations = c(100, 
    100, 100, 100, 100, 100, 100, 100, 100, 100, 100), RS.n.evaluations = c(2500, 
    2500, 2500, 2500, 2500, 2500, 2500, 2500, 2500, 2500, 2500
    ), RS.cpu.time = c(8674.076, 8698.34, 8729.199, 8607.3, 8763.408, 
    7590.598, 8684.25899999999, 8788.22899999999, 9192.59899999999, 
    8841.179, 9810.36599999998), DF.cost = c(1, 1, 1, 1, 1, 1, 
    1, 1, 1, 1, 1), DF.gamma = c(0.04545, 0.04545, 0.04545, 0.04545, 
    0.04545, 0.04545, 0.04545, 0.04545, 0.04545, 0.04545, 0.04545
    ), DF.data.balancing = c(0, 0, 0, 0, 0, 0, 0, 0, 0, 0, 0), 
    DF.feature.selection = c(0, 0, 0, 0, 0, 0, 0, 0, 0, 0, 0), 
    DF.valid.acc = c(0.7528, 0.70897, 0.70568, 0.70423, 0.73292, 
    0.74171, 0.76084, 0.74278, 0.72833, 0.72381, 0.71074), DF.test.acc = c(0.7095, 
    0.74872, 0.71227, 0.72518, 0.74542, 0.74763, 0.72776, 0.73751, 
    0.72857, 0.68615, 0.71072), DF.train.time = c(0.0218, 0.0232, 
    0.0241, 0.0271, 0.0261, 0.0191, 0.0294, 0.0302, 0.0311, 0.0353, 
    0.038), DF.n.support.vectors = c(74, 82.3, 90, 95.3, 100.6, 
    107.5, 111.9, 118.9, 126.7, 133, 141.7), DF.index = c(1, 
    1, 1, 1, 1, 1, 1, 1, 1, 1, 1), DF.n.solutions = c(1, 1, 1, 
    1, 1, 1, 1, 1, 1, 1, 1), DF.generations = c(1, 1, 1, 1, 1, 
    1, 1, 1, 1, 1, 1), DF.n.evaluations = c(1, 1, 1, 1, 1, 1, 
    1, 1, 1, 1, 1), DF.cpu.time = c(3.402, 3.369, 3.415, 3.43, 
    3.458, 2.698, 3.397, 3.408, 3.578, 3.758, 3.786), SMBO.cost = c(1.05826466908737, 
    1.05826466908737, 1.05826466908737, 1.05826466908737, 1.05826466908737, 
    1.05826466908737, 1.05826466908737, 1.05826466908737, 1.05826466908737, 
    1.05826466908737, 1.05826466908737), SMBO.gamma = c(-3.41343346613307, 
    -3.41343346613307, -3.41343346613307, -3.41343346613307, 
    -3.41343346613307, -3.41343346613307, -3.41343346613307, 
    -3.41343346613307, -3.41343346613307, -3.41343346613307, 
    -3.41343346613307), SMBO.balanced.test.accuracy = c(0.753619327928494, 
    0.753619327928494, 0.753619327928494, 0.753619327928494, 
    0.753619327928494, 0.753619327928494, 0.753619327928494, 
    0.753619327928494, 0.753619327928494, 0.753619327928494, 
    0.753619327928494)), .Names = c("Sampling", "PSO.cost", "PSO.gamma", 
"PSO.data.balancing", "PSO.feature.selection", "PSO.valid.acc", 
"PSO.test.acc", "PSO.train.time", "PSO.n.support.vectors", "PSO.index", 
"PSO.n.solutions", "PSO.generations", "PSO.n.evaluations", "PSO.cpu.time", 
"RS.cost", "RS.gamma", "RS.data.balancing", "RS.feature.selection", 
"RS.valid.acc", "RS.test.acc", "RS.train.time", "RS.n.support.vectors", 
"RS.index", "RS.n.solutions", "RS.generations", "RS.n.evaluations", 
"RS.cpu.time", "DF.cost", "DF.gamma", "DF.data.balancing", "DF.feature.selection", 
"DF.valid.acc", "DF.test.acc", "DF.train.time", "DF.n.support.vectors", 
"DF.index", "DF.n.solutions", "DF.generations", "DF.n.evaluations", 
"DF.cpu.time", "SMBO.cost", "SMBO.gamma", "SMBO.balanced.test.accuracy"
), row.names = c(NA, -11L), class = "data.frame")
