new.sol <-
structure(list(Sampling = c(50, 55, 60, 65, 70, 75, 80, 85, 90, 
95, 100), PSO.cost = c(0.7878, 8.7574, 3.55604, 5.79347, 2.33673, 
4.06263, 3.83773, 7.6768, -0.1119, 5.85804, 9.30835), PSO.gamma = c(-7.11024, 
-15, -8.93055, -8.15566, -4.83822, -7.30054, -7.66325, -8.87876, 
-3.06739, -6.98346, -14.12036), PSO.data.balancing = c(0, 0, 
0, 0, 0, 0, 0, 0, 0, 0, 0), PSO.feature.selection = c(0, 0, 0, 
0, 0, 0, 0, 0, 0, 0, 0), PSO.valid.acc = c(0.7447, 0.75, 0.75795, 
0.77476, 0.78642, 0.72737, 0.73842, 0.73711, 0.7431, 0.72835, 
0.70257), PSO.test.acc = c(0.72652, 0.725, 0.75033, 0.73476, 
0.73471, 0.68611, 0.70506, 0.71632, 0.72238, 0.68961, 0.68498
), PSO.train.time = c(0.0263, 0.0282, 0.0295, 0.0294, 0.03, 0.0326, 
0.0335, 0.0355, 0.0378, 0.0362, 0.0392), PSO.n.support.vectors = c(83.7, 
90.7, 89.4, 76.1, 86.5, 96.2, 104.1, 97.1, 129, 107.8, 137.7), 
    PSO.index = c(1026, 146, 58, 624, 780, 2381, 28, 1202, 779, 
    514, 373), PSO.n.solutions = c(39, 127, 157, 60, 100, 1, 
    127, 22, 37, 157, 27), PSO.generations = c(100, 100, 100, 
    100, 100, 100, 100, 100, 100, 100, 100), PSO.n.evaluations = c(2500, 
    2500, 2500, 2500, 2500, 2500, 2500, 2500, 2500, 2500, 2500
    ), PSO.cpu.time = c(7765.409, 10182.966, 10294.865, 10341.363, 
    10447.277, 10512.396, 10469.054, 10508.234, 10529.471, 10361.234, 
    10231.618), RS.cost = c(-0.72109, 6.38679, 1.40937, 6.41282, 
    2.29688, 3.35189, 10.98558, 7.51623, 1.61366, 5.13462, -1.81142
    ), RS.gamma = c(-5.43596, -12.55652, -6.2817, -8.74371, -5.15453, 
    -6.54123, -14.86384, -8.81195, -3.8546, -6.62716, -3.43739
    ), RS.data.balancing = c(0, 0, 0, 0, 0, 0, 0, 0, 0, 0, 0), 
    RS.feature.selection = c(0, 0, 0, 0, 0, 0, 0, 0, 0, 0, 0), 
    RS.valid.acc = c(0.7447, 0.75, 0.75795, 0.77476, 0.7735, 
    0.72737, 0.73842, 0.73211, 0.7331, 0.72359, 0.70692), RS.test.acc = c(0.71818, 
    0.725, 0.7144, 0.72762, 0.72221, 0.69199, 0.6995, 0.71632, 
    0.71262, 0.69459, 0.68498), RS.train.time = c(0.0266, 0.0289, 
    0.0295, 0.0291, 0.0309, 0.0323, 0.0335, 0.035, 0.0352, 0.037, 
    0.0412), RS.n.support.vectors = c(83.9, 89.9, 86.8, 75.9, 
    87.2, 96.5, 103.8, 97.6, 115.8, 109.3, 158.6), RS.index = c(812, 
    1053, 289, 556, 1259, 1921, 94, 2404, 925, 163, 938), RS.n.solutions = c(1, 
    2, 13, 2, 3, 1, 17, 1, 1, 4, 1), RS.generations = c(100, 
    100, 100, 100, 100, 100, 100, 100, 100, 100, 100), RS.n.evaluations = c(2500, 
    2500, 2500, 2500, 2500, 2500, 2500, 2500, 2500, 2500, 2500
    ), RS.cpu.time = c(9702.963, 10232.288, 10387.957, 10473.525, 
    10506.147, 10527.489, 10558.367, 10634.08, 10664.343, 10326.662, 
    10355.818), DF.cost = c(1, 1, 1, 1, 1, 1, 1, 1, 1, 1, 1), 
    DF.gamma = c(0.04545, 0.04545, 0.04545, 0.04545, 0.04545, 
    0.04545, 0.04545, 0.04545, 0.04545, 0.04545, 0.04545), DF.data.balancing = c(0, 
    0, 0, 0, 0, 0, 0, 0, 0, 0, 0), DF.feature.selection = c(0, 
    0, 0, 0, 0, 0, 0, 0, 0, 0, 0), DF.valid.acc = c(0.73333, 
    0.71923, 0.74359, 0.71333, 0.74809, 0.68615, 0.71061, 0.71605, 
    0.73262, 0.69935, 0.69368), DF.test.acc = c(0.70758, 0.70256, 
    0.7078, 0.74095, 0.71012, 0.69171, 0.69362, 0.71605, 0.71286, 
    0.71342, 0.68518), DF.train.time = c(0.0275, 0.0281, 0.0297, 
    0.0302, 0.0314, 0.033, 0.0345, 0.0362, 0.0358, 0.038, 0.0408
    ), DF.n.support.vectors = c(74.7, 81.7, 87.7, 93.1, 99.2, 
    110.9, 115.2, 121.5, 127.1, 131, 142.3), DF.index = c(1, 
    1, 1, 1, 1, 1, 1, 1, 1, 1, 1), DF.n.solutions = c(1, 1, 1, 
    1, 1, 1, 1, 1, 1, 1, 1), DF.generations = c(1, 1, 1, 1, 1, 
    1, 1, 1, 1, 1, 1), DF.n.evaluations = c(1, 1, 1, 1, 1, 1, 
    1, 1, 1, 1, 1), DF.cpu.time = c(4.031, 4.113, 4.315, 4.073, 
    4.078, 4.048, 4.178, 4.296, 4.078, 4.014, 4.116), SMBO.cost = c(9.18103311220266, 
    9.18103311220266, 9.18103311220266, 9.18103311220266, 9.18103311220266, 
    9.18103311220266, 9.18103311220266, 9.18103311220266, 9.18103311220266, 
    9.18103311220266, 9.18103311220266), SMBO.gamma = c(-11.4900098583738, 
    -11.4900098583738, -11.4900098583738, -11.4900098583738, 
    -11.4900098583738, -11.4900098583738, -11.4900098583738, 
    -11.4900098583738, -11.4900098583738, -11.4900098583738, 
    -11.4900098583738), SMBO.balanced.test.accuracy = c(0.737291873908335, 
    0.737291873908335, 0.737291873908335, 0.737291873908335, 
    0.737291873908335, 0.737291873908335, 0.737291873908335, 
    0.737291873908335, 0.737291873908335, 0.737291873908335, 
    0.737291873908335)), .Names = c("Sampling", "PSO.cost", "PSO.gamma", 
"PSO.data.balancing", "PSO.feature.selection", "PSO.valid.acc", 
"PSO.test.acc", "PSO.train.time", "PSO.n.support.vectors", "PSO.index", 
"PSO.n.solutions", "PSO.generations", "PSO.n.evaluations", "PSO.cpu.time", 
"RS.cost", "RS.gamma", "RS.data.balancing", "RS.feature.selection", 
"RS.valid.acc", "RS.test.acc", "RS.train.time", "RS.n.support.vectors", 
"RS.index", "RS.n.solutions", "RS.generations", "RS.n.evaluations", 
"RS.cpu.time", "DF.cost", "DF.gamma", "DF.data.balancing", "DF.feature.selection", 
"DF.valid.acc", "DF.test.acc", "DF.train.time", "DF.n.support.vectors", 
"DF.index", "DF.n.solutions", "DF.generations", "DF.n.evaluations", 
"DF.cpu.time", "SMBO.cost", "SMBO.gamma", "SMBO.balanced.test.accuracy"
), row.names = c(NA, -11L), class = "data.frame")
