new.sol <-
structure(list(Sampling = c(50, 55, 60, 65, 70, 75, 80, 85, 90, 
95, 100), PSO.cost = c(6.94653, 1.36887, 0.25678, -2, -0.88776, 
-1.05915, 6.5146, 0.2556, -0.91754, 1.26498, -0.77434), PSO.gamma = c(-12.47325, 
-8.54924, -2.97186, -4.06612, -5.7418, -4.72507, -13.80711, -7.04908, 
-2.57414, -6.34137, -6.1251), PSO.data.balancing = c(0, 0, 0, 
0, 0, 0, 0, 0, 0, 0, 0), PSO.feature.selection = c(0, 0, 0, 0, 
0, 0, 0, 0, 0, 0, 0), PSO.valid.acc = c(0.73985, 0.73187, 0.77912, 
0.74119, 0.72208, 0.7344, 0.71011, 0.71658, 0.75682, 0.7145, 
0.72034), PSO.test.acc = c(0.71409, 0.72527, 0.71264, 0.72071, 
0.67167, 0.72884, 0.68789, 0.70079, 0.70364, 0.71972, 0.69425
), PSO.train.time = c(0.025, 0.0257, 0.0273, 0.0283, 0.0297, 
0.0304, 0.0333, 0.0333, 0.0351, 0.0355, 0.039), PSO.n.support.vectors = c(77, 
98, 86.6, 111.5, 120.2, 121, 138.6, 140.5, 138.9, 133.4, 162.8
), PSO.index = c(89, 56, 473, 482, 84, 234, 4, 1318, 1229, 2348, 
552), PSO.n.solutions = c(380, 132, 245, 302, 214, 390, 266, 
10, 151, 1, 38), PSO.generations = c(100, 100, 100, 100, 100, 
100, 100, 100, 100, 100, 100), PSO.n.evaluations = c(2500, 2500, 
2500, 2500, 2500, 2500, 2500, 2500, 2500, 2500, 2500), PSO.cpu.time = c(7781.198, 
7819.645, 7887.526, 7932.199, 7945.657, 7980.61399999999, 8038.77899999999, 
8090.556, 8116.84899999999, 8158.20999999999, 8199.47900000002
), RS.cost = c(4.55372, 3.69767, 0.24659, -1.82337, -0.70399, 
-0.83985, 6.21901, -0.09995, -1.27777, 7.43401, 4.69851), RS.gamma = c(-10.43118, 
-10.81434, -2.97193, -1.70151, -6.16169, -4.7617, -13.46994, 
-3.09227, -2.39819, -12.625, -11.81414), RS.data.balancing = c(0, 
0, 0, 0, 0, 0, 0, 0, 0, 0, 0), RS.feature.selection = c(0, 0, 
0, 0, 0, 0, 0, 0, 0, 0, 0), RS.valid.acc = c(0.73985, 0.73187, 
0.77912, 0.73411, 0.72208, 0.73403, 0.71011, 0.71684, 0.74727, 
0.70996, 0.71599), RS.test.acc = c(0.72242, 0.72527, 0.71264, 
0.69268, 0.69125, 0.71083, 0.69345, 0.70579, 0.69818, 0.72903, 
0.69425), RS.train.time = c(0.024, 0.026, 0.0243, 0.0284, 0.0296, 
0.0309, 0.0325, 0.0322, 0.0353, 0.0354, 0.0392), RS.n.support.vectors = c(79.2, 
97.6, 86.7, 115.1, 121.5, 120, 138.4, 122.3, 144, 132.3, 162.7
), RS.index = c(193, 218, 1272, 670, 134, 1677, 219, 993, 2087, 
121, 269), RS.n.solutions = c(48, 12, 1, 1, 13, 1, 15, 1, 1, 
3, 2), RS.generations = c(100, 100, 100, 100, 100, 100, 100, 
100, 100, 100, 100), RS.n.evaluations = c(2500, 2500, 2500, 2500, 
2500, 2500, 2500, 2500, 2500, 2500, 2500), RS.cpu.time = c(7836.853, 
7864.696, 7925.937, 7913.795, 8009.372, 8045.167, 8087.155, 8137.70600000001, 
8213.15700000001, 8256.32800000001, 8321.783), DF.cost = c(1, 
1, 1, 1, 1, 1, 1, 1, 1, 1, 1), DF.gamma = c(0.04545, 0.04545, 
0.04545, 0.04545, 0.04545, 0.04545, 0.04545, 0.04545, 0.04545, 
0.04545, 0.04545), DF.data.balancing = c(0, 0, 0, 0, 0, 0, 0, 
0, 0, 0, 0), DF.feature.selection = c(0, 0, 0, 0, 0, 0, 0, 0, 
0, 0, 0), DF.valid.acc = c(0.70576, 0.69075, 0.73626, 0.70649, 
0.69083, 0.7219, 0.64897, 0.69053, 0.71818, 0.70519, 0.69007), 
    DF.test.acc = c(0.705, 0.70797, 0.72088, 0.73369, 0.69708, 
    0.70531, 0.6941, 0.70053, 0.71864, 0.72039, 0.72487), DF.train.time = c(0.0243, 
    0.0261, 0.0252, 0.0259, 0.0284, 0.03, 0.0305, 0.0321, 0.0326, 
    0.0346, 0.0363), DF.n.support.vectors = c(74.9, 81, 87.8, 
    94.1, 104.3, 109.6, 115.5, 121.4, 128.3, 132.7, 142.9), DF.index = c(1, 
    1, 1, 1, 1, 1, 1, 1, 1, 1, 1), DF.n.solutions = c(1, 1, 1, 
    1, 1, 1, 1, 1, 1, 1, 1), DF.generations = c(1, 1, 1, 1, 1, 
    1, 1, 1, 1, 1, 1), DF.n.evaluations = c(1, 1, 1, 1, 1, 1, 
    1, 1, 1, 1, 1), DF.cpu.time = c(3.131, 3.128, 3.058, 3.069, 
    3.299, 3.184, 3.191, 3.118, 3.152, 3.213, 3.167), SMBO.cost = c(1.48959330185229, 
    1.48959330185229, 1.48959330185229, 1.48959330185229, 1.48959330185229, 
    1.48959330185229, 1.48959330185229, 1.48959330185229, 1.48959330185229, 
    1.48959330185229, 1.48959330185229), SMBO.gamma = c(-6.86372787707016, 
    -6.86372787707016, -6.86372787707016, -6.86372787707016, 
    -6.86372787707016, -6.86372787707016, -6.86372787707016, 
    -6.86372787707016, -6.86372787707016, -6.86372787707016, 
    -6.86372787707016), SMBO.balanced.test.accuracy = c(0.720435610141492, 
    0.720435610141492, 0.720435610141492, 0.720435610141492, 
    0.720435610141492, 0.720435610141492, 0.720435610141492, 
    0.720435610141492, 0.720435610141492, 0.720435610141492, 
    0.720435610141492)), .Names = c("Sampling", "PSO.cost", "PSO.gamma", 
"PSO.data.balancing", "PSO.feature.selection", "PSO.valid.acc", 
"PSO.test.acc", "PSO.train.time", "PSO.n.support.vectors", "PSO.index", 
"PSO.n.solutions", "PSO.generations", "PSO.n.evaluations", "PSO.cpu.time", 
"RS.cost", "RS.gamma", "RS.data.balancing", "RS.feature.selection", 
"RS.valid.acc", "RS.test.acc", "RS.train.time", "RS.n.support.vectors", 
"RS.index", "RS.n.solutions", "RS.generations", "RS.n.evaluations", 
"RS.cpu.time", "DF.cost", "DF.gamma", "DF.data.balancing", "DF.feature.selection", 
"DF.valid.acc", "DF.test.acc", "DF.train.time", "DF.n.support.vectors", 
"DF.index", "DF.n.solutions", "DF.generations", "DF.n.evaluations", 
"DF.cpu.time", "SMBO.cost", "SMBO.gamma", "SMBO.balanced.test.accuracy"
), row.names = c(NA, -11L), class = "data.frame")
