new.sol <-
structure(list(Sampling = c(50, 55, 60, 65, 70, 75, 80, 85, 90, 
95, 100), PSO.cost = c(0.45878, 0.51855, 8.99977, -1.61569, 2.97032, 
-0.47634, 0.49566, -0.99435, -1.9966, 10.99886, 2.11713), PSO.gamma = c(-1.01998, 
-1.21329, -14.86554, -3.27465, -6.46492, -1.68248, -4.23283, 
-2.3187, -3.77778, -15, -8.35263), PSO.data.balancing = c(0, 
0, 0, 0, 0, 0, 0, 0, 0, 0, 0), PSO.feature.selection = c(0, 0, 
0, 0, 0, 0, 0, 0, 0, 0, 0), PSO.valid.acc = c(0.72803, 0.77873, 
0.70278, 0.7119, 0.72042, 0.74596, 0.73218, 0.75158, 0.74371, 
0.71883, 0.71966), PSO.test.acc = c(0.70152, 0.73974, 0.69612, 
0.67095, 0.68292, 0.68713, 0.71551, 0.71243, 0.71821, 0.70498, 
0.68862), PSO.train.time = c(0.0259, 0.0264, 0.0264, 0.0277, 
0.0266, 0.0321, 0.0311, 0.0336, 0.0361, 0.0349, 0.0387), PSO.n.support.vectors = c(90.8, 
98.5, 95.7, 109.9, 92.5, 126, 112.4, 134.8, 141.8, 121, 152.9
), PSO.index = c(1520, 1338, 654, 359, 33, 2047, 1350, 901, 451, 
165, 317), PSO.n.solutions = c(34, 111, 44, 288, 290, 28, 25, 
120, 377, 52, 40), PSO.generations = c(100, 100, 100, 100, 100, 
100, 100, 100, 100, 100, 100), PSO.n.evaluations = c(2500, 2500, 
2500, 2500, 2500, 2500, 2500, 2500, 2500, 2500, 2500), PSO.cpu.time = c(7945.339, 
7949.107, 8073.439, 8008.648, 7884.109, 8107.476, 8181.352, 8266.315, 
8415.151, 8483.48800000001, 8508.027), RS.cost = c(0.6044, 0.17627, 
6.39172, -1.57466, 2.63167, -0.20087, -0.6727, 0.06088, 3.14455, 
4.77319, 5.8662), RS.gamma = c(-1.42498, -1.61838, -12.25195, 
-3.79574, -6.02029, -1.59551, -3.80724, -1.58769, -10.01524, 
-8.80842, -12.14175), RS.data.balancing = c(0, 0, 0, 0, 0, 0, 
0, 0, 0, 0, 0), RS.feature.selection = c(0, 0, 0, 0, 0, 0, 0, 
0, 0, 0, 0), RS.valid.acc = c(0.72652, 0.76334, 0.70278, 0.70524, 
0.72042, 0.74596, 0.73741, 0.74018, 0.74347, 0.71883, 0.71966
), RS.test.acc = c(0.67424, 0.71527, 0.69612, 0.66381, 0.68292, 
0.69301, 0.72074, 0.72459, 0.73323, 0.70022, 0.68862), RS.train.time = c(0.0248, 
0.0269, 0.0269, 0.0278, 0.0276, 0.0323, 0.0316, 0.0353, 0.0359, 
0.0359, 0.0387), RS.n.support.vectors = c(89, 95.6, 95.7, 109.8, 
93.1, 126.5, 121.1, 138.8, 141.4, 121.9, 153), RS.index = c(57, 
129, 372, 493, 144, 1788, 1212, 1670, 255, 1250, 936), RS.n.solutions = c(1, 
2, 9, 1, 5, 1, 1, 1, 2, 2, 2), RS.generations = c(100, 100, 100, 
100, 100, 100, 100, 100, 100, 100, 100), RS.n.evaluations = c(2500, 
2500, 2500, 2500, 2500, 2500, 2500, 2500, 2500, 2500, 2500), 
    RS.cpu.time = c(7955.084, 7989.757, 8047.83100000001, 7942.164, 
    8099.636, 8175.274, 8277.303, 8386.765, 8560.34, 8607.52499999999, 
    8590.42499999999), DF.cost = c(1, 1, 1, 1, 1, 1, 1, 1, 1, 
    1, 1), DF.gamma = c(0.04545, 0.04545, 0.04545, 0.04545, 0.04545, 
    0.04545, 0.04545, 0.04545, 0.04545, 0.04545, 0.04545), DF.data.balancing = c(0, 
    0, 0, 0, 0, 0, 0, 0, 0, 0, 0), DF.feature.selection = c(0, 
    0, 0, 0, 0, 0, 0, 0, 0, 0, 0), DF.valid.acc = c(0.66818, 
    0.68939, 0.66542, 0.67762, 0.69542, 0.70478, 0.72663, 0.70942, 
    0.72797, 0.7039, 0.69317), DF.test.acc = c(0.67576, 0.70542, 
    0.67359, 0.6781, 0.67667, 0.68125, 0.70408, 0.72497, 0.71345, 
    0.71407, 0.70109), DF.train.time = c(0.0235, 0.0258, 0.0251, 
    0.0264, 0.0284, 0.0299, 0.0305, 0.0328, 0.034, 0.0361, 0.0377
    ), DF.n.support.vectors = c(77.8, 85.5, 91.1, 98.9, 103.3, 
    111, 116.9, 121.8, 125, 133.1, 142), DF.index = c(1, 1, 1, 
    1, 1, 1, 1, 1, 1, 1, 1), DF.n.solutions = c(1, 1, 1, 1, 1, 
    1, 1, 1, 1, 1, 1), DF.generations = c(1, 1, 1, 1, 1, 1, 1, 
    1, 1, 1, 1), DF.n.evaluations = c(1, 1, 1, 1, 1, 1, 1, 1, 
    1, 1, 1), DF.cpu.time = c(3.102, 3.352, 3.019, 3.004, 3.22, 
    3.236, 3.173, 3.291, 3.364, 3.283, 3.42), SMBO.cost = c(5.48192807568682, 
    5.48192807568682, 5.48192807568682, 5.48192807568682, 5.48192807568682, 
    5.48192807568682, 5.48192807568682, 5.48192807568682, 5.48192807568682, 
    5.48192807568682, 5.48192807568682), SMBO.gamma = c(-10.0953859066666, 
    -10.0953859066666, -10.0953859066666, -10.0953859066666, 
    -10.0953859066666, -10.0953859066666, -10.0953859066666, 
    -10.0953859066666, -10.0953859066666, -10.0953859066666, 
    -10.0953859066666), SMBO.balanced.test.accuracy = c(0.74436209118622, 
    0.74436209118622, 0.74436209118622, 0.74436209118622, 0.74436209118622, 
    0.74436209118622, 0.74436209118622, 0.74436209118622, 0.74436209118622, 
    0.74436209118622, 0.74436209118622)), .Names = c("Sampling", 
"PSO.cost", "PSO.gamma", "PSO.data.balancing", "PSO.feature.selection", 
"PSO.valid.acc", "PSO.test.acc", "PSO.train.time", "PSO.n.support.vectors", 
"PSO.index", "PSO.n.solutions", "PSO.generations", "PSO.n.evaluations", 
"PSO.cpu.time", "RS.cost", "RS.gamma", "RS.data.balancing", "RS.feature.selection", 
"RS.valid.acc", "RS.test.acc", "RS.train.time", "RS.n.support.vectors", 
"RS.index", "RS.n.solutions", "RS.generations", "RS.n.evaluations", 
"RS.cpu.time", "DF.cost", "DF.gamma", "DF.data.balancing", "DF.feature.selection", 
"DF.valid.acc", "DF.test.acc", "DF.train.time", "DF.n.support.vectors", 
"DF.index", "DF.n.solutions", "DF.generations", "DF.n.evaluations", 
"DF.cpu.time", "SMBO.cost", "SMBO.gamma", "SMBO.balanced.test.accuracy"
), row.names = c(NA, -11L), class = "data.frame")
