new.sol <-
structure(list(Sampling = c(50, 55, 60, 65, 70, 75, 80, 85, 90, 
95, 100), PSO.cost = c(4.70633, 5.26483, 3.85157, 7.32495, 6.02124, 
7.23432, 3.11696, 6.24335, 1, 8.94298, 0.91091), PSO.gamma = c(-6.09808, 
-9.68029, -7.86625, -11.45722, -7.26411, -8.0821, -6.03998, -10.2995, 
0.04545, -11.49403, -4.79253), PSO.data.balancing = c(0, 0, 0, 
0, 0, 0, 0, 0, 0, 0, 0), PSO.feature.selection = c(0, 0, 0, 0, 
0, 0, 0, 0, 0, 0, 0), PSO.valid.acc = c(0.76515, 0.74679, 0.7537, 
0.72095, 0.73929, 0.75078, 0.74293, 0.72962, 0.75714, 0.73788, 
0.71945), PSO.test.acc = c(0.71061, 0.74615, 0.74601, 0.69524, 
0.70127, 0.74592, 0.70894, 0.72412, 0.73214, 0.71472, 0.70206
), PSO.train.time = c(0.0222, 0.0238, 0.0247, 0.0259, 0.0271, 
0.03, 0.0346, 0.0343, 0.0373, 0.0384, 0.0425), PSO.n.support.vectors = c(63.3, 
75.7, 76.9, 85.5, 80.8, 85.8, 98.5, 106.8, 124.9, 111.1, 136.5
), PSO.index = c(989, 120, 77, 71, 132, 263, 478, 46, 1, 462, 
856), PSO.n.solutions = c(23, 95, 38, 320, 113, 563, 259, 254, 
83, 18, 130), PSO.generations = c(100, 100, 100, 100, 100, 100, 
100, 100, 100, 100, 100), PSO.n.evaluations = c(2500, 2500, 2500, 
2500, 2500, 2500, 2500, 2500, 2500, 2500, 2500), PSO.cpu.time = c(8051.556, 
8051.313, 8030.233, 8186.547, 8121.522, 9359.45700000001, 11575.495, 
11805.578, 12270.032, 12292.835, 12380.554), RS.cost = c(3.57269, 
7.95058, 4.31036, 9.77335, 0.40678, 7.37854, 3.50016, 8.26662, 
0.24381, 10.74317, 1.05187), RS.gamma = c(-5.16429, -12.36799, 
-8.40266, -13.8048, -6.0188, -8.12226, -6.46164, -12.36796, -4.81762, 
-13.06121, -5.53474), RS.data.balancing = c(0, 0, 0, 0, 0, 0, 
0, 0, 0, 0, 0), RS.feature.selection = c(0, 0, 0, 0, 0, 0, 0, 
0, 0, 0, 0), RS.valid.acc = c(0.76439, 0.74679, 0.7537, 0.72095, 
0.73804, 0.75078, 0.74293, 0.72962, 0.75714, 0.73312, 0.71528
), RS.test.acc = c(0.7197, 0.74615, 0.74601, 0.69524, 0.70596, 
0.74592, 0.70894, 0.71912, 0.73214, 0.71472, 0.71569), RS.train.time = c(0.0227, 
0.023, 0.0239, 0.0277, 0.029, 0.0328, 0.0342, 0.0357, 0.04, 0.0398, 
0.0435), RS.n.support.vectors = c(65.2, 75.4, 77.6, 84.7, 107, 
85.6, 98.3, 107, 124.2, 109.1, 139.2), RS.index = c(1565, 74, 
2037, 18, 275, 1468, 241, 37, 166, 117, 673), RS.n.solutions = c(2, 
12, 2, 42, 1, 1, 1, 22, 2, 4, 3), RS.generations = c(100, 100, 
100, 100, 100, 100, 100, 100, 100, 100, 100), RS.n.evaluations = c(2500, 
2500, 2500, 2500, 2500, 2500, 2500, 2500, 2500, 2500, 2500), 
    RS.cpu.time = c(8095.5, 8094.467, 8170.795, 8239.261, 8218.376, 
    11718.852, 11785.216, 11981.132, 12427.592, 12473.293, 12924.049
    ), DF.cost = c(1, 1, 1, 1, 1, 1, 1, 1, 1, 1, 1), DF.gamma = c(0.04545, 
    0.04545, 0.04545, 0.04545, 0.04545, 0.04545, 0.04545, 0.04545, 
    0.04545, 0.04545, 0.04545), DF.data.balancing = c(0, 0, 0, 
    0, 0, 0, 0, 0, 0, 0, 0), DF.feature.selection = c(0, 0, 0, 
    0, 0, 0, 0, 0, 0, 0, 0), DF.valid.acc = c(0.69318, 0.73013, 
    0.71689, 0.70762, 0.68716, 0.72896, 0.70862, 0.71301, 0.75714, 
    0.68593, 0.70659), DF.test.acc = c(0.69318, 0.7141, 0.74601, 
    0.69476, 0.7185, 0.74592, 0.69751, 0.72383, 0.73214, 0.70498, 
    0.7066), DF.train.time = c(0.0243, 0.0236, 0.0255, 0.0269, 
    0.0286, 0.0346, 0.0361, 0.0367, 0.0399, 0.0396, 0.0441), 
    DF.n.support.vectors = c(77.5, 81.3, 86.5, 94.3, 100.8, 110.3, 
    114.3, 117.9, 124.9, 131.9, 142.6), DF.index = c(1, 1, 1, 
    1, 1, 1, 1, 1, 1, 1, 1), DF.n.solutions = c(1, 1, 1, 1, 1, 
    1, 1, 1, 1, 1, 1), DF.generations = c(1, 1, 1, 1, 1, 1, 1, 
    1, 1, 1, 1), DF.n.evaluations = c(1, 1, 1, 1, 1, 1, 1, 1, 
    1, 1, 1), DF.cpu.time = c(3.449, 3.118, 3.356, 3.25, 3.312, 
    4.722, 4.727, 4.634, 4.954, 4.49, 5.207), SMBO.cost = c(12.8586710514228, 
    12.8586710514228, 12.8586710514228, 12.8586710514228, 12.8586710514228, 
    12.8586710514228, 12.8586710514228, 12.8586710514228, 12.8586710514228, 
    12.8586710514228, 12.8586710514228), SMBO.gamma = c(-14.6169287681181, 
    -14.6169287681181, -14.6169287681181, -14.6169287681181, 
    -14.6169287681181, -14.6169287681181, -14.6169287681181, 
    -14.6169287681181, -14.6169287681181, -14.6169287681181, 
    -14.6169287681181), SMBO.balanced.test.accuracy = c(0.724180470607422, 
    0.724180470607422, 0.724180470607422, 0.724180470607422, 
    0.724180470607422, 0.724180470607422, 0.724180470607422, 
    0.724180470607422, 0.724180470607422, 0.724180470607422, 
    0.724180470607422)), .Names = c("Sampling", "PSO.cost", "PSO.gamma", 
"PSO.data.balancing", "PSO.feature.selection", "PSO.valid.acc", 
"PSO.test.acc", "PSO.train.time", "PSO.n.support.vectors", "PSO.index", 
"PSO.n.solutions", "PSO.generations", "PSO.n.evaluations", "PSO.cpu.time", 
"RS.cost", "RS.gamma", "RS.data.balancing", "RS.feature.selection", 
"RS.valid.acc", "RS.test.acc", "RS.train.time", "RS.n.support.vectors", 
"RS.index", "RS.n.solutions", "RS.generations", "RS.n.evaluations", 
"RS.cpu.time", "DF.cost", "DF.gamma", "DF.data.balancing", "DF.feature.selection", 
"DF.valid.acc", "DF.test.acc", "DF.train.time", "DF.n.support.vectors", 
"DF.index", "DF.n.solutions", "DF.generations", "DF.n.evaluations", 
"DF.cpu.time", "SMBO.cost", "SMBO.gamma", "SMBO.balanced.test.accuracy"
), row.names = c(NA, -11L), class = "data.frame")
