new.sol <-
structure(list(Sampling = c(50, 55, 60, 65, 70, 75, 80, 85, 90, 
95, 100), PSO.cost = c(4.17458, 7.52893, 15, 7.64461, 11.74173, 
14.30796, 11.8461, 15, 15, 11.08712, 14.18246), PSO.gamma = c(-5.05258, 
-6.21328, -9.30988, -5.19122, -3.25191, -5.71837, -6.44611, -8.5018, 
-8.53688, -6.66265, -7.60993), PSO.data.balancing = c(0, 0, 0, 
0, 0, 0, 0, 0, 0, 0, 0), PSO.feature.selection = c(0, 0, 0, 0, 
0, 0, 0, 0, 0, 0, 0), PSO.valid.acc = c(0.95492, 0.95815, 0.96181, 
0.9649, 0.96742, 0.97263, 0.98294, 0.98122, 0.98474, 0.98554, 
0.98182), PSO.test.acc = c(0.95492, 0.95415, 0.96195, 0.94729, 
0.96086, 0.96345, 0.98, 0.98122, 0.97974, 0.98066, 0.97495), 
    PSO.train.time = c(0.0152, 0.0173, 0.083, 0.0193, 0.0191, 
    0.037, 0.0485, 0.1402, 0.1388, 0.0448, 0.1531), PSO.n.support.vectors = c(55.4, 
    44.7, 37.3, 42.9, 50.3, 36.1, 41, 41.7, 45, 48.8, 41.6), 
    PSO.index = c(29, 186, 681, 1700, 39, 22, 115, 96, 158, 64, 
    702), PSO.n.solutions = c(559, 149, 38, 3, 1189, 920, 570, 
    280, 789, 571, 51), PSO.generations = c(100, 100, 100, 100, 
    100, 100, 100, 100, 100, 100, 100), PSO.n.evaluations = c(2500, 
    2500, 2500, 2500, 2500, 2500, 2500, 2500, 2500, 2500, 2500
    ), PSO.cpu.time = c(6492.114, 6964.253, 6811.311, 6771.67400000001, 
    6913.04700000001, 7459.54000000001, 7954.25499999999, 9128.452, 
    10040.325, 8345.53100000002, 8789.57200000001), RS.cost = c(2.69563, 
    13.09395, 10.71527, 13.11511, 9.48487, 12.20691, 9.48542, 
    12.6402, 14.25249, 14.04587, 12.24653), RS.gamma = c(-4.31259, 
    -9.08809, -7.14106, -8.40573, -4.91737, -4.1116, -5.40256, 
    -7.31938, -8.15112, -8.10198, -6.87064), RS.data.balancing = c(0, 
    0, 0, 0, 0, 0, 0, 0, 0, 0, 0), RS.feature.selection = c(0, 
    0, 0, 0, 0, 0, 0, 0, 0, 0, 0), RS.valid.acc = c(0.95492, 
    0.95815, 0.96181, 0.96478, 0.96742, 0.97263, 0.98294, 0.98122, 
    0.98474, 0.98554, 0.97955), RS.test.acc = c(0.95492, 0.95415, 
    0.96195, 0.96478, 0.96409, 0.95114, 0.97714, 0.98122, 0.97974, 
    0.98066, 0.97722), RS.train.time = c(0.0153, 0.0395, 0.0309, 
    0.066, 0.0223, 0.0209, 0.0299, 0.0565, 0.1138, 0.0936, 0.0806
    ), RS.n.support.vectors = c(63, 43.3, 38.5, 40.5, 38.3, 42.1, 
    44.8, 43, 45.2, 47.1, 45.9), RS.index = c(28, 9, 507, 58, 
    18, 11, 20, 1194, 419, 176, 84), RS.n.solutions = c(39, 11, 
    3, 17, 14, 59, 10, 1, 4, 18, 21), RS.generations = c(100, 
    100, 100, 100, 100, 100, 100, 100, 100, 100, 100), RS.n.evaluations = c(2500, 
    2500, 2500, 2500, 2500, 2500, 2500, 2500, 2500, 2500, 2500
    ), RS.cpu.time = c(6606.854, 6677.691, 6693.147, 7200.87, 
    7324.46200000001, 7376.49399999999, 7342.40400000001, 7361.73999999999, 
    7352.88900000001, 7334.96000000002, 7456.609), DF.cost = c(1, 
    1, 1, 1, 1, 1, 1, 1, 1, 1, 1), DF.gamma = c(0.16667, 0.16667, 
    0.16667, 0.16667, 0.16667, 0.16667, 0.16667, 0.16667, 0.16667, 
    0.16667, 0.16667), DF.data.balancing = c(0, 0, 0, 0, 0, 0, 
    0, 0, 0, 0, 0), DF.feature.selection = c(0, 0, 0, 0, 0, 0, 
    0, 0, 0, 0, 0), DF.valid.acc = c(0.95057, 0.94999, 0.95811, 
    0.96121, 0.95763, 0.9606, 0.96024, 0.95959, 0.95429, 0.95668, 
    0.95893), DF.test.acc = c(0.95057, 0.94582, 0.95811, 0.96121, 
    0.95441, 0.9606, 0.96024, 0.95959, 0.95429, 0.95668, 0.95893
    ), DF.train.time = c(0.0165, 0.0174, 0.0196, 0.0199, 0.0228, 
    0.0235, 0.0265, 0.0283, 0.0291, 0.0302, 0.0316), DF.n.support.vectors = c(97.5, 
    105.3, 108.9, 111.9, 121.2, 121, 127, 130.5, 139.1, 144.6, 
    147.2), DF.index = c(1, 1, 1, 1, 1, 1, 1, 1, 1, 1, 1), DF.n.solutions = c(1, 
    1, 1, 1, 1, 1, 1, 1, 1, 1, 1), DF.generations = c(1, 1, 1, 
    1, 1, 1, 1, 1, 1, 1, 1), DF.n.evaluations = c(1, 1, 1, 1, 
    1, 1, 1, 1, 1, 1, 1), DF.cpu.time = c(2.662, 2.599, 2.737, 
    2.662, 2.881, 2.854, 2.909, 2.886, 2.727, 2.676, 2.73), SMBO.cost = c(12.2654332163028, 
    12.2654332163028, 12.2654332163028, 12.2654332163028, 12.2654332163028, 
    12.2654332163028, 12.2654332163028, 12.2654332163028, 12.2654332163028, 
    12.2654332163028, 12.2654332163028), SMBO.gamma = c(-6.71856163305813, 
    -6.71856163305813, -6.71856163305813, -6.71856163305813, 
    -6.71856163305813, -6.71856163305813, -6.71856163305813, 
    -6.71856163305813, -6.71856163305813, -6.71856163305813, 
    -6.71856163305813), SMBO.balanced.test.accuracy = c(0.979693100358423, 
    0.979693100358423, 0.979693100358423, 0.979693100358423, 
    0.979693100358423, 0.979693100358423, 0.979693100358423, 
    0.979693100358423, 0.979693100358423, 0.979693100358423, 
    0.979693100358423)), .Names = c("Sampling", "PSO.cost", "PSO.gamma", 
"PSO.data.balancing", "PSO.feature.selection", "PSO.valid.acc", 
"PSO.test.acc", "PSO.train.time", "PSO.n.support.vectors", "PSO.index", 
"PSO.n.solutions", "PSO.generations", "PSO.n.evaluations", "PSO.cpu.time", 
"RS.cost", "RS.gamma", "RS.data.balancing", "RS.feature.selection", 
"RS.valid.acc", "RS.test.acc", "RS.train.time", "RS.n.support.vectors", 
"RS.index", "RS.n.solutions", "RS.generations", "RS.n.evaluations", 
"RS.cpu.time", "DF.cost", "DF.gamma", "DF.data.balancing", "DF.feature.selection", 
"DF.valid.acc", "DF.test.acc", "DF.train.time", "DF.n.support.vectors", 
"DF.index", "DF.n.solutions", "DF.generations", "DF.n.evaluations", 
"DF.cpu.time", "SMBO.cost", "SMBO.gamma", "SMBO.balanced.test.accuracy"
), row.names = c(NA, -11L), class = "data.frame")
