new.sol <-
structure(list(Sampling = c(50, 55, 60, 65, 70, 75, 80, 85, 90, 
95, 100), PSO.cost = c(1, 2.03355, 1, 1.99017, 14.76373, 14.81333, 
12.57447, 14.14104, 9.78029, 11.20616, 11.65637), PSO.gamma = c(0.16667, 
-4.30819, 0.16667, -4.17247, -9.29572, -8.29001, -5.53655, -7.86498, 
-5.4975, -6.03494, -6.6862), PSO.data.balancing = c(0, 0, 0, 
0, 0, 0, 0, 0, 0, 0, 0), PSO.feature.selection = c(0, 0, 0, 0, 
0, 0, 0, 0, 0, 0, 0), PSO.valid.acc = c(0.96277, 0.96665, 0.9621, 
0.96476, 0.97065, 0.97575, 0.97444, 0.97304, 0.97481, 0.97596, 
0.98626), PSO.test.acc = c(0.96299, 0.96249, 0.9621, 0.96119, 
0.96409, 0.97253, 0.9488, 0.96223, 0.96474, 0.97357, 0.98393), 
    PSO.train.time = c(0.0164, 0.0159, 0.0183, 0.0185, 0.0901, 
    0.0541, 0.039, 0.0733, 0.0349, 0.0565, 0.0629), PSO.n.support.vectors = c(90.3, 
    66.7, 101.1, 75.7, 36.9, 32.2, 40.7, 40.2, 46.8, 44.4, 47.4
    ), PSO.index = c(1, 38, 1, 16, 244, 2426, 243, 339, 34, 89, 
    34), PSO.n.solutions = c(383, 251, 328, 568, 165, 1, 357, 
    324, 558, 489, 626), PSO.generations = c(100, 100, 100, 100, 
    100, 100, 100, 100, 100, 100, 100), PSO.n.evaluations = c(2500, 
    2500, 2500, 2500, 2500, 2500, 2500, 2500, 2500, 2500, 2500
    ), PSO.cpu.time = c(6393.762, 6617.675, 6472.409, 6529.533, 
    7218.273, 6851.03599999999, 7234.52, 8045.306, 7702.064, 
    7493.408, 9830.06099999999), RS.cost = c(-0.69601, 2.23148, 
    7.67458, 1.65852, 13.68145, 12.91992, 13.74104, 13.63502, 
    12.66872, 11.07284, 10.56954), RS.gamma = c(-3.31828, -4.41602, 
    -6.08377, -4.69094, -8.77845, -6.30269, -6.07722, -7.58008, 
    -6.61826, -5.99907, -6.29049), RS.data.balancing = c(0, 0, 
    0, 0, 0, 0, 0, 0, 0, 0, 0), RS.feature.selection = c(0, 0, 
    0, 0, 0, 0, 0, 0, 0, 0, 0), RS.valid.acc = c(0.96277, 0.96665, 
    0.9621, 0.96476, 0.97065, 0.97565, 0.97444, 0.97304, 0.97481, 
    0.97596, 0.98626), RS.test.acc = c(0.95346, 0.96249, 0.9621, 
    0.96119, 0.96409, 0.97272, 0.94595, 0.96223, 0.96718, 0.97357, 
    0.97701), RS.train.time = c(0.0174, 0.0158, 0.0192, 0.0188, 
    0.067, 0.0316, 0.0535, 0.0623, 0.0714, 0.0545, 0.0425), RS.n.support.vectors = c(104.4, 
    65.4, 41.7, 90.1, 37.9, 31.2, 37.9, 40.8, 41.6, 44.9, 49.7
    ), RS.index = c(1260, 309, 43, 32, 180, 184, 169, 170, 4, 
    61, 90), RS.n.solutions = c(121, 2, 80, 136, 5, 20, 2, 3, 
    18, 2, 14), RS.generations = c(100, 100, 100, 100, 100, 100, 
    100, 100, 100, 100, 100), RS.n.evaluations = c(2500, 2500, 
    2500, 2500, 2500, 2500, 2500, 2500, 2500, 2500, 2500), RS.cpu.time = c(6506.809, 
    6584.969, 6584.508, 6730.28400000001, 6940.963, 6853.451, 
    6977.60000000001, 7176.32299999999, 7174.17300000001, 7180.97, 
    7051.97), DF.cost = c(1, 1, 1, 1, 1, 1, 1, 1, 1, 1, 1), DF.gamma = c(0.16667, 
    0.16667, 0.16667, 0.16667, 0.16667, 0.16667, 0.16667, 0.16667, 
    0.16667, 0.16667, 0.16667), DF.data.balancing = c(0, 0, 0, 
    0, 0, 0, 0, 0, 0, 0, 0), DF.feature.selection = c(0, 0, 0, 
    0, 0, 0, 0, 0, 0, 0, 0), DF.valid.acc = c(0.96277, 0.96249, 
    0.9621, 0.96119, 0.96742, 0.96041, 0.96023, 0.95697, 0.95699, 
    0.95668, 0.95872), DF.test.acc = c(0.96299, 0.96249, 0.9621, 
    0.95762, 0.96742, 0.96344, 0.96023, 0.95697, 0.95699, 0.95668, 
    0.95872), DF.train.time = c(0.0163, 0.018, 0.0194, 0.0204, 
    0.0208, 0.0234, 0.0244, 0.0276, 0.0282, 0.0294, 0.0309), 
    DF.n.support.vectors = c(90.3, 97.5, 101.1, 108.9, 113.5, 
    119.6, 125.3, 132.6, 138.6, 143.7, 149.1), DF.index = c(1, 
    1, 1, 1, 1, 1, 1, 1, 1, 1, 1), DF.n.solutions = c(1, 1, 1, 
    1, 1, 1, 1, 1, 1, 1, 1), DF.generations = c(1, 1, 1, 1, 1, 
    1, 1, 1, 1, 1, 1), DF.n.evaluations = c(1, 1, 1, 1, 1, 1, 
    1, 1, 1, 1, 1), DF.cpu.time = c(2.626, 2.639, 2.701, 2.639, 
    2.549, 2.719, 2.691, 2.803, 2.669, 2.609, 2.547), SMBO.cost = c(10.6214851291043, 
    10.6214851291043, 10.6214851291043, 10.6214851291043, 10.6214851291043, 
    10.6214851291043, 10.6214851291043, 10.6214851291043, 10.6214851291043, 
    10.6214851291043, 10.6214851291043), SMBO.gamma = c(-5.80705234612568, 
    -5.80705234612568, -5.80705234612568, -5.80705234612568, 
    -5.80705234612568, -5.80705234612568, -5.80705234612568, 
    -5.80705234612568, -5.80705234612568, -5.80705234612568, 
    -5.80705234612568), SMBO.balanced.test.accuracy = c(0.98444054006494, 
    0.98444054006494, 0.98444054006494, 0.98444054006494, 0.98444054006494, 
    0.98444054006494, 0.98444054006494, 0.98444054006494, 0.98444054006494, 
    0.98444054006494, 0.98444054006494)), .Names = c("Sampling", 
"PSO.cost", "PSO.gamma", "PSO.data.balancing", "PSO.feature.selection", 
"PSO.valid.acc", "PSO.test.acc", "PSO.train.time", "PSO.n.support.vectors", 
"PSO.index", "PSO.n.solutions", "PSO.generations", "PSO.n.evaluations", 
"PSO.cpu.time", "RS.cost", "RS.gamma", "RS.data.balancing", "RS.feature.selection", 
"RS.valid.acc", "RS.test.acc", "RS.train.time", "RS.n.support.vectors", 
"RS.index", "RS.n.solutions", "RS.generations", "RS.n.evaluations", 
"RS.cpu.time", "DF.cost", "DF.gamma", "DF.data.balancing", "DF.feature.selection", 
"DF.valid.acc", "DF.test.acc", "DF.train.time", "DF.n.support.vectors", 
"DF.index", "DF.n.solutions", "DF.generations", "DF.n.evaluations", 
"DF.cpu.time", "SMBO.cost", "SMBO.gamma", "SMBO.balanced.test.accuracy"
), row.names = c(NA, -11L), class = "data.frame")
