new.sol <-
structure(list(Sampling = c(50, 55, 60, 65, 70, 75, 80, 85, 90, 
95, 100), PSO.cost = c(3.94566, 14.06207, 13.93336, 13.83326, 
13.49285, 9.78787, 14.27088, 8.78556, 13.36088, 13.55877, 15), 
    PSO.gamma = c(-3.59588, -8.73364, -8.53603, -8.82294, -7.63294, 
    -5.53878, -7.83791, -5.2435, -8.08728, -8.01218, -8.62186
    ), PSO.data.balancing = c(0, 0, 0, 0, 0, 0, 0, 0, 0, 0, 0
    ), PSO.feature.selection = c(0, 0, 0, 0, 0, 0, 0, 0, 0, 0, 
    0), PSO.valid.acc = c(0.95887, 0.97114, 0.97735, 0.96872, 
    0.97418, 0.97005, 0.97974, 0.98115, 0.98231, 0.98554, 0.97949
    ), PSO.test.acc = c(0.94978, 0.97132, 0.9658, 0.96515, 0.96106, 
    0.96996, 0.97697, 0.98115, 0.97974, 0.98072, 0.98404), PSO.train.time = c(0.0147, 
    0.0551, 0.0534, 0.0842, 0.0489, 0.0258, 0.1187, 0.0275, 0.0859, 
    0.0758, 0.2387), PSO.n.support.vectors = c(52.9, 36.1, 34.4, 
    40.5, 36.4, 42.1, 39.3, 48.8, 46.2, 46.3, 47.3), PSO.index = c(737, 
    649, 98, 196, 718, 286, 122, 68, 1650, 582, 61), PSO.n.solutions = c(47, 
    41, 85, 153, 31, 238, 602, 402, 6, 69, 442), PSO.generations = c(100, 
    100, 100, 100, 100, 100, 100, 100, 100, 100, 100), PSO.n.evaluations = c(2500, 
    2500, 2500, 2500, 2500, 2500, 2500, 2500, 2500, 2500, 2500
    ), PSO.cpu.time = c(6021.718, 6296.361, 6530.503, 6777.043, 
    7162.958, 6314.299, 7527.14199999999, 7439.264, 6973.965, 
    8671.001, 11290.116), RS.cost = c(4.6666, 13.90045, 12.36668, 
    13.18741, 14.25796, 8.98311, 14.29781, 6.62923, 7.90275, 
    13.77345, 10.36541), RS.gamma = c(-3.90711, -8.66138, -7.74316, 
    -8.21293, -8.00743, -5.15176, -7.8838, -4.12692, -5.24365, 
    -8.10933, -6.2602), RS.data.balancing = c(0, 0, 0, 0, 0, 
    0, 0, 0, 0, 0, 0), RS.feature.selection = c(0, 0, 0, 0, 0, 
    0, 0, 0, 0, 0, 0), RS.valid.acc = c(0.95887, 0.97114, 0.97735, 
    0.96872, 0.97418, 0.97005, 0.97974, 0.98115, 0.98224, 0.98554, 
    0.97949), RS.test.acc = c(0.94524, 0.97132, 0.9658, 0.96489, 
    0.96106, 0.96683, 0.97697, 0.98385, 0.97455, 0.98072, 0.98404
    ), RS.train.time = c(0.0142, 0.047, 0.0377, 0.0539, 0.0601, 
    0.0228, 0.1207, 0.0223, 0.0248, 0.0771, 0.0449), RS.n.support.vectors = c(48.9, 
    36.1, 35, 38.1, 36, 42.8, 39.4, 55.4, 51.9, 45.9, 51.5), 
    RS.index = c(976, 717, 1733, 1164, 787, 2110, 33, 3, 110, 
    321, 255), RS.n.solutions = c(4, 2, 1, 4, 1, 1, 19, 31, 6, 
    1, 7), RS.generations = c(100, 100, 100, 100, 100, 100, 100, 
    100, 100, 100, 100), RS.n.evaluations = c(2500, 2500, 2500, 
    2500, 2500, 2500, 2500, 2500, 2500, 2500, 2500), RS.cpu.time = c(6037.824, 
    6073.278, 6127.54, 6191.301, 6268.196, 6338.26999999999, 
    6461.79800000001, 6576.49400000001, 6607.31, 7005.30799999999, 
    7115.40400000001), DF.cost = c(1, 1, 1, 1, 1, 1, 1, 1, 1, 
    1, 1), DF.gamma = c(0.16667, 0.16667, 0.16667, 0.16667, 0.16667, 
    0.16667, 0.16667, 0.16667, 0.16667, 0.16667, 0.16667), DF.data.balancing = c(0, 
    0, 0, 0, 0, 0, 0, 0, 0, 0, 0), DF.feature.selection = c(0, 
    0, 0, 0, 0, 0, 0, 0, 0, 0, 0), DF.valid.acc = c(0.95433, 
    0.9588, 0.95795, 0.96158, 0.96095, 0.95765, 0.9567, 0.95711, 
    0.95678, 0.95679, 0.95904), DF.test.acc = c(0.94978, 0.9588, 
    0.95795, 0.96158, 0.96095, 0.95765, 0.9567, 0.95711, 0.95678, 
    0.95679, 0.95904), DF.train.time = c(0.0151, 0.0163, 0.0175, 
    0.0188, 0.02, 0.0217, 0.0236, 0.0251, 0.0268, 0.0288, 0.03
    ), DF.n.support.vectors = c(95.5, 99.7, 107.7, 113.7, 118.5, 
    122.1, 126.5, 133.5, 138.2, 144.4, 146.8), DF.index = c(1, 
    1, 1, 1, 1, 1, 1, 1, 1, 1, 1), DF.n.solutions = c(1, 1, 1, 
    1, 1, 1, 1, 1, 1, 1, 1), DF.generations = c(1, 1, 1, 1, 1, 
    1, 1, 1, 1, 1, 1), DF.n.evaluations = c(1, 1, 1, 1, 1, 1, 
    1, 1, 1, 1, 1), DF.cpu.time = c(2.37, 2.357, 2.338, 2.376, 
    2.362, 2.419, 2.508, 2.457, 2.482, 2.45, 2.481), SMBO.cost = c(12.8931359187797, 
    12.8931359187797, 12.8931359187797, 12.8931359187797, 12.8931359187797, 
    12.8931359187797, 12.8931359187797, 12.8931359187797, 12.8931359187797, 
    12.8931359187797, 12.8931359187797), SMBO.gamma = c(-7.10995310349623, 
    -7.10995310349623, -7.10995310349623, -7.10995310349623, 
    -7.10995310349623, -7.10995310349623, -7.10995310349623, 
    -7.10995310349623, -7.10995310349623, -7.10995310349623, 
    -7.10995310349623), SMBO.balanced.test.accuracy = c(0.977638230818603, 
    0.977638230818603, 0.977638230818603, 0.977638230818603, 
    0.977638230818603, 0.977638230818603, 0.977638230818603, 
    0.977638230818603, 0.977638230818603, 0.977638230818603, 
    0.977638230818603)), .Names = c("Sampling", "PSO.cost", "PSO.gamma", 
"PSO.data.balancing", "PSO.feature.selection", "PSO.valid.acc", 
"PSO.test.acc", "PSO.train.time", "PSO.n.support.vectors", "PSO.index", 
"PSO.n.solutions", "PSO.generations", "PSO.n.evaluations", "PSO.cpu.time", 
"RS.cost", "RS.gamma", "RS.data.balancing", "RS.feature.selection", 
"RS.valid.acc", "RS.test.acc", "RS.train.time", "RS.n.support.vectors", 
"RS.index", "RS.n.solutions", "RS.generations", "RS.n.evaluations", 
"RS.cpu.time", "DF.cost", "DF.gamma", "DF.data.balancing", "DF.feature.selection", 
"DF.valid.acc", "DF.test.acc", "DF.train.time", "DF.n.support.vectors", 
"DF.index", "DF.n.solutions", "DF.generations", "DF.n.evaluations", 
"DF.cpu.time", "SMBO.cost", "SMBO.gamma", "SMBO.balanced.test.accuracy"
), row.names = c(NA, -11L), class = "data.frame")
