new.sol <-
structure(list(Sampling = c(50, 55, 60, 65, 70, 75, 80, 85, 90, 
95, 100), PSO.cost = c(12.18477, 7.87015, 11.67161, 15, 14.67726, 
11.74653, 15, 14.60196, 14.68735, 13.38887, 15), PSO.gamma = c(-6.97057, 
-3.69881, -6.06251, -8.42755, -8.23704, -6.65556, -8.52614, -8.2587, 
-7.93571, -7.64589, -8.3031), PSO.data.balancing = c(0, 0, 0, 
0, 0, 0, 0, 0, 0, 0, 0), PSO.feature.selection = c(0, 0, 0, 0, 
0, 0, 0, 0, 0, 0, 0), PSO.valid.acc = c(0.94931, 0.95, 0.9544, 
0.97561, 0.97741, 0.97575, 0.97983, 0.9867, 0.97737, 0.9881, 
0.98636), PSO.test.acc = c(0.93133, 0.9375, 0.93474, 0.96489, 
0.97085, 0.9696, 0.9715, 0.97844, 0.97487, 0.98333, 0.98409), 
    PSO.train.time = c(0.0272, 0.017, 0.0329, 0.0852, 0.1062, 
    0.0381, 0.0911, 0.1029, 0.1567, 0.0881, 0.1781), PSO.n.support.vectors = c(33.9, 
    45, 38, 39.3, 39.9, 41.1, 41, 42.7, 40.4, 45, 42.9), PSO.index = c(1446, 
    182, 499, 323, 1145, 1949, 218, 349, 21, 88, 206), PSO.n.solutions = c(18, 
    129, 218, 553, 40, 1, 91, 361, 548, 289, 275), PSO.generations = c(100, 
    100, 100, 100, 100, 100, 100, 100, 100, 100, 100), PSO.n.evaluations = c(2500, 
    2500, 2500, 2500, 2500, 2500, 2500, 2500, 2500, 2500, 2500
    ), PSO.cpu.time = c(6824.471, 6670.102, 6939.05, 7795.674, 
    6847.105, 7356.63800000001, 7984.75499999999, 9156.936, 7024.152, 
    8846.94499999999, 9342.52599999998), RS.cost = c(13.18128, 
    9.47684, 11.21352, 14.31456, 11.05801, 11.01926, 8.27257, 
    14.85819, 10.15175, 13.39752, 12.97186), RS.gamma = c(-6.85733, 
    -4.9831, -5.86861, -7.95331, -6.43484, -5.95773, -4.36511, 
    -8.37913, -5.64641, -7.61954, -7.13969), RS.data.balancing = c(0, 
    0, 0, 0, 0, 0, 0, 0, 0, 0, 0), RS.feature.selection = c(0, 
    0, 0, 0, 0, 0, 0, 0, 0, 0, 0), RS.valid.acc = c(0.9489, 0.95, 
    0.9544, 0.97216, 0.9772, 0.97272, 0.97705, 0.9867, 0.97737, 
    0.9881, 0.98409), RS.test.acc = c(0.93591, 0.94167, 0.93474, 
    0.96132, 0.97407, 0.96978, 0.97435, 0.98122, 0.97487, 0.98571, 
    0.98182), RS.train.time = c(0.0325, 0.0192, 0.0288, 0.0738, 
    0.0328, 0.0392, 0.026, 0.1256, 0.0404, 0.0861, 0.0987), RS.n.support.vectors = c(31.6, 
    38.4, 38.7, 38.2, 42.5, 42, 49, 42.6, 47.1, 44.2, 43.6), 
    RS.index = c(1756, 237, 187, 68, 625, 9, 54, 1179, 260, 235, 
    17), RS.n.solutions = c(2, 2, 4, 2, 7, 10, 47, 1, 30, 5, 
    9), RS.generations = c(100, 100, 100, 100, 100, 100, 100, 
    100, 100, 100, 100), RS.n.evaluations = c(2500, 2500, 2500, 
    2500, 2500, 2500, 2500, 2500, 2500, 2500, 2500), RS.cpu.time = c(6564.761, 
    6578.551, 6742.988, 6807.269, 6751.939, 6912.56, 7140.75599999999, 
    7113.811, 6956.382, 7078.568, 7314.23999999999), DF.cost = c(1, 
    1, 1, 1, 1, 1, 1, 1, 1, 1, 1), DF.gamma = c(0.16667, 0.16667, 
    0.16667, 0.16667, 0.16667, 0.16667, 0.16667, 0.16667, 0.16667, 
    0.16667, 0.16667), DF.data.balancing = c(0, 0, 0, 0, 0, 0, 
    0, 0, 0, 0, 0), DF.feature.selection = c(0, 0, 0, 0, 0, 0, 
    0, 0, 0, 0, 0), DF.valid.acc = c(0.93178, 0.9375, 0.94213, 
    0.94777, 0.94741, 0.95103, 0.95459, 0.9544, 0.95724, 0.95952, 
    0.95888), DF.test.acc = c(0.93178, 0.9375, 0.94213, 0.94777, 
    0.94741, 0.95103, 0.95459, 0.9544, 0.95724, 0.95952, 0.95888
    ), DF.train.time = c(0.0166, 0.0173, 0.0199, 0.021, 0.0217, 
    0.0245, 0.0262, 0.0267, 0.0284, 0.031, 0.0314), DF.n.support.vectors = c(101, 
    105.8, 113.9, 117.6, 125.6, 129.9, 133.2, 137.7, 140.5, 145.3, 
    148.2), DF.index = c(1, 1, 1, 1, 1, 1, 1, 1, 1, 1, 1), DF.n.solutions = c(1, 
    1, 1, 1, 1, 1, 1, 1, 1, 1, 1), DF.generations = c(1, 1, 1, 
    1, 1, 1, 1, 1, 1, 1, 1), DF.n.evaluations = c(1, 1, 1, 1, 
    1, 1, 1, 1, 1, 1, 1), DF.cpu.time = c(2.566, 2.472, 2.671, 
    2.64, 2.619, 2.766, 2.735, 2.63, 2.672, 2.695, 2.696), SMBO.cost = c(14.4496540344241, 
    14.4496540344241, 14.4496540344241, 14.4496540344241, 14.4496540344241, 
    14.4496540344241, 14.4496540344241, 14.4496540344241, 14.4496540344241, 
    14.4496540344241, 14.4496540344241), SMBO.gamma = c(-7.84293739886256, 
    -7.84293739886256, -7.84293739886256, -7.84293739886256, 
    -7.84293739886256, -7.84293739886256, -7.84293739886256, 
    -7.84293739886256, -7.84293739886256, -7.84293739886256, 
    -7.84293739886256), SMBO.balanced.test.accuracy = c(0.977226962430328, 
    0.977226962430328, 0.977226962430328, 0.977226962430328, 
    0.977226962430328, 0.977226962430328, 0.977226962430328, 
    0.977226962430328, 0.977226962430328, 0.977226962430328, 
    0.977226962430328)), .Names = c("Sampling", "PSO.cost", "PSO.gamma", 
"PSO.data.balancing", "PSO.feature.selection", "PSO.valid.acc", 
"PSO.test.acc", "PSO.train.time", "PSO.n.support.vectors", "PSO.index", 
"PSO.n.solutions", "PSO.generations", "PSO.n.evaluations", "PSO.cpu.time", 
"RS.cost", "RS.gamma", "RS.data.balancing", "RS.feature.selection", 
"RS.valid.acc", "RS.test.acc", "RS.train.time", "RS.n.support.vectors", 
"RS.index", "RS.n.solutions", "RS.generations", "RS.n.evaluations", 
"RS.cpu.time", "DF.cost", "DF.gamma", "DF.data.balancing", "DF.feature.selection", 
"DF.valid.acc", "DF.test.acc", "DF.train.time", "DF.n.support.vectors", 
"DF.index", "DF.n.solutions", "DF.generations", "DF.n.evaluations", 
"DF.cpu.time", "SMBO.cost", "SMBO.gamma", "SMBO.balanced.test.accuracy"
), row.names = c(NA, -11L), class = "data.frame")
