new.sol <-
structure(list(Sampling = c(50, 55, 60, 65, 70, 75, 80, 85, 90, 
95, 100), PSO.cost = c(8.91253, 8.29983, 13.19471, 8.85238, 7.19102, 
13.00407, 15, 6.50613, 12.8254, 10.10217, 14.73088), PSO.gamma = c(-7.51931, 
-1.72578, -7.65989, -5.13418, -3.50253, -6.49431, -8.19225, -3.14249, 
-7.29109, -5.7362, -8.38634), PSO.data.balancing = c(0, 0, 0, 
0, 0, 0, 0, 0, 0, 0, 0), PSO.feature.selection = c(0, 0, 0, 0, 
0, 0, 0, 0, 0, 0, 0), PSO.valid.acc = c(0.94931, 0.96264, 0.95897, 
0.95776, 0.97065, 0.97575, 0.97982, 0.97311, 0.98967, 0.97607, 
0.98404), PSO.test.acc = c(0.93979, 0.9463, 0.93972, 0.95788, 
0.96086, 0.96344, 0.9741, 0.97311, 0.98717, 0.97136, 0.98404), 
    PSO.train.time = c(0.0168, 0.0182, 0.0402, 0.0183, 0.0177, 
    0.045, 0.0684, 0.0219, 0.1242, 0.0413, 0.1337), PSO.n.support.vectors = c(49.4, 
    99.2, 35.5, 37.7, 49.1, 34.8, 34.6, 60.2, 44.6, 46.9, 45.6
    ), PSO.index = c(31, 42, 27, 540, 62, 140, 205, 239, 441, 
    622, 212), PSO.n.solutions = c(394, 1198, 243, 46, 471, 395, 
    832, 448, 322, 57, 160), PSO.generations = c(100, 100, 100, 
    100, 100, 100, 100, 100, 100, 100, 100), PSO.n.evaluations = c(2500, 
    2500, 2500, 2500, 2500, 2500, 2500, 2500, 2500, 2500, 2500
    ), PSO.cpu.time = c(6372.556, 6222.475, 6552.102, 6606.60000000001, 
    6544.125, 6715.515, 7411.658, 6604.28200000001, 9091.663, 
    7225.352, 9854.28199999998), RS.cost = c(6.03532, 7.27595, 
    7.77411, 14.94661, 9.25666, 14.08399, 14.75918, 14.75387, 
    13.62205, 6.70386, 10.68562), RS.gamma = c(-6.06827, -1.56846, 
    -3.55443, -8.09881, -4.40693, -6.96509, -8.00807, -8.0981, 
    -7.50442, -3.51127, -6.18228), RS.data.balancing = c(0, 0, 
    0, 0, 0, 0, 0, 0, 0, 0, 0), RS.feature.selection = c(0, 0, 
    0, 0, 0, 0, 0, 0, 0, 0, 0), RS.valid.acc = c(0.94931, 0.96264, 
    0.96224, 0.95443, 0.97065, 0.97575, 0.97982, 0.97312, 0.98717, 
    0.97375, 0.98177), RS.test.acc = c(0.94455, 0.9463, 0.92832, 
    0.9649, 0.96097, 0.96344, 0.96847, 0.97852, 0.98717, 0.96893, 
    0.97949), RS.train.time = c(0.0142, 0.0191, 0.0167, 0.071, 
    0.0201, 0.0605, 0.0642, 0.1152, 0.1459, 0.0263, 0.0429), 
    RS.n.support.vectors = c(52.1, 106.9, 48.3, 32.2, 42.4, 34.1, 
    34.5, 37.3, 42.2, 63, 48.6), RS.index = c(58, 52, 1568, 635, 
    170, 95, 99, 687, 355, 1811, 811), RS.n.solutions = c(95, 
    36, 1, 1, 9, 2, 7, 2, 7, 2, 9), RS.generations = c(100, 100, 
    100, 100, 100, 100, 100, 100, 100, 100, 100), RS.n.evaluations = c(2500, 
    2500, 2500, 2500, 2500, 2500, 2500, 2500, 2500, 2500, 2500
    ), RS.cpu.time = c(6238.316, 6317.732, 6436.754, 6541.588, 
    6704.879, 6359.02699999999, 6562.505, 7108.33899999999, 6849.12699999999, 
    7122.41099999999, 6865.69900000002), DF.cost = c(1, 1, 1, 
    1, 1, 1, 1, 1, 1, 1, 1), DF.gamma = c(0.16667, 0.16667, 0.16667, 
    0.16667, 0.16667, 0.16667, 0.16667, 0.16667, 0.16667, 0.16667, 
    0.16667), DF.data.balancing = c(0, 0, 0, 0, 0, 0, 0, 0, 0, 
    0, 0), DF.feature.selection = c(0, 0, 0, 0, 0, 0, 0, 0, 0, 
    0, 0), DF.valid.acc = c(0.94001, 0.95047, 0.95099, 0.95419, 
    0.95774, 0.96059, 0.963, 0.96493, 0.96172, 0.95911, 0.95899
    ), DF.test.acc = c(0.94455, 0.9463, 0.94358, 0.95062, 0.95774, 
    0.96059, 0.963, 0.96493, 0.96172, 0.95911, 0.95899), DF.train.time = c(0.0159, 
    0.0172, 0.018, 0.0196, 0.0209, 0.0223, 0.025, 0.0259, 0.0271, 
    0.0286, 0.0297), DF.n.support.vectors = c(99.3, 103.4, 109.5, 
    116.7, 118.9, 124, 128.5, 131, 137.1, 143.1, 146.4), DF.index = c(1, 
    1, 1, 1, 1, 1, 1, 1, 1, 1, 1), DF.n.solutions = c(1, 1, 1, 
    1, 1, 1, 1, 1, 1, 1, 1), DF.generations = c(1, 1, 1, 1, 1, 
    1, 1, 1, 1, 1, 1), DF.n.evaluations = c(1, 1, 1, 1, 1, 1, 
    1, 1, 1, 1, 1), DF.cpu.time = c(2.467, 2.557, 2.514, 2.604, 
    2.456, 2.452, 2.562, 2.673, 2.512, 2.537, 2.448), SMBO.cost = c(12.8884159475952, 
    12.8884159475952, 12.8884159475952, 12.8884159475952, 12.8884159475952, 
    12.8884159475952, 12.8884159475952, 12.8884159475952, 12.8884159475952, 
    12.8884159475952, 12.8884159475952), SMBO.gamma = c(-6.73770388806018, 
    -6.73770388806018, -6.73770388806018, -6.73770388806018, 
    -6.73770388806018, -6.73770388806018, -6.73770388806018, 
    -6.73770388806018, -6.73770388806018, -6.73770388806018, 
    -6.73770388806018), SMBO.balanced.test.accuracy = c(0.986776753712238, 
    0.986776753712238, 0.986776753712238, 0.986776753712238, 
    0.986776753712238, 0.986776753712238, 0.986776753712238, 
    0.986776753712238, 0.986776753712238, 0.986776753712238, 
    0.986776753712238)), .Names = c("Sampling", "PSO.cost", "PSO.gamma", 
"PSO.data.balancing", "PSO.feature.selection", "PSO.valid.acc", 
"PSO.test.acc", "PSO.train.time", "PSO.n.support.vectors", "PSO.index", 
"PSO.n.solutions", "PSO.generations", "PSO.n.evaluations", "PSO.cpu.time", 
"RS.cost", "RS.gamma", "RS.data.balancing", "RS.feature.selection", 
"RS.valid.acc", "RS.test.acc", "RS.train.time", "RS.n.support.vectors", 
"RS.index", "RS.n.solutions", "RS.generations", "RS.n.evaluations", 
"RS.cpu.time", "DF.cost", "DF.gamma", "DF.data.balancing", "DF.feature.selection", 
"DF.valid.acc", "DF.test.acc", "DF.train.time", "DF.n.support.vectors", 
"DF.index", "DF.n.solutions", "DF.generations", "DF.n.evaluations", 
"DF.cpu.time", "SMBO.cost", "SMBO.gamma", "SMBO.balanced.test.accuracy"
), row.names = c(NA, -11L), class = "data.frame")
