new.sol <-
structure(list(Sampling = c(50, 55, 60, 65, 70, 75, 80, 85, 90, 
95, 100), PSO.cost = c(1, 1, 1, 1, 1, 10.01845, 1, 13.70746, 
15, 15, 11.59637), PSO.gamma = c(0.16667, 0.16667, 0.16667, 0.16667, 
0.16667, -4.74137, 0.16667, -6.7327, -7.91725, -8.26232, -6.95848
), PSO.data.balancing = c(0, 0, 0, 0, 0, 0, 0, 0, 0, 0, 0), PSO.feature.selection = c(0, 
0, 0, 0, 0, 0, 0, 0, 0, 0, 0), PSO.valid.acc = c(0.97289, 0.9748, 
0.96934, 0.96488, 0.96409, 0.97576, 0.96603, 0.97325, 0.9773, 
0.98571, 0.98631), PSO.test.acc = c(0.97289, 0.9748, 0.96934, 
0.96488, 0.96409, 0.9697, 0.96603, 0.96521, 0.97461, 0.98321, 
0.98631), PSO.train.time = c(0.0164, 0.017, 0.0187, 0.0205, 0.021, 
0.026, 0.025, 0.0561, 0.1166, 0.144, 0.0461), PSO.n.support.vectors = c(90.7, 
96.6, 105.4, 112.1, 118.6, 43, 125.3, 36.5, 37.4, 42.5, 48.2), 
    PSO.index = c(1, 1, 1, 1, 1, 250, 1, 600, 111, 157, 54), 
    PSO.n.solutions = c(662, 630, 739, 779, 772, 330, 845, 254, 
    1037, 584, 318), PSO.generations = c(100, 100, 100, 100, 
    100, 100, 100, 100, 100, 100, 100), PSO.n.evaluations = c(2500, 
    2500, 2500, 2500, 2500, 2500, 2500, 2500, 2500, 2500, 2500
    ), PSO.cpu.time = c(6702.539, 6654.95, 6603.412, 6853.815, 
    6758.473, 6871.505, 7001.80799999999, 7670.355, 8622, 9358.443, 
    9458.40299999999), RS.cost = c(9.09476, 7.97355, 2.68837, 
    7.56972, 8.36082, 11.45105, 13.046, 13.62895, 14.78936, 14.20228, 
    12.14469), RS.gamma = c(-6.79097, -6.89589, -4.62917, -7.49326, 
    -7.42129, -5.45121, -10.59944, -6.69017, -7.93051, -7.92558, 
    -7.2305), RS.data.balancing = c(0, 0, 0, 0, 0, 0, 0, 0, 0, 
    0, 0), RS.feature.selection = c(0, 0, 0, 0, 0, 0, 0, 0, 0, 
    0, 0), RS.valid.acc = c(0.97289, 0.9748, 0.96934, 0.96488, 
    0.96409, 0.97576, 0.96603, 0.97062, 0.9773, 0.98571, 0.98631
    ), RS.test.acc = c(0.97289, 0.9748, 0.96934, 0.96488, 0.96409, 
    0.96667, 0.96603, 0.96258, 0.97461, 0.98321, 0.98631), RS.train.time = c(0.0303, 
    0.0249, 0.0162, 0.0205, 0.0293, 0.0286, 0.0485, 0.0555, 0.1076, 
    0.1138, 0.0533), RS.n.support.vectors = c(39.6, 45.3, 68.6, 
    67.9, 62.5, 37.8, 83.7, 36.6, 38.6, 43.3, 48.4), RS.index = c(3, 
    7, 6, 6, 9, 86, 2, 522, 1688, 2187, 344), RS.n.solutions = c(249, 
    251, 224, 347, 308, 3, 339, 3, 2, 1, 7), RS.generations = c(100, 
    100, 100, 100, 100, 100, 100, 100, 100, 100, 100), RS.n.evaluations = c(2500, 
    2500, 2500, 2500, 2500, 2500, 2500, 2500, 2500, 2500, 2500
    ), RS.cpu.time = c(6674.653, 6758.826, 6721.321, 6789.516, 
    6886.137, 6909.69, 7024.53999999999, 7049.62, 7145.535, 7379.04500000001, 
    7473.91199999998), DF.cost = c(1, 1, 1, 1, 1, 1, 1, 1, 1, 
    1, 1), DF.gamma = c(0.16667, 0.16667, 0.16667, 0.16667, 0.16667, 
    0.16667, 0.16667, 0.16667, 0.16667, 0.16667, 0.16667), DF.data.balancing = c(0, 
    0, 0, 0, 0, 0, 0, 0, 0, 0, 0), DF.feature.selection = c(0, 
    0, 0, 0, 0, 0, 0, 0, 0, 0, 0), DF.valid.acc = c(0.97289, 
    0.9748, 0.96934, 0.96488, 0.96409, 0.96345, 0.96603, 0.96763, 
    0.96205, 0.95929, 0.95888), DF.test.acc = c(0.97289, 0.9748, 
    0.96934, 0.96488, 0.96409, 0.96345, 0.96603, 0.96763, 0.96205, 
    0.95929, 0.95888), DF.train.time = c(0.016, 0.0167, 0.0183, 
    0.0195, 0.0211, 0.0229, 0.0246, 0.0259, 0.0297, 0.0299, 0.0312
    ), DF.n.support.vectors = c(90.7, 96.6, 105.4, 112.1, 118.6, 
    120.9, 125.3, 130.5, 137.7, 144.4, 146.2), DF.index = c(1, 
    1, 1, 1, 1, 1, 1, 1, 1, 1, 1), DF.n.solutions = c(1, 1, 1, 
    1, 1, 1, 1, 1, 1, 1, 1), DF.generations = c(1, 1, 1, 1, 1, 
    1, 1, 1, 1, 1, 1), DF.n.evaluations = c(1, 1, 1, 1, 1, 1, 
    1, 1, 1, 1, 1), DF.cpu.time = c(2.617, 2.642, 2.617, 2.619, 
    2.63, 2.678, 2.723, 2.673, 2.735, 2.778, 2.757), SMBO.cost = c(12.3279307130724, 
    12.3279307130724, 12.3279307130724, 12.3279307130724, 12.3279307130724, 
    12.3279307130724, 12.3279307130724, 12.3279307130724, 12.3279307130724, 
    12.3279307130724, 12.3279307130724), SMBO.gamma = c(-6.68632309651002, 
    -6.68632309651002, -6.68632309651002, -6.68632309651002, 
    -6.68632309651002, -6.68632309651002, -6.68632309651002, 
    -6.68632309651002, -6.68632309651002, -6.68632309651002, 
    -6.68632309651002), SMBO.balanced.test.accuracy = c(0.984781085214522, 
    0.984781085214522, 0.984781085214522, 0.984781085214522, 
    0.984781085214522, 0.984781085214522, 0.984781085214522, 
    0.984781085214522, 0.984781085214522, 0.984781085214522, 
    0.984781085214522)), .Names = c("Sampling", "PSO.cost", "PSO.gamma", 
"PSO.data.balancing", "PSO.feature.selection", "PSO.valid.acc", 
"PSO.test.acc", "PSO.train.time", "PSO.n.support.vectors", "PSO.index", 
"PSO.n.solutions", "PSO.generations", "PSO.n.evaluations", "PSO.cpu.time", 
"RS.cost", "RS.gamma", "RS.data.balancing", "RS.feature.selection", 
"RS.valid.acc", "RS.test.acc", "RS.train.time", "RS.n.support.vectors", 
"RS.index", "RS.n.solutions", "RS.generations", "RS.n.evaluations", 
"RS.cpu.time", "DF.cost", "DF.gamma", "DF.data.balancing", "DF.feature.selection", 
"DF.valid.acc", "DF.test.acc", "DF.train.time", "DF.n.support.vectors", 
"DF.index", "DF.n.solutions", "DF.generations", "DF.n.evaluations", 
"DF.cpu.time", "SMBO.cost", "SMBO.gamma", "SMBO.balanced.test.accuracy"
), row.names = c(NA, -11L), class = "data.frame")
