new.sol <-
structure(list(Sampling = c(50, 55, 60, 65, 70, 75, 80, 85, 90, 
95, 100), PSO.cost = c(13.61054, 1, 1, 12.79999, 11.20175, 11.06999, 
15, 13.68199, 13.25547, 14.06148, 13.02193), PSO.gamma = c(-7.00159, 
0.16667, 0.16667, -6.47257, -4.18978, -6.05091, -7.83198, -7.52877, 
-7.55457, -7.90368, -7.36223), PSO.data.balancing = c(0, 0, 0, 
0, 0, 0, 0, 0, 0, 0, 0), PSO.feature.selection = c(0, 0, 0, 0, 
0, 0, 0, 0, 0, 0, 0), PSO.valid.acc = c(0.98137, 0.9635, 0.95798, 
0.98264, 0.97387, 0.97575, 0.97991, 0.97034, 0.97974, 0.97846, 
0.98404), PSO.test.acc = c(0.97184, 0.9635, 0.95413, 0.98251, 
0.97075, 0.96666, 0.97428, 0.96764, 0.97968, 0.98078, 0.98631
), PSO.train.time = c(0.0317, 0.0178, 0.0195, 0.0442, 0.0232, 
0.0295, 0.102, 0.0716, 0.067, 0.1028, 0.0848), PSO.n.support.vectors = c(27.2, 
106.3, 111.4, 35.1, 49.2, 38.9, 37, 39.9, 43.3, 44.4, 45.8), 
    PSO.index = c(29, 1, 1, 154, 50, 305, 341, 227, 400, 293, 
    153), PSO.n.solutions = c(222, 649, 543, 391, 839, 191, 522, 
    349, 134, 116, 405), PSO.generations = c(100, 100, 100, 100, 
    100, 100, 100, 100, 100, 100, 100), PSO.n.evaluations = c(2500, 
    2500, 2500, 2500, 2500, 2500, 2500, 2500, 2500, 2500, 2500
    ), PSO.cpu.time = c(7138.078, 6764.343, 6931.213, 7532.32, 
    6637.501, 7441.46400000001, 8321.98, 8664.28000000001, 7804.269, 
    8005.713, 8520.53100000002), RS.cost = c(12.93455, 14.48119, 
    5.06824, 14.63784, 11.08168, 9.99945, 14.61634, 14.11844, 
    13.50473, 13.53534, 14.7291), RS.gamma = c(-6.64315, -10.41382, 
    -4.66539, -7.36828, -4.17085, -5.55357, -7.47604, -7.80873, 
    -7.70592, -7.59072, -8.22168), RS.data.balancing = c(0, 0, 
    0, 0, 0, 0, 0, 0, 0, 0, 0), RS.feature.selection = c(0, 0, 
    0, 0, 0, 0, 0, 0, 0, 0, 0), RS.valid.acc = c(0.98137, 0.9635, 
    0.95798, 0.98264, 0.97387, 0.97575, 0.9742, 0.97034, 0.97974, 
    0.97846, 0.98404), RS.test.acc = c(0.96749, 0.9635, 0.95043, 
    0.98596, 0.97075, 0.96666, 0.96848, 0.96764, 0.97712, 0.9784, 
    0.98631), RS.train.time = c(0.0271, 0.1016, 0.0177, 0.0747, 
    0.0236, 0.0256, 0.113, 0.0811, 0.0685, 0.0879, 0.1477), RS.n.support.vectors = c(28.4, 
    52.5, 49.9, 33.5, 49.4, 40.6, 37.3, 39.9, 43.6, 43.9, 44.6
    ), RS.index = c(18, 7, 4, 220, 1430, 2048, 853, 146, 2471, 
    270, 58), RS.n.solutions = c(31, 277, 222, 2, 2, 1, 1, 3, 
    1, 4, 8), RS.generations = c(100, 100, 100, 100, 100, 100, 
    100, 100, 100, 100, 100), RS.n.evaluations = c(2500, 2500, 
    2500, 2500, 2500, 2500, 2500, 2500, 2500, 2500, 2500), RS.cpu.time = c(6800.946, 
    6995.432, 6986.57900000001, 6832.936, 6875.764, 7055.829, 
    6760.93000000001, 6784.24100000001, 7039.97900000001, 7184.943, 
    7350.772), DF.cost = c(1, 1, 1, 1, 1, 1, 1, 1, 1, 1, 1), 
    DF.gamma = c(0.16667, 0.16667, 0.16667, 0.16667, 0.16667, 
    0.16667, 0.16667, 0.16667, 0.16667, 0.16667, 0.16667), DF.data.balancing = c(0, 
    0, 0, 0, 0, 0, 0, 0, 0, 0, 0), DF.feature.selection = c(0, 
    0, 0, 0, 0, 0, 0, 0, 0, 0, 0), DF.valid.acc = c(0.97206, 
    0.9635, 0.95798, 0.96145, 0.96108, 0.96032, 0.95704, 0.9596, 
    0.95942, 0.95668, 0.95883), DF.test.acc = c(0.97206, 0.9635, 
    0.95413, 0.96145, 0.96108, 0.96032, 0.95704, 0.9596, 0.95942, 
    0.95668, 0.95883), DF.train.time = c(0.0158, 0.0187, 0.0206, 
    0.0209, 0.0216, 0.0237, 0.0243, 0.0275, 0.0272, 0.0313, 0.032
    ), DF.n.support.vectors = c(97.4, 106.3, 111.4, 115.2, 121.3, 
    126.3, 128.6, 132.6, 138.9, 143.9, 147.8), DF.index = c(1, 
    1, 1, 1, 1, 1, 1, 1, 1, 1, 1), DF.n.solutions = c(1, 1, 1, 
    1, 1, 1, 1, 1, 1, 1, 1), DF.generations = c(1, 1, 1, 1, 1, 
    1, 1, 1, 1, 1, 1), DF.n.evaluations = c(1, 1, 1, 1, 1, 1, 
    1, 1, 1, 1, 1), DF.cpu.time = c(2.523, 2.654, 2.779, 2.542, 
    2.614, 2.553, 2.5, 2.685, 2.536, 2.877, 2.624), SMBO.cost = c(13.1554749151219, 
    13.1554749151219, 13.1554749151219, 13.1554749151219, 13.1554749151219, 
    13.1554749151219, 13.1554749151219, 13.1554749151219, 13.1554749151219, 
    13.1554749151219, 13.1554749151219), SMBO.gamma = c(-6.29286875813501, 
    -6.29286875813501, -6.29286875813501, -6.29286875813501, 
    -6.29286875813501, -6.29286875813501, -6.29286875813501, 
    -6.29286875813501, -6.29286875813501, -6.29286875813501, 
    -6.29286875813501), SMBO.balanced.test.accuracy = c(0.976187378874558, 
    0.976187378874558, 0.976187378874558, 0.976187378874558, 
    0.976187378874558, 0.976187378874558, 0.976187378874558, 
    0.976187378874558, 0.976187378874558, 0.976187378874558, 
    0.976187378874558)), .Names = c("Sampling", "PSO.cost", "PSO.gamma", 
"PSO.data.balancing", "PSO.feature.selection", "PSO.valid.acc", 
"PSO.test.acc", "PSO.train.time", "PSO.n.support.vectors", "PSO.index", 
"PSO.n.solutions", "PSO.generations", "PSO.n.evaluations", "PSO.cpu.time", 
"RS.cost", "RS.gamma", "RS.data.balancing", "RS.feature.selection", 
"RS.valid.acc", "RS.test.acc", "RS.train.time", "RS.n.support.vectors", 
"RS.index", "RS.n.solutions", "RS.generations", "RS.n.evaluations", 
"RS.cpu.time", "DF.cost", "DF.gamma", "DF.data.balancing", "DF.feature.selection", 
"DF.valid.acc", "DF.test.acc", "DF.train.time", "DF.n.support.vectors", 
"DF.index", "DF.n.solutions", "DF.generations", "DF.n.evaluations", 
"DF.cpu.time", "SMBO.cost", "SMBO.gamma", "SMBO.balanced.test.accuracy"
), row.names = c(NA, -11L), class = "data.frame")
