new.sol <-
structure(list(Sampling = c(50, 55, 60, 65, 70, 75, 80, 85, 90, 
95, 100), PSO.cost = c(2.00163, 10.76217, 2.05302, 10.90165, 
14.95661, 13.53366, 15, 12.65454, 14.06116, 12.20344, 14.55235
), PSO.gamma = c(-4.574, -5.72465, -4.3663, -6.10639, -8.40352, 
-6.87574, -8.48714, -7.15335, -8.05605, -6.99519, -8.24847), 
    PSO.data.balancing = c(0, 0, 0, 0, 0, 0, 0, 0, 0, 0, 0), 
    PSO.feature.selection = c(0, 0, 0, 0, 0, 0, 0, 0, 0, 0, 0
    ), PSO.valid.acc = c(0.96818, 0.96733, 0.96195, 0.96144, 
    0.98054, 0.9729, 0.97151, 0.97866, 0.98231, 0.98084, 0.98636
    ), PSO.test.acc = c(0.96818, 0.92111, 0.96195, 0.95787, 0.97065, 
    0.9639, 0.96571, 0.97333, 0.97224, 0.98078, 0.98409), PSO.train.time = c(0.0142, 
    0.0178, 0.0171, 0.0247, 0.0704, 0.0522, 0.1013, 0.0524, 0.0972, 
    0.0842, 0.1277), PSO.n.support.vectors = c(68.8, 28.5, 74.6, 
    34, 33.1, 36, 39.8, 40.4, 42.2, 45.8, 45.3), PSO.index = c(20, 
    123, 11, 1175, 1545, 149, 163, 286, 144, 525, 335), PSO.n.solutions = c(661, 
    212, 695, 2, 3, 288, 230, 84, 79, 256, 509), PSO.generations = c(100, 
    100, 100, 100, 100, 100, 100, 100, 100, 100, 100), PSO.n.evaluations = c(2500, 
    2500, 2500, 2500, 2500, 2500, 2500, 2500, 2500, 2500, 2500
    ), PSO.cpu.time = c(6305.859, 6366.346, 6785.972, 6827.507, 
    7548.478, 7793.49100000001, 8391.07400000001, 8732.54400000001, 
    8554.891, 9170.61700000001, 9991.215), RS.cost = c(2.51709, 
    10.8865, 7.72011, 2.63044, 9.44503, 14.09105, 14.86307, 11.38542, 
    11.27498, 12.88692, 14.27578), RS.gamma = c(-4.88715, -5.88438, 
    -7.75566, -3.78657, -5.40076, -7.1072, -7.85202, -6.56106, 
    -6.60464, -7.37813, -8.18704), RS.data.balancing = c(0, 0, 
    0, 0, 0, 0, 0, 0, 0, 0, 0), RS.feature.selection = c(0, 0, 
    0, 0, 0, 0, 0, 0, 0, 0, 0), RS.valid.acc = c(0.96818, 0.96733, 
    0.96195, 0.96121, 0.97731, 0.9729, 0.97151, 0.97866, 0.97974, 
    0.98084, 0.98636), RS.test.acc = c(0.96818, 0.92944, 0.95825, 
    0.96121, 0.9772, 0.9639, 0.97437, 0.9707, 0.96962, 0.98078, 
    0.98182), RS.train.time = c(0.0151, 0.0173, 0.0193, 0.0177, 
    0.0212, 0.0565, 0.1011, 0.038, 0.0423, 0.0914, 0.1104), RS.n.support.vectors = c(67.1, 
    29.2, 67.3, 68.3, 37, 34, 36.4, 42, 44, 45, 46), RS.index = c(10, 
    1068, 10, 18, 1607, 808, 202, 2255, 362, 159, 132), RS.n.solutions = c(123, 
    3, 116, 303, 1, 2, 2, 1, 4, 5, 2), RS.generations = c(100, 
    100, 100, 100, 100, 100, 100, 100, 100, 100, 100), RS.n.evaluations = c(2500, 
    2500, 2500, 2500, 2500, 2500, 2500, 2500, 2500, 2500, 2500
    ), RS.cpu.time = c(6373.726, 6457.522, 6908.354, 6862.016, 
    7072.397, 6988.311, 7048.00300000001, 7135.008, 7360.988, 
    7311.62899999999, 7320.451), DF.cost = c(1, 1, 1, 1, 1, 1, 
    1, 1, 1, 1, 1), DF.gamma = c(0.16667, 0.16667, 0.16667, 0.16667, 
    0.16667, 0.16667, 0.16667, 0.16667, 0.16667, 0.16667, 0.16667
    ), DF.data.balancing = c(0, 0, 0, 0, 0, 0, 0, 0, 0, 0, 0), 
    DF.feature.selection = c(0, 0, 0, 0, 0, 0, 0, 0, 0, 0, 0), 
    DF.valid.acc = c(0.96383, 0.95882, 0.95455, 0.96121, 0.96419, 
    0.96371, 0.95722, 0.9601, 0.9623, 0.95906, 0.95888), DF.test.acc = c(0.96364, 
    0.95882, 0.95455, 0.96121, 0.96419, 0.96371, 0.95722, 0.9601, 
    0.9623, 0.95906, 0.95888), DF.train.time = c(0.016, 0.0172, 
    0.0194, 0.02, 0.0225, 0.0231, 0.0243, 0.0264, 0.0297, 0.0304, 
    0.032), DF.n.support.vectors = c(92.6, 98.1, 106.3, 112.1, 
    115, 122.7, 128.3, 134, 136.5, 144, 145.8), DF.index = c(1, 
    1, 1, 1, 1, 1, 1, 1, 1, 1, 1), DF.n.solutions = c(1, 1, 1, 
    1, 1, 1, 1, 1, 1, 1, 1), DF.generations = c(1, 1, 1, 1, 1, 
    1, 1, 1, 1, 1, 1), DF.n.evaluations = c(1, 1, 1, 1, 1, 1, 
    1, 1, 1, 1, 1), DF.cpu.time = c(2.519, 2.642, 2.775, 2.716, 
    2.821, 2.718, 2.716, 2.741, 2.81, 2.744, 2.794), SMBO.cost = c(14.5396474567777, 
    14.5396474567777, 14.5396474567777, 14.5396474567777, 14.5396474567777, 
    14.5396474567777, 14.5396474567777, 14.5396474567777, 14.5396474567777, 
    14.5396474567777, 14.5396474567777), SMBO.gamma = c(-8.04789262194871, 
    -8.04789262194871, -8.04789262194871, -8.04789262194871, 
    -8.04789262194871, -8.04789262194871, -8.04789262194871, 
    -8.04789262194871, -8.04789262194871, -8.04789262194871, 
    -8.04789262194871), SMBO.balanced.test.accuracy = c(0.975535005898513, 
    0.975535005898513, 0.975535005898513, 0.975535005898513, 
    0.975535005898513, 0.975535005898513, 0.975535005898513, 
    0.975535005898513, 0.975535005898513, 0.975535005898513, 
    0.975535005898513)), .Names = c("Sampling", "PSO.cost", "PSO.gamma", 
"PSO.data.balancing", "PSO.feature.selection", "PSO.valid.acc", 
"PSO.test.acc", "PSO.train.time", "PSO.n.support.vectors", "PSO.index", 
"PSO.n.solutions", "PSO.generations", "PSO.n.evaluations", "PSO.cpu.time", 
"RS.cost", "RS.gamma", "RS.data.balancing", "RS.feature.selection", 
"RS.valid.acc", "RS.test.acc", "RS.train.time", "RS.n.support.vectors", 
"RS.index", "RS.n.solutions", "RS.generations", "RS.n.evaluations", 
"RS.cpu.time", "DF.cost", "DF.gamma", "DF.data.balancing", "DF.feature.selection", 
"DF.valid.acc", "DF.test.acc", "DF.train.time", "DF.n.support.vectors", 
"DF.index", "DF.n.solutions", "DF.generations", "DF.n.evaluations", 
"DF.cpu.time", "SMBO.cost", "SMBO.gamma", "SMBO.balanced.test.accuracy"
), row.names = c(NA, -11L), class = "data.frame")
