new.sol <-
structure(list(Sampling = c(50, 55, 60, 65, 70, 75, 80, 85, 90, 
95, 100), PSO.cost = c(15, 14.59171, 1, 10.90249, 13.29391, 9.84394, 
11.9417, 14.22784, 13.30331, 13.40839, 15), PSO.gamma = c(-8.1614, 
-2.03797, 0.16667, -5.82294, -7.42197, -5.44728, -6.95501, -7.94335, 
-7.35238, -7.59229, -8.63453), PSO.data.balancing = c(0, 0, 0, 
0, 0, 0, 0, 0, 0, 0, 0), PSO.feature.selection = c(0, 0, 0, 0, 
0, 0, 0, 0, 0, 0, 0), PSO.valid.acc = c(0.97727, 0.99167, 0.96966, 
0.98584, 0.9774, 0.98181, 0.97738, 0.98933, 0.98487, 0.98095, 
0.98636), PSO.test.acc = c(0.97273, 0.98333, 0.96966, 0.9718, 
0.96459, 0.97244, 0.97182, 0.98663, 0.98237, 0.98333, 0.97949
), PSO.train.time = c(0.0332, 0.0176, 0.0196, 0.0216, 0.0517, 
0.0259, 0.0389, 0.1027, 0.0641, 0.0794, 0.1368), PSO.n.support.vectors = c(23.4, 
82.4, 106.8, 30.4, 37.3, 41.6, 39.3, 39.6, 38.9, 44.4, 45.7), 
    PSO.index = c(284, 7, 1, 165, 236, 323, 824, 312, 309, 677, 
    130), PSO.n.solutions = c(351, 1302, 629, 371, 231, 55, 61, 
    419, 326, 94, 110), PSO.generations = c(100, 100, 100, 100, 
    100, 100, 100, 100, 100, 100, 100), PSO.n.evaluations = c(2500, 
    2500, 2500, 2500, 2500, 2500, 2500, 2500, 2500, 2500, 2500
    ), PSO.cpu.time = c(6987.205, 6582.228, 6995.09, 6790.304, 
    7887.482, 7229.512, 7928.69100000001, 8881.323, 8157.931, 
    8311.42099999999, 9487.09099999999), RS.cost = c(9.89121, 
    4.67129, 13.36862, 11.06734, 14.85935, 11.20639, 13.78529, 
    13.95527, 14.37978, 7.0576, 13.36957), RS.gamma = c(-5.22154, 
    -1.87473, -10.50661, -5.9092, -8.22195, -6.16609, -7.6603, 
    -7.67094, -7.72796, -3.75821, -7.78258), RS.data.balancing = c(0, 
    0, 0, 0, 0, 0, 0, 0, 0, 0, 0), RS.feature.selection = c(0, 
    0, 0, 0, 0, 0, 0, 0, 0, 0, 0), RS.valid.acc = c(0.97727, 
    0.99167, 0.96966, 0.98584, 0.9774, 0.97887, 0.9746, 0.98663, 
    0.98487, 0.97857, 0.98636), RS.test.acc = c(0.96364, 0.98333, 
    0.96966, 0.9718, 0.96459, 0.96941, 0.9746, 0.98393, 0.98487, 
    0.97143, 0.98177), RS.train.time = c(0.0162, 0.017, 0.0395, 
    0.0216, 0.0891, 0.0343, 0.0607, 0.1013, 0.0904, 0.0263, 0.0866
    ), RS.n.support.vectors = c(30.5, 89.1, 63.9, 30.7, 35.8, 
    38.8, 37.5, 38.8, 36.5, 61, 46.6), RS.index = c(2390, 4, 
    3, 370, 1023, 1484, 46, 62, 47, 109, 612), RS.n.solutions = c(2, 
    40, 249, 1, 1, 1, 12, 6, 2, 45, 3), RS.generations = c(100, 
    100, 100, 100, 100, 100, 100, 100, 100, 100, 100), RS.n.evaluations = c(2500, 
    2500, 2500, 2500, 2500, 2500, 2500, 2500, 2500, 2500, 2500
    ), RS.cpu.time = c(6772.387, 6766.221, 6678.801, 7055.93900000001, 
    7059.634, 7069.10799999999, 7198.891, 7349.094, 7495.06299999999, 
    7259.63, 7330.39499999999), DF.cost = c(1, 1, 1, 1, 1, 1, 
    1, 1, 1, 1, 1), DF.gamma = c(0.16667, 0.16667, 0.16667, 0.16667, 
    0.16667, 0.16667, 0.16667, 0.16667, 0.16667, 0.16667, 0.16667
    ), DF.data.balancing = c(0, 0, 0, 0, 0, 0, 0, 0, 0, 0, 0), 
    DF.feature.selection = c(0, 0, 0, 0, 0, 0, 0, 0, 0, 0, 0), 
    DF.valid.acc = c(0.96818, 0.967, 0.96966, 0.97192, 0.95105, 
    0.95407, 0.95998, 0.95989, 0.96205, 0.95703, 0.95893), DF.test.acc = c(0.95909, 
    0.967, 0.96966, 0.97192, 0.94772, 0.9572, 0.95998, 0.95989, 
    0.96205, 0.95703, 0.95893), DF.train.time = c(0.0157, 0.0192, 
    0.0196, 0.0206, 0.0224, 0.0238, 0.0246, 0.0259, 0.0288, 0.0289, 
    0.031), DF.n.support.vectors = c(95.7, 103, 106.8, 109.3, 
    120.5, 123.4, 126.6, 132, 135.4, 144.8, 147.6), DF.index = c(1, 
    1, 1, 1, 1, 1, 1, 1, 1, 1, 1), DF.n.solutions = c(1, 1, 1, 
    1, 1, 1, 1, 1, 1, 1, 1), DF.generations = c(1, 1, 1, 1, 1, 
    1, 1, 1, 1, 1, 1), DF.n.evaluations = c(1, 1, 1, 1, 1, 1, 
    1, 1, 1, 1, 1), DF.cpu.time = c(2.66, 2.845, 2.746, 2.869, 
    2.703, 2.823, 2.698, 2.684, 2.893, 2.583, 2.625), SMBO.cost = c(13.427870111571, 
    13.427870111571, 13.427870111571, 13.427870111571, 13.427870111571, 
    13.427870111571, 13.427870111571, 13.427870111571, 13.427870111571, 
    13.427870111571, 13.427870111571), SMBO.gamma = c(-7.31869081304206, 
    -7.31869081304206, -7.31869081304206, -7.31869081304206, 
    -7.31869081304206, -7.31869081304206, -7.31869081304206, 
    -7.31869081304206, -7.31869081304206, -7.31869081304206, 
    -7.31869081304206), SMBO.balanced.test.accuracy = c(0.98163014197358, 
    0.98163014197358, 0.98163014197358, 0.98163014197358, 0.98163014197358, 
    0.98163014197358, 0.98163014197358, 0.98163014197358, 0.98163014197358, 
    0.98163014197358, 0.98163014197358)), .Names = c("Sampling", 
"PSO.cost", "PSO.gamma", "PSO.data.balancing", "PSO.feature.selection", 
"PSO.valid.acc", "PSO.test.acc", "PSO.train.time", "PSO.n.support.vectors", 
"PSO.index", "PSO.n.solutions", "PSO.generations", "PSO.n.evaluations", 
"PSO.cpu.time", "RS.cost", "RS.gamma", "RS.data.balancing", "RS.feature.selection", 
"RS.valid.acc", "RS.test.acc", "RS.train.time", "RS.n.support.vectors", 
"RS.index", "RS.n.solutions", "RS.generations", "RS.n.evaluations", 
"RS.cpu.time", "DF.cost", "DF.gamma", "DF.data.balancing", "DF.feature.selection", 
"DF.valid.acc", "DF.test.acc", "DF.train.time", "DF.n.support.vectors", 
"DF.index", "DF.n.solutions", "DF.generations", "DF.n.evaluations", 
"DF.cpu.time", "SMBO.cost", "SMBO.gamma", "SMBO.balanced.test.accuracy"
), row.names = c(NA, -11L), class = "data.frame")
