new.sol <-
structure(list(Sampling = c(50, 55, 60, 65, 70, 75, 80, 85, 90, 
95, 100), PSO.cost = c(0.74948, 15, 11.73577, -0.54959, 5.82941, 
4.94968, -0.66733, 6.32246, 14.93987, -1.43256, 10.79141), PSO.gamma = c(3, 
-9.11654, -4.58044, -0.41442, -10.22549, -5.31409, -0.02942, 
-10.05052, -6.78662, 0.2571, -6.4518), PSO.data.balancing = c(0, 
0, 0, 0, 0, 0, 0, 0, 0, 0, 0), PSO.feature.selection = c(0, 0, 
0, 0, 0, 0, 0, 0, 0, 0, 0), PSO.valid.acc = c(0.72381, 0.72184, 
0.71993, 0.72047, 0.7201, 0.74762, 0.73724, 0.73991, 0.74185, 
0.73716, 0.74421), PSO.test.acc = c(0.68857, 0.70267, 0.66765, 
0.69854, 0.71034, 0.71991, 0.71074, 0.73158, 0.73415, 0.73346, 
0.71983), PSO.train.time = c(0.0131, 0.0605, 0.084, 0.0145, 0.0156, 
0.016, 0.0165, 0.0178, 0.3971, 0.0201, 0.0585), PSO.n.support.vectors = c(104.8, 
77.2, 82.2, 101.4, 99.3, 97.9, 117.8, 109.2, 109, 141.1, 126.7
), PSO.index = c(191, 201, 148, 1748, 33, 610, 1479, 34, 1502, 
1750, 815), PSO.n.solutions = c(1027, 991, 45, 56, 114, 272, 
38, 111, 12, 6, 59), PSO.generations = c(100, 100, 100, 100, 
100, 100, 100, 100, 100, 100, 100), PSO.n.evaluations = c(2500, 
2500, 2500, 2500, 2500, 2500, 2500, 2500, 2500, 2500, 2500), 
    PSO.cpu.time = c(8081.467, 9148.814, 8560.797, 8101.68, 8393.73699999999, 
    8633.43000000001, 8355.216, 8128.48300000001, 9583.13699999999, 
    8263.69399999999, 10577.043), RS.cost = c(0.71484, 14.79513, 
    4.33812, -0.4307, -0.5765, 0.10705, -0.65867, 9.31857, 14.88257, 
    -1.43815, 3.08637), RS.gamma = c(2.88642, -9.18354, -1.02367, 
    0.04197, 0.5504, -2.25136, 0.1909, -13.06143, -7.0293, -0.05308, 
    -4.08481), RS.data.balancing = c(0, 0, 0, 0, 0, 0, 0, 0, 
    0, 0, 0), RS.feature.selection = c(0, 0, 0, 0, 0, 0, 0, 0, 
    0, 0, 0), RS.valid.acc = c(0.72381, 0.72184, 0.71961, 0.72047, 
    0.72484, 0.74762, 0.73724, 0.73991, 0.74185, 0.73716, 0.74421
    ), RS.test.acc = c(0.69524, 0.70267, 0.67908, 0.69298, 0.71457, 
    0.71991, 0.71509, 0.73158, 0.72646, 0.73346, 0.7303), RS.train.time = c(0.013, 
    0.0551, 0.0145, 0.0144, 0.0151, 0.0147, 0.0182, 0.0228, 0.3947, 
    0.0201, 0.022), RS.n.support.vectors = c(104.8, 76.9, 87, 
    104.1, 114, 102.2, 118.7, 115.9, 110.1, 138.3, 128.9), RS.index = c(474, 
    28, 316, 480, 1882, 665, 310, 652, 414, 998, 81), RS.n.solutions = c(2, 
    14, 1, 2, 1, 3, 2, 3, 2, 3, 5), RS.generations = c(100, 100, 
    100, 100, 100, 100, 100, 100, 100, 100, 100), RS.n.evaluations = c(2500, 
    2500, 2500, 2500, 2500, 2500, 2500, 2500, 2500, 2500, 2500
    ), RS.cpu.time = c(8420.016, 8605.636, 8784.15300000001, 
    8828.168, 9010.85500000001, 9100.948, 9253.216, 9152.288, 
    9653.095, 10002.257, 10441.84), DF.cost = c(1, 1, 1, 1, 1, 
    1, 1, 1, 1, 1, 1), DF.gamma = c(0.33333, 0.33333, 0.33333, 
    0.33333, 0.33333, 0.33333, 0.33333, 0.33333, 0.33333, 0.33333, 
    0.33333), DF.data.balancing = c(0, 0, 0, 0, 0, 0, 0, 0, 0, 
    0, 0), DF.feature.selection = c(0, 0, 0, 0, 0, 0, 0, 0, 0, 
    0, 0), DF.valid.acc = c(0.68095, 0.69017, 0.66797, 0.70439, 
    0.70981, 0.72944, 0.71945, 0.71925, 0.71077, 0.69254, 0.72685
    ), DF.test.acc = c(0.69429, 0.69017, 0.68529, 0.70409, 0.71481, 
    0.72013, 0.71905, 0.71108, 0.71862, 0.71108, 0.71293), DF.train.time = c(0.0117, 
    0.0129, 0.0144, 0.0146, 0.0148, 0.0163, 0.0157, 0.0173, 0.0175, 
    0.0195, 0.0199), DF.n.support.vectors = c(75.9, 85.4, 90.2, 
    96.1, 100.7, 103.8, 107.5, 113, 118.7, 126.2, 133.3), DF.index = c(1, 
    1, 1, 1, 1, 1, 1, 1, 1, 1, 1), DF.n.solutions = c(1, 1, 1, 
    1, 1, 1, 1, 1, 1, 1, 1), DF.generations = c(1, 1, 1, 1, 1, 
    1, 1, 1, 1, 1, 1), DF.n.evaluations = c(1, 1, 1, 1, 1, 1, 
    1, 1, 1, 1, 1), DF.cpu.time = c(3.217, 3.164, 3.121, 3.291, 
    3.212, 3.319, 3.252, 3.178, 3.317, 3.217, 3.385), SMBO.cost = c(12.2059948062547, 
    12.2059948062547, 12.2059948062547, 12.2059948062547, 12.2059948062547, 
    12.2059948062547, 12.2059948062547, 12.2059948062547, 12.2059948062547, 
    12.2059948062547, 12.2059948062547), SMBO.gamma = c(-3.62437654295209, 
    -3.62437654295209, -3.62437654295209, -3.62437654295209, 
    -3.62437654295209, -3.62437654295209, -3.62437654295209, 
    -3.62437654295209, -3.62437654295209, -3.62437654295209, 
    -3.62437654295209), SMBO.balanced.test.accuracy = c(0.618981478870592, 
    0.618981478870592, 0.618981478870592, 0.618981478870592, 
    0.618981478870592, 0.618981478870592, 0.618981478870592, 
    0.618981478870592, 0.618981478870592, 0.618981478870592, 
    0.618981478870592)), .Names = c("Sampling", "PSO.cost", "PSO.gamma", 
"PSO.data.balancing", "PSO.feature.selection", "PSO.valid.acc", 
"PSO.test.acc", "PSO.train.time", "PSO.n.support.vectors", "PSO.index", 
"PSO.n.solutions", "PSO.generations", "PSO.n.evaluations", "PSO.cpu.time", 
"RS.cost", "RS.gamma", "RS.data.balancing", "RS.feature.selection", 
"RS.valid.acc", "RS.test.acc", "RS.train.time", "RS.n.support.vectors", 
"RS.index", "RS.n.solutions", "RS.generations", "RS.n.evaluations", 
"RS.cpu.time", "DF.cost", "DF.gamma", "DF.data.balancing", "DF.feature.selection", 
"DF.valid.acc", "DF.test.acc", "DF.train.time", "DF.n.support.vectors", 
"DF.index", "DF.n.solutions", "DF.generations", "DF.n.evaluations", 
"DF.cpu.time", "SMBO.cost", "SMBO.gamma", "SMBO.balanced.test.accuracy"
), row.names = c(NA, -11L), class = "data.frame")
