new.sol <-
structure(list(Sampling = c(50, 55, 60, 65, 70, 75, 80, 85, 90, 
95, 100), PSO.cost = c(15, 10.34004, 14.78198, 8.53232, 3.65167, 
0.41858, 11.77603, 9.95439, 15, 14.55989, 15), PSO.gamma = c(-9.07759, 
-8.16877, -8.17792, -4.28765, -4.70188, -2.66579, -6.43741, -5.12461, 
-9.20898, -7.38375, -10.08432), PSO.data.balancing = c(0, 0, 
0, 0, 0, 0, 0, 0, 0, 0, 0), PSO.feature.selection = c(0, 0, 0, 
0, 0, 0, 0, 0, 0, 0, 0), PSO.valid.acc = c(0.72381, 0.70958, 
0.72712, 0.73141, 0.73937, 0.74329, 0.74656, 0.71917, 0.73446, 
0.74472, 0.74397), PSO.test.acc = c(0.68143, 0.69083, 0.66225, 
0.68872, 0.71461, 0.73874, 0.71988, 0.71517, 0.73431, 0.7185, 
0.72315), PSO.train.time = c(0.0632, 0.0175, 0.1172, 0.0265, 
0.0156, 0.016, 0.0581, 0.043, 0.1047, 0.3139, 0.0704), PSO.n.support.vectors = c(70.6, 
79.4, 85.3, 89.5, 97.9, 105, 103.9, 110, 117.9, 121.2, 126.8), 
    PSO.index = c(1016, 441, 1654, 245, 415, 851, 48, 592, 370, 
    1463, 623), PSO.n.solutions = c(85, 30, 2, 128, 421, 61, 
    294, 24, 33, 7, 347), PSO.generations = c(100, 100, 100, 
    100, 100, 100, 100, 100, 100, 100, 100), PSO.n.evaluations = c(2500, 
    2500, 2500, 2500, 2500, 2500, 2500, 2500, 2500, 2500, 2500
    ), PSO.cpu.time = c(8497.275, 8535.236, 9177.707, 8537.074, 
    8239.092, 8074.697, 10638.941, 11001.181, 9381.44399999999, 
    12866.062, 10390.996), RS.cost = c(14.573, 12.24177, 14.01959, 
    9.64032, 2.68319, 0.2697, 5.90074, 13.61284, 14.54604, 14.21904, 
    12.22175), RS.gamma = c(-10.08248, -9.10864, -8.00885, -4.66032, 
    -4.18447, -2.63159, -3.77848, -6.42902, -8.09342, -7.25605, 
    -7.02024), RS.data.balancing = c(0, 0, 0, 0, 0, 0, 0, 0, 
    0, 0, 0), RS.feature.selection = c(0, 0, 0, 0, 0, 0, 0, 0, 
    0, 0, 0), RS.valid.acc = c(0.73, 0.70958, 0.72157, 0.72614, 
    0.73437, 0.73874, 0.74676, 0.719, 0.734, 0.74102, 0.74064
    ), RS.test.acc = c(0.67476, 0.69083, 0.6685, 0.68872, 0.71461, 
    0.73874, 0.72897, 0.711, 0.73431, 0.7185, 0.70936), RS.train.time = c(0.0206, 
    0.0182, 0.0764, 0.0319, 0.0139, 0.0145, 0.0207, 0.1974, 0.1288, 
    0.2268, 0.0739), RS.n.support.vectors = c(71.7, 79.4, 85.2, 
    88.9, 98.8, 105.2, 103.4, 109.6, 118.3, 120.7, 126.6), RS.index = c(172, 
    1940, 655, 1314, 116, 743, 451, 1679, 411, 1502, 1148), RS.n.solutions = c(2, 
    1, 1, 3, 4, 1, 1, 1, 2, 1, 1), RS.generations = c(100, 100, 
    100, 100, 100, 100, 100, 100, 100, 100, 100), RS.n.evaluations = c(2500, 
    2500, 2500, 2500, 2500, 2500, 2500, 2500, 2500, 2500, 2500
    ), RS.cpu.time = c(8139.115, 8319.129, 8995.063, 8849.12200000001, 
    9004.17199999999, 8985.715, 9056.914, 9083.64999999999, 9556.26299999998, 
    9541.55799999999, 10289.822), DF.cost = c(1, 1, 1, 1, 1, 
    1, 1, 1, 1, 1, 1), DF.gamma = c(0.33333, 0.33333, 0.33333, 
    0.33333, 0.33333, 0.33333, 0.33333, 0.33333, 0.33333, 0.33333, 
    0.33333), DF.data.balancing = c(0, 0, 0, 0, 0, 0, 0, 0, 0, 
    0, 0), DF.feature.selection = c(0, 0, 0, 0, 0, 0, 0, 0, 0, 
    0, 0), DF.valid.acc = c(0.70905, 0.665, 0.66295, 0.68813, 
    0.71961, 0.72468, 0.72026, 0.70667, 0.71446, 0.72605, 0.72685
    ), DF.test.acc = c(0.6881, 0.67083, 0.66291, 0.68813, 0.70961, 
    0.72944, 0.72875, 0.7195, 0.71862, 0.72619, 0.71305), DF.train.time = c(0.0126, 
    0.0126, 0.0149, 0.0144, 0.0142, 0.0155, 0.016, 0.0176, 0.0197, 
    0.019, 0.0214), DF.n.support.vectors = c(79.1, 85.4, 93.7, 
    100.1, 103.8, 107.3, 112, 119.4, 125.2, 129.2, 133.4), DF.index = c(1, 
    1, 1, 1, 1, 1, 1, 1, 1, 1, 1), DF.n.solutions = c(1, 1, 1, 
    1, 1, 1, 1, 1, 1, 1, 1), DF.generations = c(1, 1, 1, 1, 1, 
    1, 1, 1, 1, 1, 1), DF.n.evaluations = c(1, 1, 1, 1, 1, 1, 
    1, 1, 1, 1, 1), DF.cpu.time = c(3.199, 3.316, 3.313, 3.158, 
    3.188, 3.209, 3.162, 3.307, 3.354, 3.259, 3.356), SMBO.cost = c(13.9215169226745, 
    13.9215169226745, 13.9215169226745, 13.9215169226745, 13.9215169226745, 
    13.9215169226745, 13.9215169226745, 13.9215169226745, 13.9215169226745, 
    13.9215169226745, 13.9215169226745), SMBO.gamma = c(-5.62205940155313, 
    -5.62205940155313, -5.62205940155313, -5.62205940155313, 
    -5.62205940155313, -5.62205940155313, -5.62205940155313, 
    -5.62205940155313, -5.62205940155313, -5.62205940155313, 
    -5.62205940155313), SMBO.balanced.test.accuracy = c(0.613564798711866, 
    0.613564798711866, 0.613564798711866, 0.613564798711866, 
    0.613564798711866, 0.613564798711866, 0.613564798711866, 
    0.613564798711866, 0.613564798711866, 0.613564798711866, 
    0.613564798711866)), .Names = c("Sampling", "PSO.cost", "PSO.gamma", 
"PSO.data.balancing", "PSO.feature.selection", "PSO.valid.acc", 
"PSO.test.acc", "PSO.train.time", "PSO.n.support.vectors", "PSO.index", 
"PSO.n.solutions", "PSO.generations", "PSO.n.evaluations", "PSO.cpu.time", 
"RS.cost", "RS.gamma", "RS.data.balancing", "RS.feature.selection", 
"RS.valid.acc", "RS.test.acc", "RS.train.time", "RS.n.support.vectors", 
"RS.index", "RS.n.solutions", "RS.generations", "RS.n.evaluations", 
"RS.cpu.time", "DF.cost", "DF.gamma", "DF.data.balancing", "DF.feature.selection", 
"DF.valid.acc", "DF.test.acc", "DF.train.time", "DF.n.support.vectors", 
"DF.index", "DF.n.solutions", "DF.generations", "DF.n.evaluations", 
"DF.cpu.time", "SMBO.cost", "SMBO.gamma", "SMBO.balanced.test.accuracy"
), row.names = c(NA, -11L), class = "data.frame")
