new.sol <-
structure(list(Sampling = c(50, 55, 60, 65, 70, 75, 80, 85, 90, 
95, 100), PSO.cost = c(-0.18861, -0.44079, 6.81515, 13.9832, 
1.95213, 9.16004, 6.50385, 15, 10.12872, 5.859, 3.20721), PSO.gamma = c(0.58707, 
-13.50495, -5.04446, -4.9775, -1.75741, -5.41698, -3.95712, -5.77311, 
-10.05964, -2.59144, -3.3946), PSO.data.balancing = c(0, 0, 0, 
0, 0, 0, 0, 0, 0, 0, 0), PSO.feature.selection = c(0, 0, 0, 0, 
0, 0, 0, 0, 0, 0, 0), PSO.valid.acc = c(0.73048, 0.71576, 0.7451, 
0.74123, 0.72987, 0.73463, 0.73213, 0.73633, 0.71877, 0.72956, 
0.73695), PSO.test.acc = c(0.70905, 0.71576, 0.6866, 0.72018, 
0.72487, 0.72078, 0.73251, 0.71983, 0.69954, 0.71885, 0.73017
), PSO.train.time = c(0.0118, 0.0117, 0.0135, 0.3106, 0.0158, 
0.0227, 0.0199, 0.7025, 0.0192, 0.0278, 0.0208), PSO.n.support.vectors = c(83.3, 
72.1, 80.6, 85.7, 96.5, 97.5, 105, 108.6, 122, 123.3, 127.8), 
    PSO.index = c(1858, 8, 209, 1553, 147, 176, 435, 171, 116, 
    1886, 525), PSO.n.solutions = c(36, 2138, 152, 3, 174, 162, 
    52, 385, 250, 2, 152), PSO.generations = c(100, 100, 100, 
    100, 100, 100, 100, 100, 100, 100, 100), PSO.n.evaluations = c(2500, 
    2500, 2500, 2500, 2500, 2500, 2500, 2500, 2500, 2500, 2500
    ), PSO.cpu.time = c(7942.379, 8145.752, 8257.796, 11445.671, 
    8227.78, 8907.11599999999, 8936.731, 16620.833, 8275.04000000001, 
    14286.551, 9551.62), RS.cost = c(7.55298, 12.63571, 8.72128, 
    6.14973, 1.61696, 8.45516, 13.88128, 13.32171, 14.18617, 
    5.89557, 3.05297), RS.gamma = c(-1.69534, -10.47197, -5.74146, 
    -3.86169, -1.54367, -5.14138, -5.89375, -5.29954, -12.26653, 
    -2.6097, -3.33118), RS.data.balancing = c(0, 0, 0, 0, 0, 
    0, 0, 0, 0, 0, 0), RS.feature.selection = c(0, 0, 0, 0, 0, 
    0, 0, 0, 0, 0, 0), RS.valid.acc = c(0.72381, 0.71691, 0.7451, 
    0.73684, 0.72987, 0.73463, 0.73213, 0.73633, 0.71877, 0.72956, 
    0.73695), RS.test.acc = c(0.68095, 0.67811, 0.68693, 0.70994, 
    0.71987, 0.72078, 0.72739, 0.71983, 0.69954, 0.71885, 0.73362
    ), RS.train.time = c(0.0208, 0.0186, 0.0153, 0.0164, 0.0145, 
    0.0216, 0.2349, 0.2935, 0.0269, 0.0293, 0.0234), RS.n.support.vectors = c(63.5, 
    73.9, 80.6, 87, 98.6, 97.4, 103.1, 109.4, 122.1, 123.5, 127.9
    ), RS.index = c(177, 538, 52, 1095, 2135, 929, 166, 45, 157, 
    393, 117), RS.n.solutions = c(1, 1, 5, 1, 2, 1, 3, 2, 10, 
    1, 4), RS.generations = c(100, 100, 100, 100, 100, 100, 100, 
    100, 100, 100, 100), RS.n.evaluations = c(2500, 2500, 2500, 
    2500, 2500, 2500, 2500, 2500, 2500, 2500, 2500), RS.cpu.time = c(8409.397, 
    8414.744, 8609.63, 8545.558, 8718.265, 8920.113, 8923.996, 
    9536.75, 9373.92299999998, 9971.20000000001, 10719.081), 
    DF.cost = c(1, 1, 1, 1, 1, 1, 1, 1, 1, 1, 1), DF.gamma = c(0.33333, 
    0.33333, 0.33333, 0.33333, 0.33333, 0.33333, 0.33333, 0.33333, 
    0.33333, 0.33333, 0.33333), DF.data.balancing = c(0, 0, 0, 
    0, 0, 0, 0, 0, 0, 0, 0), DF.feature.selection = c(0, 0, 0, 
    0, 0, 0, 0, 0, 0, 0, 0), DF.valid.acc = c(0.68857, 0.69029, 
    0.69804, 0.6883, 0.70487, 0.70628, 0.70563, 0.7115, 0.69185, 
    0.71845, 0.72648), DF.test.acc = c(0.68762, 0.684, 0.67516, 
    0.69327, 0.70511, 0.72078, 0.70581, 0.71567, 0.68738, 0.7113, 
    0.72685), DF.train.time = c(0.0123, 0.0121, 0.0148, 0.0132, 
    0.0147, 0.0159, 0.0148, 0.0163, 0.0165, 0.0195, 0.0208), 
    DF.n.support.vectors = c(71.4, 79.2, 87.6, 95.2, 100.6, 107, 
    113.4, 120.2, 128.3, 130.8, 133.7), DF.index = c(1, 1, 1, 
    1, 1, 1, 1, 1, 1, 1, 1), DF.n.solutions = c(1, 1, 1, 1, 1, 
    1, 1, 1, 1, 1, 1), DF.generations = c(1, 1, 1, 1, 1, 1, 1, 
    1, 1, 1, 1), DF.n.evaluations = c(1, 1, 1, 1, 1, 1, 1, 1, 
    1, 1, 1), DF.cpu.time = c(3.264, 3.108, 3.309, 3.028, 3.208, 
    3.159, 3.127, 3.308, 3.203, 3.141, 3.388), SMBO.cost = c(9.24085498964032, 
    9.24085498964032, 9.24085498964032, 9.24085498964032, 9.24085498964032, 
    9.24085498964032, 9.24085498964032, 9.24085498964032, 9.24085498964032, 
    9.24085498964032, 9.24085498964032), SMBO.gamma = c(-4.67677682271693, 
    -4.67677682271693, -4.67677682271693, -4.67677682271693, 
    -4.67677682271693, -4.67677682271693, -4.67677682271693, 
    -4.67677682271693, -4.67677682271693, -4.67677682271693, 
    -4.67677682271693), SMBO.balanced.test.accuracy = c(0.618809097115549, 
    0.618809097115549, 0.618809097115549, 0.618809097115549, 
    0.618809097115549, 0.618809097115549, 0.618809097115549, 
    0.618809097115549, 0.618809097115549, 0.618809097115549, 
    0.618809097115549)), .Names = c("Sampling", "PSO.cost", "PSO.gamma", 
"PSO.data.balancing", "PSO.feature.selection", "PSO.valid.acc", 
"PSO.test.acc", "PSO.train.time", "PSO.n.support.vectors", "PSO.index", 
"PSO.n.solutions", "PSO.generations", "PSO.n.evaluations", "PSO.cpu.time", 
"RS.cost", "RS.gamma", "RS.data.balancing", "RS.feature.selection", 
"RS.valid.acc", "RS.test.acc", "RS.train.time", "RS.n.support.vectors", 
"RS.index", "RS.n.solutions", "RS.generations", "RS.n.evaluations", 
"RS.cpu.time", "DF.cost", "DF.gamma", "DF.data.balancing", "DF.feature.selection", 
"DF.valid.acc", "DF.test.acc", "DF.train.time", "DF.n.support.vectors", 
"DF.index", "DF.n.solutions", "DF.generations", "DF.n.evaluations", 
"DF.cpu.time", "SMBO.cost", "SMBO.gamma", "SMBO.balanced.test.accuracy"
), row.names = c(NA, -11L), class = "data.frame")
