new.sol <-
structure(list(Sampling = c(50, 55, 60, 65, 70, 75, 80, 85, 90, 
95, 100), PSO.cost = c(-0.10581, 7.95213, -1.41733, 5.27883, 
14.33562, 13.53892, 7.17496, 10.19987, 9.17955, 5.05901, 14.24337
), PSO.gamma = c(-0.48104, -5.22041, -0.02671, -5.84556, -7.01161, 
-12.65513, -9.30665, -6.29002, -4.77935, -5.44428, -7.58685), 
    PSO.data.balancing = c(0, 0, 0, 0, 0, 0, 0, 0, 0, 0, 0), 
    PSO.feature.selection = c(0, 0, 0, 0, 0, 0, 0, 0, 0, 0, 0
    ), PSO.valid.acc = c(0.74114, 0.74696, 0.72749, 0.73655, 
    0.73, 0.73831, 0.75455, 0.74411, 0.76523, 0.75982, 0.74741
    ), PSO.test.acc = c(0.70535, 0.71525, 0.72749, 0.72544, 0.735, 
    0.73355, 0.73696, 0.73558, 0.74954, 0.74471, 0.74052), PSO.train.time = c(0.0107, 
    0.0185, 0.0131, 0.0149, 0.2007, 0.0185, 0.0154, 0.0372, 0.0486, 
    0.0203, 0.1913), PSO.n.support.vectors = c(76.5, 71.9, 92.1, 
    82.8, 92.1, 96.1, 100.6, 107.5, 111.2, 117.6, 126.6), PSO.index = c(2006, 
    83, 253, 784, 851, 144, 220, 101, 1313, 422, 1224), PSO.n.solutions = c(6, 
    175, 111, 51, 15, 460, 198, 225, 55, 335, 4), PSO.generations = c(100, 
    100, 100, 100, 100, 100, 100, 100, 100, 100, 100), PSO.n.evaluations = c(2500, 
    2500, 2500, 2500, 2500, 2500, 2500, 2500, 2500, 2500, 2500
    ), PSO.cpu.time = c(7702.964, 8259.104, 8083.825, 8236.421, 
    10104.529, 8054.66499999999, 7917.774, 8880.735, 9365.70800000001, 
    8178.28700000001, 13791.989), RS.cost = c(0.03724, 7.81812, 
    14.60114, 5.57615, 3.26769, 0.78355, 5.76464, 3.02049, 10.09909, 
    4.44276, 12.10457), RS.gamma = c(-0.95346, -5.15718, -9.44958, 
    -5.99849, -3.66674, -2.886, -8.0857, -2.51284, -5.06503, 
    -5.03141, -6.88966), RS.data.balancing = c(0, 0, 0, 0, 0, 
    0, 0, 0, 0, 0, 0), RS.feature.selection = c(0, 0, 0, 0, 0, 
    0, 0, 0, 0, 0, 0), RS.valid.acc = c(0.73447, 0.74696, 0.73162, 
    0.73655, 0.73, 0.73896, 0.75455, 0.74412, 0.76138, 0.75625, 
    0.74741), RS.test.acc = c(0.70582, 0.71525, 0.71389, 0.72544, 
    0.725, 0.7145, 0.73241, 0.73108, 0.74954, 0.74841, 0.73707
    ), RS.train.time = c(0.0125, 0.0186, 0.0475, 0.0141, 0.0149, 
    0.0147, 0.0158, 0.0179, 0.0666, 0.0184, 0.0946), RS.n.support.vectors = c(74.2, 
    71.8, 76.5, 83.3, 94.1, 100.1, 100.8, 108.5, 111.1, 118.7, 
    127.4), RS.index = c(2177, 615, 343, 2130, 912, 2313, 227, 
    987, 1542, 319, 284), RS.n.solutions = c(1, 2, 2, 2, 1, 1, 
    6, 2, 1, 2, 1), RS.generations = c(100, 100, 100, 100, 100, 
    100, 100, 100, 100, 100, 100), RS.n.evaluations = c(2500, 
    2500, 2500, 2500, 2500, 2500, 2500, 2500, 2500, 2500, 2500
    ), RS.cpu.time = c(8237.75, 8772.106, 8747.377, 8799.575, 
    9191.58499999999, 8855.88100000001, 8932.461, 9355.17999999999, 
    9690.24699999997, 10067.757, 10968.422), DF.cost = c(1, 1, 
    1, 1, 1, 1, 1, 1, 1, 1, 1), DF.gamma = c(0.33333, 0.33333, 
    0.33333, 0.33333, 0.33333, 0.33333, 0.33333, 0.33333, 0.33333, 
    0.33333, 0.33333), DF.data.balancing = c(0, 0, 0, 0, 0, 0, 
    0, 0, 0, 0, 0), DF.feature.selection = c(0, 0, 0, 0, 0, 0, 
    0, 0, 0, 0, 0), DF.valid.acc = c(0.72018, 0.72154, 0.67925, 
    0.72047, 0.71, 0.71515, 0.72747, 0.72343, 0.74969, 0.74155, 
    0.71601), DF.test.acc = c(0.70582, 0.6965, 0.66748, 0.69912, 
    0.72, 0.71926, 0.74071, 0.73975, 0.734, 0.72289, 0.72291), 
    DF.train.time = c(0.0119, 0.0131, 0.0136, 0.014, 0.0139, 
    0.0156, 0.0162, 0.0166, 0.0168, 0.019, 0.0202), DF.n.support.vectors = c(72.5, 
    77.3, 85, 87.4, 98.8, 103.5, 105.7, 113.2, 120, 123.9, 133.4
    ), DF.index = c(1, 1, 1, 1, 1, 1, 1, 1, 1, 1, 1), DF.n.solutions = c(1, 
    1, 1, 1, 1, 1, 1, 1, 1, 1, 1), DF.generations = c(1, 1, 1, 
    1, 1, 1, 1, 1, 1, 1, 1), DF.n.evaluations = c(1, 1, 1, 1, 
    1, 1, 1, 1, 1, 1, 1), DF.cpu.time = c(3.215, 3.172, 3.288, 
    3.314, 2.981, 3.193, 3.042, 3.074, 3.063, 3.305, 3.385), 
    SMBO.cost = c(9.18289225209397, 9.18289225209397, 9.18289225209397, 
    9.18289225209397, 9.18289225209397, 9.18289225209397, 9.18289225209397, 
    9.18289225209397, 9.18289225209397, 9.18289225209397, 9.18289225209397
    ), SMBO.gamma = c(-4.00788387984998, -4.00788387984998, -4.00788387984998, 
    -4.00788387984998, -4.00788387984998, -4.00788387984998, 
    -4.00788387984998, -4.00788387984998, -4.00788387984998, 
    -4.00788387984998, -4.00788387984998), SMBO.balanced.test.accuracy = c(0.631033013484479, 
    0.631033013484479, 0.631033013484479, 0.631033013484479, 
    0.631033013484479, 0.631033013484479, 0.631033013484479, 
    0.631033013484479, 0.631033013484479, 0.631033013484479, 
    0.631033013484479)), .Names = c("Sampling", "PSO.cost", "PSO.gamma", 
"PSO.data.balancing", "PSO.feature.selection", "PSO.valid.acc", 
"PSO.test.acc", "PSO.train.time", "PSO.n.support.vectors", "PSO.index", 
"PSO.n.solutions", "PSO.generations", "PSO.n.evaluations", "PSO.cpu.time", 
"RS.cost", "RS.gamma", "RS.data.balancing", "RS.feature.selection", 
"RS.valid.acc", "RS.test.acc", "RS.train.time", "RS.n.support.vectors", 
"RS.index", "RS.n.solutions", "RS.generations", "RS.n.evaluations", 
"RS.cpu.time", "DF.cost", "DF.gamma", "DF.data.balancing", "DF.feature.selection", 
"DF.valid.acc", "DF.test.acc", "DF.train.time", "DF.n.support.vectors", 
"DF.index", "DF.n.solutions", "DF.generations", "DF.n.evaluations", 
"DF.cpu.time", "SMBO.cost", "SMBO.gamma", "SMBO.balanced.test.accuracy"
), row.names = c(NA, -11L), class = "data.frame")
