new.sol <-
structure(list(Sampling = c(50, 55, 60, 65, 70, 75, 80, 85, 90, 
95, 100), PSO.cost = c(6.53952, 11.39283, 12.19887, 1.9818, 7.31353, 
1.84935, 3.84526, 0.75885, 7.51439, 3.71952, 2.83602), PSO.gamma = c(-3.50438, 
-4.92178, -8.50725, -2.44518, -5.2826, -1.83465, -0.97286, -2.29082, 
-5.21961, -3.48862, -4.41751), PSO.data.balancing = c(0, 0, 0, 
0, 0, 0, 0, 0, 0, 0, 0), PSO.feature.selection = c(0, 0, 0, 0, 
0, 0, 0, 0, 0, 0, 0), PSO.valid.acc = c(0.77762, 0.77292, 0.78529, 
0.76978, 0.77028, 0.771, 0.75, 0.76841, 0.77732, 0.76662, 0.72697
), PSO.test.acc = c(0.76333, 0.75417, 0.77386, 0.76949, 0.75051, 
0.76147, 0.71838, 0.75191, 0.75424, 0.74425, 0.7234), PSO.train.time = c(0.0133, 
0.0835, 0.0257, 0.0125, 0.0173, 0.0142, 0.0172, 0.015, 0.0238, 
0.0173, 0.0184), PSO.n.support.vectors = c(60.2, 62.8, 65.5, 
79.9, 81, 95.8, 103.7, 108.5, 108.3, 115.5, 128.5), PSO.index = c(84, 
138, 62, 427, 32, 22, 1530, 912, 646, 888, 594), PSO.n.solutions = c(93, 
155, 786, 404, 519, 426, 5, 228, 45, 132, 44), PSO.generations = c(100, 
100, 100, 100, 100, 100, 100, 100, 100, 100, 100), PSO.n.evaluations = c(2500, 
2500, 2500, 2500, 2500, 2500, 2500, 2500, 2500, 2500, 2500), 
    PSO.cpu.time = c(5838.293, 7851.386, 6649.293, 6153.973, 
    7818.131, 6387.193, 6234.54100000001, 7051.053, 7910.81299999999, 
    6821.48899999999, 6281.00600000002), RS.cost = c(5.00301, 
    14.67, 11.04889, 2.40996, 14.65396, 3.08677, 9.7826, 0.94113, 
    7.57886, 4.8941, 14.15051), RS.gamma = c(-2.93841, -5.9227, 
    -7.79066, -2.63541, -9.17644, -2.44445, -2.83051, -2.46856, 
    -5.27795, -3.8996, -9.27511), RS.data.balancing = c(0, 0, 
    0, 0, 0, 0, 0, 0, 0, 0, 0), RS.feature.selection = c(0, 0, 
    0, 0, 0, 0, 0, 0, 0, 0, 0), RS.valid.acc = c(0.77762, 0.77292, 
    0.78529, 0.76978, 0.77028, 0.771, 0.7496, 0.76841, 0.77732, 
    0.76662, 0.73042), RS.test.acc = c(0.74905, 0.76042, 0.77974, 
    0.76949, 0.74501, 0.75671, 0.70079, 0.75591, 0.75424, 0.74425, 
    0.71638), RS.train.time = c(0.0123, 0.333, 0.0212, 0.0119, 
    0.0855, 0.0143, 0.0804, 0.0161, 0.0221, 0.0191, 0.0911), 
    RS.n.support.vectors = c(59.6, 62.1, 65.4, 79.7, 79, 92.7, 
    97.8, 107.9, 108.1, 113.7, 126.3), RS.index = c(319, 100, 
    24, 1016, 6, 447, 1294, 397, 514, 975, 398), RS.n.solutions = c(2, 
    10, 52, 2, 38, 15, 1, 1, 2, 3, 1), RS.generations = c(100, 
    100, 100, 100, 100, 100, 100, 100, 100, 100, 100), RS.n.evaluations = c(2500, 
    2500, 2500, 2500, 2500, 2500, 2500, 2500, 2500, 2500, 2500
    ), RS.cpu.time = c(6056.793, 6297.763, 6375.028, 6677.59, 
    6928.264, 6906.442, 7408.181, 7496.758, 8269.90300000001, 
    8099.29399999999, 8861.351), DF.cost = c(1, 1, 1, 1, 1, 1, 
    1, 1, 1, 1, 1), DF.gamma = c(0.33333, 0.33333, 0.33333, 0.33333, 
    0.33333, 0.33333, 0.33333, 0.33333, 0.33333, 0.33333, 0.33333
    ), DF.data.balancing = c(0, 0, 0, 0, 0, 0, 0, 0, 0, 0, 0), 
    DF.feature.selection = c(0, 0, 0, 0, 0, 0, 0, 0, 0, 0, 0), 
    DF.valid.acc = c(0.75, 0.74125, 0.76797, 0.75863, 0.75528, 
    0.76169, 0.73636, 0.76425, 0.76131, 0.75564, 0.70603), DF.test.acc = c(0.74905, 
    0.7475, 0.77974, 0.76949, 0.75051, 0.76645, 0.7502, 0.74375, 
    0.74608, 0.74068, 0.7197), DF.train.time = c(0.0105, 0.01, 
    0.0113, 0.0122, 0.0133, 0.0133, 0.0146, 0.0158, 0.0156, 0.0184, 
    0.0181), DF.n.support.vectors = c(66.3, 68.9, 74.7, 84.3, 
    90.5, 97.3, 104.8, 111.8, 116.9, 122.1, 133.4), DF.index = c(1, 
    1, 1, 1, 1, 1, 1, 1, 1, 1, 1), DF.n.solutions = c(1, 1, 1, 
    1, 1, 1, 1, 1, 1, 1, 1), DF.generations = c(1, 1, 1, 1, 1, 
    1, 1, 1, 1, 1, 1), DF.n.evaluations = c(1, 1, 1, 1, 1, 1, 
    1, 1, 1, 1, 1), DF.cpu.time = c(2.4, 2.244, 2.348, 2.377, 
    2.47, 2.341, 2.381, 2.601, 2.408, 2.575, 2.426), SMBO.cost = c(10.1157075116478, 
    10.1157075116478, 10.1157075116478, 10.1157075116478, 10.1157075116478, 
    10.1157075116478, 10.1157075116478, 10.1157075116478, 10.1157075116478, 
    10.1157075116478, 10.1157075116478), SMBO.gamma = c(-0.697389946060142, 
    -0.697389946060142, -0.697389946060142, -0.697389946060142, 
    -0.697389946060142, -0.697389946060142, -0.697389946060142, 
    -0.697389946060142, -0.697389946060142, -0.697389946060142, 
    -0.697389946060142), SMBO.balanced.test.accuracy = c(0.616158198751588, 
    0.616158198751588, 0.616158198751588, 0.616158198751588, 
    0.616158198751588, 0.616158198751588, 0.616158198751588, 
    0.616158198751588, 0.616158198751588, 0.616158198751588, 
    0.616158198751588)), .Names = c("Sampling", "PSO.cost", "PSO.gamma", 
"PSO.data.balancing", "PSO.feature.selection", "PSO.valid.acc", 
"PSO.test.acc", "PSO.train.time", "PSO.n.support.vectors", "PSO.index", 
"PSO.n.solutions", "PSO.generations", "PSO.n.evaluations", "PSO.cpu.time", 
"RS.cost", "RS.gamma", "RS.data.balancing", "RS.feature.selection", 
"RS.valid.acc", "RS.test.acc", "RS.train.time", "RS.n.support.vectors", 
"RS.index", "RS.n.solutions", "RS.generations", "RS.n.evaluations", 
"RS.cpu.time", "DF.cost", "DF.gamma", "DF.data.balancing", "DF.feature.selection", 
"DF.valid.acc", "DF.test.acc", "DF.train.time", "DF.n.support.vectors", 
"DF.index", "DF.n.solutions", "DF.generations", "DF.n.evaluations", 
"DF.cpu.time", "SMBO.cost", "SMBO.gamma", "SMBO.balanced.test.accuracy"
), row.names = c(NA, -11L), class = "data.frame")
