new.sol <-
structure(list(Sampling = c(50, 55, 60, 65, 70, 75, 80, 85, 90, 
95, 100), PSO.cost = c(4.97887, 4.29659, 15, 15, 15, 9.70483, 
14.91118, 12.86333, 15, 12.07815, 15), PSO.gamma = c(-6.35169, 
-6.72685, -12.43408, -8.33512, -9.26217, -8.44594, -6.89289, 
-7.36115, -9.58739, -5.52705, -6.48489), PSO.data.balancing = c(0, 
0, 0, 0, 0, 0, 0, 0, 0, 0, 0), PSO.feature.selection = c(0, 0, 
0, 0, 0, 0, 0, 0, 0, 0, 0), PSO.valid.acc = c(0.79081, 0.78439, 
0.79694, 0.77998, 0.76625, 0.76578, 0.77194, 0.75633, 0.74246, 
0.74465, 0.74039), PSO.test.acc = c(0.77081, 0.75975, 0.78513, 
0.77936, 0.76078, 0.73396, 0.74565, 0.7353, 0.73877, 0.71898, 
0.7335), PSO.train.time = c(0.0104, 0.0107, 0.0165, 0.0591, 0.0558, 
0.0174, 0.3219, 0.0742, 0.0771, 0.1947, 0.7574), PSO.n.support.vectors = c(59.9, 
65.4, 68.4, 71, 81, 89, 95.2, 100.9, 112.7, 116.1, 123.2), PSO.index = c(82, 
175, 56, 50, 284, 90, 277, 92, 82, 405, 2317), PSO.n.solutions = c(113, 
199, 236, 829, 203, 170, 255, 208, 810, 54, 1), PSO.generations = c(100, 
100, 100, 100, 100, 100, 100, 100, 100, 100, 100), PSO.n.evaluations = c(2500, 
2500, 2500, 2500, 2500, 2500, 2500, 2500, 2500, 2500, 2500), 
    PSO.cpu.time = c(6720.351, 6795.458, 6719.071, 7900.469, 
    7697.422, 7000.738, 10046.671, 8355.253, 7804.057, 14018.412, 
    15235.507), RS.cost = c(5.88022, 4.53426, 2.69619, 12.90049, 
    13.90404, 9.65127, 13.84161, 13.63443, 14.09935, 14.54535, 
    10.71322), RS.gamma = c(-6.776, -6.86521, -4.29117, -7.77686, 
    -9.09228, -8.38598, -6.55056, -7.73705, -9.55018, -6.25913, 
    -6.00691), RS.data.balancing = c(0, 0, 0, 0, 0, 0, 0, 0, 
    0, 0, 0), RS.feature.selection = c(0, 0, 0, 0, 0, 0, 0, 0, 
    0, 0, 0), RS.valid.acc = c(0.79081, 0.78439, 0.79726, 0.77998, 
    0.76625, 0.76578, 0.77194, 0.75633, 0.74246, 0.74108, 0.73682
    ), RS.test.acc = c(0.757, 0.75975, 0.76748, 0.77936, 0.76078, 
    0.73396, 0.75, 0.74799, 0.73862, 0.72268, 0.71958), RS.train.time = c(0.011, 
    0.0113, 0.0113, 0.0302, 0.0338, 0.0172, 0.1546, 0.0938, 0.0537, 
    0.6245, 0.0616), RS.n.support.vectors = c(59.1, 65.6, 68.6, 
    71.4, 80.6, 88.4, 94.5, 101.1, 112.4, 115.1, 125.3), RS.index = c(306, 
    119, 99, 163, 2429, 74, 231, 563, 403, 234, 877), RS.n.solutions = c(6, 
    13, 1, 11, 1, 10, 9, 3, 10, 4, 2), RS.generations = c(100, 
    100, 100, 100, 100, 100, 100, 100, 100, 100, 100), RS.n.evaluations = c(2500, 
    2500, 2500, 2500, 2500, 2500, 2500, 2500, 2500, 2500, 2500
    ), RS.cpu.time = c(6757.711, 7037.264, 7163.149, 7406.079, 
    7511.691, 7652.75599999999, 7851.444, 8153.719, 8289.425, 
    9110.342, 9194.033), DF.cost = c(1, 1, 1, 1, 1, 1, 1, 1, 
    1, 1, 1), DF.gamma = c(0.33333, 0.33333, 0.33333, 0.33333, 
    0.33333, 0.33333, 0.33333, 0.33333, 0.33333, 0.33333, 0.33333
    ), DF.data.balancing = c(0, 0, 0, 0, 0, 0, 0, 0, 0, 0, 0), 
    DF.feature.selection = c(0, 0, 0, 0, 0, 0, 0, 0, 0, 0, 0), 
    DF.valid.acc = c(0.75549, 0.75314, 0.77341, 0.74723, 0.73546, 
    0.73829, 0.73261, 0.7438, 0.72308, 0.71884, 0.71613), DF.test.acc = c(0.757, 
    0.73392, 0.76716, 0.7469, 0.73525, 0.73374, 0.72826, 0.73546, 
    0.73077, 0.71898, 0.7197), DF.train.time = c(0.011, 0.0112, 
    0.0114, 0.0133, 0.0134, 0.0133, 0.0146, 0.0164, 0.0163, 0.018, 
    0.0189), DF.n.support.vectors = c(67.2, 71.8, 76.7, 83.3, 
    91.7, 97.4, 105.3, 110, 120.4, 125.9, 134), DF.index = c(1, 
    1, 1, 1, 1, 1, 1, 1, 1, 1, 1), DF.n.solutions = c(1, 1, 1, 
    1, 1, 1, 1, 1, 1, 1, 1), DF.generations = c(1, 1, 1, 1, 1, 
    1, 1, 1, 1, 1, 1), DF.n.evaluations = c(1, 1, 1, 1, 1, 1, 
    1, 1, 1, 1, 1), DF.cpu.time = c(2.729, 2.666, 2.637, 2.769, 
    2.77, 2.517, 2.61, 2.708, 2.572, 2.674, 2.756), SMBO.cost = c(0.230403305442597, 
    0.230403305442597, 0.230403305442597, 0.230403305442597, 
    0.230403305442597, 0.230403305442597, 0.230403305442597, 
    0.230403305442597, 0.230403305442597, 0.230403305442597, 
    0.230403305442597), SMBO.gamma = c(-2.85009116163546, -2.85009116163546, 
    -2.85009116163546, -2.85009116163546, -2.85009116163546, 
    -2.85009116163546, -2.85009116163546, -2.85009116163546, 
    -2.85009116163546, -2.85009116163546, -2.85009116163546), 
    SMBO.balanced.test.accuracy = c(0.604500517058138, 0.604500517058138, 
    0.604500517058138, 0.604500517058138, 0.604500517058138, 
    0.604500517058138, 0.604500517058138, 0.604500517058138, 
    0.604500517058138, 0.604500517058138, 0.604500517058138)), .Names = c("Sampling", 
"PSO.cost", "PSO.gamma", "PSO.data.balancing", "PSO.feature.selection", 
"PSO.valid.acc", "PSO.test.acc", "PSO.train.time", "PSO.n.support.vectors", 
"PSO.index", "PSO.n.solutions", "PSO.generations", "PSO.n.evaluations", 
"PSO.cpu.time", "RS.cost", "RS.gamma", "RS.data.balancing", "RS.feature.selection", 
"RS.valid.acc", "RS.test.acc", "RS.train.time", "RS.n.support.vectors", 
"RS.index", "RS.n.solutions", "RS.generations", "RS.n.evaluations", 
"RS.cpu.time", "DF.cost", "DF.gamma", "DF.data.balancing", "DF.feature.selection", 
"DF.valid.acc", "DF.test.acc", "DF.train.time", "DF.n.support.vectors", 
"DF.index", "DF.n.solutions", "DF.generations", "DF.n.evaluations", 
"DF.cpu.time", "SMBO.cost", "SMBO.gamma", "SMBO.balanced.test.accuracy"
), row.names = c(NA, -11L), class = "data.frame")
