new.sol <-
structure(list(Sampling = c(50, 55, 60, 65, 70, 75, 80, 85, 90, 
95, 100), PSO.cost = c(4.12367, 2.0794, 3.79627, -1.08846, 4.90081, 
2.60308, 6.91462, 1.83101, 2.08453, 4.33772, 4.04914), PSO.gamma = c(-12.03446, 
-3.76841, -10.85145, -7.15238, -13.56779, -11.40081, -13.84544, 
-8.9567, -10.43721, -5.7433, -13.03494), PSO.data.balancing = c(0, 
0, 0, 0, 0, 0, 0, 0, 0, 0, 0), PSO.feature.selection = c(0, 0, 
0, 0, 0, 0, 0, 0, 0, 0, 0), PSO.valid.acc = c(0.84381, 0.85316, 
0.84542, 0.85842, 0.84857, 0.8415, 0.84796, 0.84877, 0.83447, 
0.84022, 0.83617), PSO.test.acc = c(0.82286, 0.81713, 0.83987, 
0.84316, 0.84857, 0.8415, 0.83927, 0.84477, 0.82707, 0.82973, 
0.83272), PSO.train.time = c(0.0153, 0.0161, 0.0174, 0.0174, 
0.0197, 0.021, 0.0209, 0.0246, 0.0275, 0.0275, 0.0308), PSO.n.support.vectors = c(74.2, 
67.8, 74.1, 94.9, 108.6, 120.2, 93.9, 102.2, 131.8, 97.6, 155.8
), PSO.index = c(390, 99, 9, 123, 135, 106, 8, 70, 79, 1448, 
578), PSO.n.solutions = c(87, 68, 655, 134, 92, 196, 451, 389, 
222, 29, 21), PSO.generations = c(100, 100, 100, 100, 100, 100, 
100, 100, 100, 100, 100), PSO.n.evaluations = c(2500, 2500, 2500, 
2500, 2500, 2500, 2500, 2500, 2500, 2500, 2500), PSO.cpu.time = c(6576.672, 
6754.047, 6864.46, 6937.657, 6902.305, 6880.51999999999, 7110.728, 
7124.148, 7396.72, 7456.40300000001, 7405.30100000001), RS.cost = c(4.64828, 
1.39875, 6.70929, 3.04387, 0.73069, 5.63883, 3.70392, 1.51614, 
1.46063, 4.45764, 6.30583), RS.gamma = c(-12.5857, -3.33236, 
-13.68627, -11.57487, -9.34759, -14.26519, -10.23374, -7.56537, 
-9.71053, -5.81563, -14.8851), RS.data.balancing = c(0, 0, 0, 
0, 0, 0, 0, 0, 0, 0, 0), RS.feature.selection = c(0, 0, 0, 0, 
0, 0, 0, 0, 0, 0, 0), RS.valid.acc = c(0.84381, 0.85316, 0.84542, 
0.85842, 0.84857, 0.8415, 0.84796, 0.84877, 0.83447, 0.84022, 
0.83593), RS.test.acc = c(0.82286, 0.81672, 0.83987, 0.84842, 
0.84857, 0.8415, 0.83492, 0.83677, 0.82322, 0.82973, 0.83272), 
    RS.train.time = c(0.015, 0.0158, 0.0156, 0.018, 0.0188, 0.02, 
    0.0206, 0.0222, 0.0276, 0.0279, 0.0297), RS.n.support.vectors = c(74.2, 
    75.3, 72.8, 95.9, 109.1, 116.9, 90.2, 92.4, 129.8, 97.4, 
    144.8), RS.index = c(19, 1890, 8, 320, 52, 153, 115, 183, 
    728, 1198, 54), RS.n.solutions = c(3, 2, 100, 9, 12, 19, 
    31, 7, 7, 1, 10), RS.generations = c(100, 100, 100, 100, 
    100, 100, 100, 100, 100, 100, 100), RS.n.evaluations = c(2500, 
    2500, 2500, 2500, 2500, 2500, 2500, 2500, 2500, 2500, 2500
    ), RS.cpu.time = c(6707.612, 6973.143, 6828.676, 6780.009, 
    6996.766, 7028.46399999999, 7151.72799999999, 7274.52, 7512.947, 
    7561.44400000002, 7707.76199999999), DF.cost = c(1, 1, 1, 
    1, 1, 1, 1, 1, 1, 1, 1), DF.gamma = c(0.07692, 0.07692, 0.07692, 
    0.07692, 0.07692, 0.07692, 0.07692, 0.07692, 0.07692, 0.07692, 
    0.07692), DF.data.balancing = c(0, 0, 0, 0, 0, 0, 0, 0, 0, 
    0, 0), DF.feature.selection = c(0, 0, 0, 0, 0, 0, 0, 0, 0, 
    0, 0), DF.valid.acc = c(0.79571, 0.83436, 0.81732, 0.82711, 
    0.81952, 0.82767, 0.83456, 0.82092, 0.79359, 0.81494, 0.83213
    ), DF.test.acc = c(0.79571, 0.8226, 0.81699, 0.81132, 0.81952, 
    0.83241, 0.83091, 0.80892, 0.81282, 0.81494, 0.83213), DF.train.time = c(0.0159, 
    0.0164, 0.0167, 0.0172, 0.0186, 0.0199, 0.0262, 0.0256, 0.0273, 
    0.0287, 0.0278), DF.n.support.vectors = c(68.6, 72.2, 81.3, 
    83.3, 91.6, 100.5, 105.5, 109.8, 116.3, 122.6, 126.4), DF.index = c(1, 
    1, 1, 1, 1, 1, 1, 1, 1, 1, 1), DF.n.solutions = c(1, 1, 1, 
    1, 1, 1, 1, 1, 1, 1, 1), DF.generations = c(1, 1, 1, 1, 1, 
    1, 1, 1, 1, 1, 1), DF.n.evaluations = c(1, 1, 1, 1, 1, 1, 
    1, 1, 1, 1, 1), DF.cpu.time = c(2.695, 2.761, 2.588, 2.596, 
    2.611, 2.642, 2.867, 2.895, 2.972, 2.948, 3.007), SMBO.cost = c(7.16108766102361, 
    7.16108766102361, 7.16108766102361, 7.16108766102361, 7.16108766102361, 
    7.16108766102361, 7.16108766102361, 7.16108766102361, 7.16108766102361, 
    7.16108766102361, 7.16108766102361), SMBO.gamma = c(-14.6741880733515, 
    -14.6741880733515, -14.6741880733515, -14.6741880733515, 
    -14.6741880733515, -14.6741880733515, -14.6741880733515, 
    -14.6741880733515, -14.6741880733515, -14.6741880733515, 
    -14.6741880733515), SMBO.balanced.test.accuracy = c(0.824167757190718, 
    0.824167757190718, 0.824167757190718, 0.824167757190718, 
    0.824167757190718, 0.824167757190718, 0.824167757190718, 
    0.824167757190718, 0.824167757190718, 0.824167757190718, 
    0.824167757190718)), .Names = c("Sampling", "PSO.cost", "PSO.gamma", 
"PSO.data.balancing", "PSO.feature.selection", "PSO.valid.acc", 
"PSO.test.acc", "PSO.train.time", "PSO.n.support.vectors", "PSO.index", 
"PSO.n.solutions", "PSO.generations", "PSO.n.evaluations", "PSO.cpu.time", 
"RS.cost", "RS.gamma", "RS.data.balancing", "RS.feature.selection", 
"RS.valid.acc", "RS.test.acc", "RS.train.time", "RS.n.support.vectors", 
"RS.index", "RS.n.solutions", "RS.generations", "RS.n.evaluations", 
"RS.cpu.time", "DF.cost", "DF.gamma", "DF.data.balancing", "DF.feature.selection", 
"DF.valid.acc", "DF.test.acc", "DF.train.time", "DF.n.support.vectors", 
"DF.index", "DF.n.solutions", "DF.generations", "DF.n.evaluations", 
"DF.cpu.time", "SMBO.cost", "SMBO.gamma", "SMBO.balanced.test.accuracy"
), row.names = c(NA, -11L), class = "data.frame")
