new.sol <-
structure(list(Sampling = c(50, 55, 60, 65, 70, 75, 80, 85, 90, 
95, 100), PSO.cost = c(3.86218, 0.89859, 5.39491, 0.00396, 6.51852, 
4.24347, 0.10118, -0.34286, 3.72221, 5.85839, 9.54528), PSO.gamma = c(-5.91583, 
-8.02398, -13.41395, -7.0077, -13.77179, -6.41781, -3.01127, 
-8.41999, -12.54625, -14.86157, -8.84428), PSO.data.balancing = c(0, 
0, 0, 0, 0, 0, 0, 0, 0, 0, 0), PSO.feature.selection = c(0, 0, 
0, 0, 0, 0, 0, 0, 0, 0, 0), PSO.valid.acc = c(0.84744, 0.84522, 
0.84107, 0.83763, 0.84597, 0.85059, 0.84764, 0.8369, 0.8349, 
0.83617, 0.84223), PSO.test.acc = c(0.84119, 0.83897, 0.84107, 
0.82184, 0.83597, 0.82846, 0.81812, 0.82905, 0.8235, 0.83233, 
0.82177), PSO.train.time = c(0.0138, 0.0174, 0.0188, 0.0191, 
0.0201, 0.0202, 0.0249, 0.0261, 0.0279, 0.0284, 0.0364), PSO.n.support.vectors = c(51.2, 
74.6, 89.9, 84.6, 87.7, 76.6, 119, 138.6, 142.5, 152.5, 96), 
    PSO.index = c(38, 820, 34, 26, 185, 702, 1243, 12, 115, 153, 
    459), PSO.n.solutions = c(355, 77, 445, 355, 9, 89, 19, 382, 
    257, 126, 64), PSO.generations = c(100, 100, 100, 100, 100, 
    100, 100, 100, 100, 100, 100), PSO.n.evaluations = c(2500, 
    2500, 2500, 2500, 2500, 2500, 2500, 2500, 2500, 2500, 2500
    ), PSO.cpu.time = c(6296.37, 6495.998, 6521.346, 6649.902, 
    6767.878, 6653.93799999999, 6857.02100000001, 6794.42200000001, 
    6879.93800000001, 7022.80200000001, 7198.234), RS.cost = c(3.35923, 
    -1.74677, 6.06144, 0.41421, 6.87013, 5.26895, 0.10998, 3.61881, 
    3.66747, -0.74578, 4.88749), RS.gamma = c(-5.53688, -3.0772, 
    -13.62727, -7.3574, -14.11458, -7.09169, -3.04242, -12.47291, 
    -12.23239, -2.92017, -6.32281), RS.data.balancing = c(0, 
    0, 0, 0, 0, 0, 0, 0, 0, 0, 0), RS.feature.selection = c(0, 
    0, 0, 0, 0, 0, 0, 0, 0, 0, 0), RS.valid.acc = c(0.84744, 
    0.84522, 0.84107, 0.83763, 0.84597, 0.84625, 0.84764, 0.8369, 
    0.8349, 0.83974, 0.84223), RS.test.acc = c(0.82827, 0.79559, 
    0.83519, 0.82184, 0.83597, 0.82846, 0.81812, 0.82905, 0.83105, 
    0.80402, 0.82177), RS.train.time = c(0.0146, 0.0184, 0.0178, 
    0.018, 0.0206, 0.0206, 0.0245, 0.0259, 0.0273, 0.0287, 0.028
    ), RS.n.support.vectors = c(52.1, 92.9, 83.2, 83.1, 87.3, 
    74.9, 117.9, 138, 137.2, 142.8, 100.9), RS.index = c(901, 
    1766, 307, 18, 965, 170, 1665, 17, 2, 1429, 303), RS.n.solutions = c(3, 
    2, 24, 53, 2, 2, 1, 43, 6, 2, 3), RS.generations = c(100, 
    100, 100, 100, 100, 100, 100, 100, 100, 100, 100), RS.n.evaluations = c(2500, 
    2500, 2500, 2500, 2500, 2500, 2500, 2500, 2500, 2500, 2500
    ), RS.cpu.time = c(6419.747, 6548.897, 6559.758, 6669.11, 
    6678.06199999999, 6913.423, 6949.50999999999, 7010.92200000001, 
    7051.99399999999, 7204.30500000001, 7066.33000000002), DF.cost = c(1, 
    1, 1, 1, 1, 1, 1, 1, 1, 1, 1), DF.gamma = c(0.07692, 0.07692, 
    0.07692, 0.07692, 0.07692, 0.07692, 0.07692, 0.07692, 0.07692, 
    0.07692, 0.07692), DF.data.balancing = c(0, 0, 0, 0, 0, 0, 
    0, 0, 0, 0, 0), DF.feature.selection = c(0, 0, 0, 0, 0, 0, 
    0, 0, 0, 0, 0), DF.valid.acc = c(0.83363, 0.81397, 0.80709, 
    0.81132, 0.81669, 0.81482, 0.82228, 0.82488, 0.81225, 0.81856, 
    0.82833), DF.test.acc = c(0.83494, 0.80184, 0.82372, 0.80605, 
    0.81097, 0.81937, 0.82228, 0.80872, 0.80855, 0.79356, 0.81143
    ), DF.train.time = c(0.0157, 0.0177, 0.0185, 0.0199, 0.0187, 
    0.0221, 0.0234, 0.0245, 0.0257, 0.0272, 0.0284), DF.n.support.vectors = c(66.8, 
    74.2, 80.1, 85.9, 88.7, 98.8, 104.5, 113.4, 117.2, 123.2, 
    127.3), DF.index = c(1, 1, 1, 1, 1, 1, 1, 1, 1, 1, 1), DF.n.solutions = c(1, 
    1, 1, 1, 1, 1, 1, 1, 1, 1, 1), DF.generations = c(1, 1, 1, 
    1, 1, 1, 1, 1, 1, 1, 1), DF.n.evaluations = c(1, 1, 1, 1, 
    1, 1, 1, 1, 1, 1, 1), DF.cpu.time = c(2.663, 2.62, 2.612, 
    2.711, 2.458, 2.698, 2.722, 2.739, 2.74, 2.765, 2.731), SMBO.cost = c(2.29654710972682, 
    2.29654710972682, 2.29654710972682, 2.29654710972682, 2.29654710972682, 
    2.29654710972682, 2.29654710972682, 2.29654710972682, 2.29654710972682, 
    2.29654710972682, 2.29654710972682), SMBO.gamma = c(-4.6545825409703, 
    -4.6545825409703, -4.6545825409703, -4.6545825409703, -4.6545825409703, 
    -4.6545825409703, -4.6545825409703, -4.6545825409703, -4.6545825409703, 
    -4.6545825409703, -4.6545825409703), SMBO.balanced.test.accuracy = c(0.834499042999297, 
    0.834499042999297, 0.834499042999297, 0.834499042999297, 
    0.834499042999297, 0.834499042999297, 0.834499042999297, 
    0.834499042999297, 0.834499042999297, 0.834499042999297, 
    0.834499042999297)), .Names = c("Sampling", "PSO.cost", "PSO.gamma", 
"PSO.data.balancing", "PSO.feature.selection", "PSO.valid.acc", 
"PSO.test.acc", "PSO.train.time", "PSO.n.support.vectors", "PSO.index", 
"PSO.n.solutions", "PSO.generations", "PSO.n.evaluations", "PSO.cpu.time", 
"RS.cost", "RS.gamma", "RS.data.balancing", "RS.feature.selection", 
"RS.valid.acc", "RS.test.acc", "RS.train.time", "RS.n.support.vectors", 
"RS.index", "RS.n.solutions", "RS.generations", "RS.n.evaluations", 
"RS.cpu.time", "DF.cost", "DF.gamma", "DF.data.balancing", "DF.feature.selection", 
"DF.valid.acc", "DF.test.acc", "DF.train.time", "DF.n.support.vectors", 
"DF.index", "DF.n.solutions", "DF.generations", "DF.n.evaluations", 
"DF.cpu.time", "SMBO.cost", "SMBO.gamma", "SMBO.balanced.test.accuracy"
), row.names = c(NA, -11L), class = "data.frame")
