new.sol <-
structure(list(Sampling = c(50, 55, 60, 65, 70, 75, 80, 85, 90, 
95, 100), PSO.cost = c(0.90082, 3.93698, 7.64119, 3.80936, 5.75937, 
3.61116, 3.91471, 0.98285, 5.72982, 3.42301, 5.35288), PSO.gamma = c(-7.82249, 
-10.5785, -11.29731, -6.05382, -9.21264, -5.08051, -4.97486, 
-9.95015, -15, -12.08581, -12.98401), PSO.data.balancing = c(0, 
0, 0, 0, 0, 0, 0, 0, 0, 0, 0), PSO.feature.selection = c(0, 0, 
0, 0, 0, 0, 0, 0, 0, 0, 0), PSO.valid.acc = c(0.83571, 0.81346, 
0.8123, 0.82725, 0.82987, 0.82362, 0.82717, 0.81778, 0.81909, 
0.8327, 0.84052), PSO.test.acc = c(0.81571, 0.80059, 0.77729, 
0.81673, 0.80506, 0.8007, 0.80996, 0.80994, 0.81909, 0.82913, 
0.83029), PSO.train.time = c(0.0193, 0.0186, 0.0187, 0.0192, 
0.0218, 0.0225, 0.0241, 0.0273, 0.0283, 0.031, 0.0281), PSO.n.support.vectors = c(71.1, 
74.1, 63.7, 71.9, 71.7, 88.6, 95.9, 145.7, 154, 144.4, 124.4), 
    PSO.index = c(38, 10, 464, 1551, 193, 2065, 1648, 68, 54, 
    127, 197), PSO.n.solutions = c(530, 332, 121, 1, 159, 21, 
    28, 31, 288, 81, 43), PSO.generations = c(100, 100, 100, 
    100, 100, 100, 100, 100, 100, 100, 100), PSO.n.evaluations = c(2500, 
    2500, 2500, 2500, 2500, 2500, 2500, 2500, 2500, 2500, 2500
    ), PSO.cpu.time = c(8244.955, 8011.821, 8360.105, 8311.4, 
    8668.595, 8670.666, 8680.996, 8737.38400000001, 8757.764, 
    8750.35199999998, 8687.96899999998), RS.cost = c(5.93246, 
    3.41289, 8.08824, 7.9091, 5.7354, 3.67954, 1.41047, 2.90797, 
    1.72232, 0.36654, 4.57258), RS.gamma = c(-13.38227, -9.83641, 
    -11.80273, -7.74382, -9.28095, -5.17735, -3.86081, -11.87086, 
    -10.83704, -8.86947, -11.94579), RS.data.balancing = c(0, 
    0, 0, 0, 0, 0, 0, 0, 0, 0, 0), RS.feature.selection = c(0, 
    0, 0, 0, 0, 0, 0, 0, 0, 0, 0), RS.valid.acc = c(0.83571, 
    0.81346, 0.8123, 0.82173, 0.82987, 0.81908, 0.82681, 0.81778, 
    0.81909, 0.8327, 0.8404), RS.test.acc = c(0.81571, 0.80059, 
    0.78284, 0.80591, 0.8003, 0.80503, 0.80996, 0.80994, 0.81909, 
    0.82913, 0.83707), RS.train.time = c(0.0169, 0.0194, 0.0203, 
    0.024, 0.02, 0.0236, 0.0244, 0.0268, 0.0299, 0.0307, 0.0269
    ), RS.n.support.vectors = c(75.1, 73, 63.6, 69.4, 71.7, 88.4, 
    108.1, 145.3, 151.6, 142.7, 120.6), RS.index = c(34, 190, 
    21, 435, 823, 743, 195, 1286, 70, 836, 94), RS.n.solutions = c(51, 
    30, 6, 12, 5, 3, 2, 2, 17, 9, 17), RS.generations = c(100, 
    100, 100, 100, 100, 100, 100, 100, 100, 100, 100), RS.n.evaluations = c(2500, 
    2500, 2500, 2500, 2500, 2500, 2500, 2500, 2500, 2500, 2500
    ), RS.cpu.time = c(8035.552, 8073.567, 8514.735, 8601.64399999999, 
    8745.947, 8788.007, 8835.211, 8865.86499999999, 8906.37600000002, 
    8956.43300000002, 8959.51599999997), DF.cost = c(1, 1, 1, 
    1, 1, 1, 1, 1, 1, 1, 1), DF.gamma = c(0.07692, 0.07692, 0.07692, 
    0.07692, 0.07692, 0.07692, 0.07692, 0.07692, 0.07692, 0.07692, 
    0.07692), DF.data.balancing = c(0, 0, 0, 0, 0, 0, 0, 0, 0, 
    0, 0), DF.feature.selection = c(0, 0, 0, 0, 0, 0, 0, 0, 0, 
    0, 0), DF.valid.acc = c(0.78095, 0.75091, 0.74359, 0.78985, 
    0.80104, 0.77856, 0.8096, 0.79391, 0.80741, 0.81842, 0.81268
    ), DF.test.acc = c(0.8019, 0.76934, 0.74947, 0.81064, 0.80982, 
    0.78744, 0.81395, 0.79777, 0.80014, 0.81854, 0.81672), DF.train.time = c(0.0177, 
    0.019, 0.0211, 0.0219, 0.0255, 0.0232, 0.025, 0.026, 0.0274, 
    0.0266, 0.033), DF.n.support.vectors = c(74.4, 83.9, 89.5, 
    93.6, 99, 108.7, 112.7, 118.1, 118.9, 123.7, 127), DF.index = c(1, 
    1, 1, 1, 1, 1, 1, 1, 1, 1, 1), DF.n.solutions = c(1, 1, 1, 
    1, 1, 1, 1, 1, 1, 1, 1), DF.generations = c(1, 1, 1, 1, 1, 
    1, 1, 1, 1, 1, 1), DF.n.evaluations = c(1, 1, 1, 1, 1, 1, 
    1, 1, 1, 1, 1), DF.cpu.time = c(3.314, 3.13, 3.422, 3.468, 
    3.446, 3.419, 3.461, 3.452, 3.481, 3.467, 3.502), SMBO.cost = c(1.47343871468212, 
    1.47343871468212, 1.47343871468212, 1.47343871468212, 1.47343871468212, 
    1.47343871468212, 1.47343871468212, 1.47343871468212, 1.47343871468212, 
    1.47343871468212, 1.47343871468212), SMBO.gamma = c(-2.59939197461484, 
    -2.59939197461484, -2.59939197461484, -2.59939197461484, 
    -2.59939197461484, -2.59939197461484, -2.59939197461484, 
    -2.59939197461484, -2.59939197461484, -2.59939197461484, 
    -2.59939197461484), SMBO.balanced.test.accuracy = c(0.841615701665081, 
    0.841615701665081, 0.841615701665081, 0.841615701665081, 
    0.841615701665081, 0.841615701665081, 0.841615701665081, 
    0.841615701665081, 0.841615701665081, 0.841615701665081, 
    0.841615701665081)), .Names = c("Sampling", "PSO.cost", "PSO.gamma", 
"PSO.data.balancing", "PSO.feature.selection", "PSO.valid.acc", 
"PSO.test.acc", "PSO.train.time", "PSO.n.support.vectors", "PSO.index", 
"PSO.n.solutions", "PSO.generations", "PSO.n.evaluations", "PSO.cpu.time", 
"RS.cost", "RS.gamma", "RS.data.balancing", "RS.feature.selection", 
"RS.valid.acc", "RS.test.acc", "RS.train.time", "RS.n.support.vectors", 
"RS.index", "RS.n.solutions", "RS.generations", "RS.n.evaluations", 
"RS.cpu.time", "DF.cost", "DF.gamma", "DF.data.balancing", "DF.feature.selection", 
"DF.valid.acc", "DF.test.acc", "DF.train.time", "DF.n.support.vectors", 
"DF.index", "DF.n.solutions", "DF.generations", "DF.n.evaluations", 
"DF.cpu.time", "SMBO.cost", "SMBO.gamma", "SMBO.balanced.test.accuracy"
), row.names = c(NA, -11L), class = "data.frame")
