new.sol <-
structure(list(Sampling = c(50, 55, 60, 65, 70, 75, 80, 85, 90, 
95, 100), PSO.cost = c(6.66129, 0.01776, 6.75155, 2.24449, 6.89961, 
0.96843, 0.12528, 5.67485, 7.03706, 5.68118, 3.83421), PSO.gamma = c(-12.72013, 
-7.4672, -14.86673, -9.0691, -15, -9.06673, -8.24389, -14.44662, 
-14.12674, -13.1536, -5.58981), PSO.data.balancing = c(0, 0, 
0, 0, 0, 0, 0, 0, 0, 0, 0), PSO.feature.selection = c(0, 0, 0, 
0, 0, 0, 0, 0, 0, 0, 0), PSO.valid.acc = c(0.85619, 0.85752, 
0.85251, 0.85433, 0.84212, 0.83676, 0.83895, 0.824, 0.83753, 
0.84372, 0.84711), PSO.test.acc = c(0.85619, 0.85716, 0.85839, 
0.85433, 0.81805, 0.82767, 0.83859, 0.824, 0.8264, 0.82943, 0.82297
), PSO.train.time = c(0.0183, 0.0184, 0.0185, 0.0201, 0.0225, 
0.0247, 0.0252, 0.0259, 0.0242, 0.0279, 0.0294), PSO.n.support.vectors = c(57.7, 
73.2, 82, 74.9, 96.6, 106.2, 114.5, 130.8, 109, 118, 103.7), 
    PSO.index = c(2, 45, 51, 306, 132, 37, 81, 88, 88, 42, 539
    ), PSO.n.solutions = c(850, 187, 134, 93, 199, 210, 367, 
    160, 264, 199, 68), PSO.generations = c(100, 100, 100, 100, 
    100, 100, 100, 100, 100, 100, 100), PSO.n.evaluations = c(2500, 
    2500, 2500, 2500, 2500, 2500, 2500, 2500, 2500, 2500, 2500
    ), PSO.cpu.time = c(8151.085, 8017.07, 8031.549, 8532.673, 
    8573.02500000001, 8599.141, 8664.22, 8709.685, 8672.891, 
    8729.495, 8744.33800000002), RS.cost = c(7.95863, 0.09118, 
    2.5545, 2.79176, 6.09507, -1.28236, 0.04303, 2.55098, 3.36051, 
    2.99092, 4.03224), RS.gamma = c(-14.07953, -7.66959, -10.91405, 
    -9.60512, -14.25834, -6.65766, -8.10138, -11.31287, -10.08591, 
    -10.48076, -5.58245), RS.data.balancing = c(0, 0, 0, 0, 0, 
    0, 0, 0, 0, 0, 0), RS.feature.selection = c(0, 0, 0, 0, 0, 
    0, 0, 0, 0, 0, 0), RS.valid.acc = c(0.85619, 0.85752, 0.85251, 
    0.85433, 0.84212, 0.83696, 0.83895, 0.824, 0.83382, 0.84372, 
    0.847), RS.test.acc = c(0.85619, 0.85127, 0.85839, 0.85433, 
    0.82305, 0.83241, 0.83442, 0.824, 0.81885, 0.82586, 0.82297
    ), RS.train.time = c(0.0162, 0.0163, 0.0184, 0.02, 0.021, 
    0.0234, 0.024, 0.0261, 0.0245, 0.0275, 0.03), RS.n.support.vectors = c(57.9, 
    74.4, 84.9, 74.6, 97.9, 108.5, 113.6, 130.8, 105.5, 118.3, 
    103.5), RS.index = c(51, 264, 60, 974, 89, 445, 74, 9, 247, 
    159, 974), RS.n.solutions = c(67, 1, 23, 4, 17, 2, 35, 9, 
    9, 8, 1), RS.generations = c(100, 100, 100, 100, 100, 100, 
    100, 100, 100, 100, 100), RS.n.evaluations = c(2500, 2500, 
    2500, 2500, 2500, 2500, 2500, 2500, 2500, 2500, 2500), RS.cpu.time = c(8103.992, 
    7926.516, 8490.778, 8542.89, 8666.99000000001, 8762.06999999999, 
    8793.96799999999, 8867.546, 8915.679, 8937.31900000002, 8951.79599999997
    ), DF.cost = c(1, 1, 1, 1, 1, 1, 1, 1, 1, 1, 1), DF.gamma = c(0.07692, 
    0.07692, 0.07692, 0.07692, 0.07692, 0.07692, 0.07692, 0.07692, 
    0.07692, 0.07692, 0.07692), DF.data.balancing = c(0, 0, 0, 
    0, 0, 0, 0, 0, 0, 0, 0), DF.feature.selection = c(0, 0, 0, 
    0, 0, 0, 0, 0, 0, 0, 0), DF.valid.acc = c(0.82905, 0.83174, 
    0.80676, 0.82766, 0.77329, 0.7919, 0.81341, 0.79197, 0.81169, 
    0.82254, 0.81987), DF.test.acc = c(0.82143, 0.84392, 0.80673, 
    0.81825, 0.80784, 0.80059, 0.80489, 0.78013, 0.80786, 0.80813, 
    0.8332), DF.train.time = c(0.0176, 0.0181, 0.0207, 0.0211, 
    0.0218, 0.0216, 0.0229, 0.0267, 0.0266, 0.028, 0.0293), DF.n.support.vectors = c(72, 
    74.5, 77.8, 83.4, 93.3, 98.3, 104.7, 111.4, 118.2, 120.7, 
    126.5), DF.index = c(1, 1, 1, 1, 1, 1, 1, 1, 1, 1, 1), DF.n.solutions = c(1, 
    1, 1, 1, 1, 1, 1, 1, 1, 1, 1), DF.generations = c(1, 1, 1, 
    1, 1, 1, 1, 1, 1, 1, 1), DF.n.evaluations = c(1, 1, 1, 1, 
    1, 1, 1, 1, 1, 1, 1), DF.cpu.time = c(3.021, 3.304, 3.406, 
    3.419, 3.416, 3.434, 3.447, 3.465, 3.453, 3.475, 3.502), 
    SMBO.cost = c(-1.21930415044539, -1.21930415044539, -1.21930415044539, 
    -1.21930415044539, -1.21930415044539, -1.21930415044539, 
    -1.21930415044539, -1.21930415044539, -1.21930415044539, 
    -1.21930415044539, -1.21930415044539), SMBO.gamma = c(-7.20823617136571, 
    -7.20823617136571, -7.20823617136571, -7.20823617136571, 
    -7.20823617136571, -7.20823617136571, -7.20823617136571, 
    -7.20823617136571, -7.20823617136571, -7.20823617136571, 
    -7.20823617136571), SMBO.balanced.test.accuracy = c(0.821952814599873, 
    0.821952814599873, 0.821952814599873, 0.821952814599873, 
    0.821952814599873, 0.821952814599873, 0.821952814599873, 
    0.821952814599873, 0.821952814599873, 0.821952814599873, 
    0.821952814599873)), .Names = c("Sampling", "PSO.cost", "PSO.gamma", 
"PSO.data.balancing", "PSO.feature.selection", "PSO.valid.acc", 
"PSO.test.acc", "PSO.train.time", "PSO.n.support.vectors", "PSO.index", 
"PSO.n.solutions", "PSO.generations", "PSO.n.evaluations", "PSO.cpu.time", 
"RS.cost", "RS.gamma", "RS.data.balancing", "RS.feature.selection", 
"RS.valid.acc", "RS.test.acc", "RS.train.time", "RS.n.support.vectors", 
"RS.index", "RS.n.solutions", "RS.generations", "RS.n.evaluations", 
"RS.cpu.time", "DF.cost", "DF.gamma", "DF.data.balancing", "DF.feature.selection", 
"DF.valid.acc", "DF.test.acc", "DF.train.time", "DF.n.support.vectors", 
"DF.index", "DF.n.solutions", "DF.generations", "DF.n.evaluations", 
"DF.cpu.time", "SMBO.cost", "SMBO.gamma", "SMBO.balanced.test.accuracy"
), row.names = c(NA, -11L), class = "data.frame")
