new.sol <-
structure(list(Sampling = c(50, 55, 60, 65, 70, 75, 80, 85, 90, 
95, 100), PSO.cost = c(7.3435, 0.09839, 7.79253, 7.74508, 0.15088, 
2.19993, 5.40871, 1.4996, -0.061, 6.042, 5.05143), PSO.gamma = c(-15, 
-8.32543, -15, -15, -8.6228, -3.52234, -13.61116, -9.23189, -9.00393, 
-14.99048, -14.41594), PSO.data.balancing = c(0, 0, 0, 0, 0, 
0, 0, 0, 0, 0, 0), PSO.feature.selection = c(0, 0, 0, 0, 0, 0, 
0, 0, 0, 0, 0), PSO.valid.acc = c(0.82857, 0.82108, 0.82996, 
0.81617, 0.83476, 0.84642, 0.83889, 0.83299, 0.82764, 0.83983, 
0.83276), PSO.test.acc = c(0.8219, 0.82108, 0.81885, 0.81617, 
0.825, 0.81414, 0.83054, 0.83299, 0.82023, 0.83638, 0.82931), 
    PSO.train.time = c(0.0175, 0.0188, 0.0187, 0.0193, 0.0211, 
    0.0218, 0.0245, 0.0236, 0.0283, 0.0307, 0.0317), PSO.n.support.vectors = c(79.5, 
    96.1, 84.2, 89.7, 117.2, 98.1, 120.7, 116.3, 151.6, 152.2, 
    164.2), PSO.index = c(57, 83, 61, 148, 81, 2457, 153, 57, 
    1407, 326, 19), PSO.n.solutions = c(236, 356, 112, 142, 74, 
    1, 105, 154, 13, 68, 231), PSO.generations = c(100, 100, 
    100, 100, 100, 100, 100, 100, 100, 100, 100), PSO.n.evaluations = c(2500, 
    2500, 2500, 2500, 2500, 2500, 2500, 2500, 2500, 2500, 2500
    ), PSO.cpu.time = c(6833.869, 7130.982, 7094.862, 7204.162, 
    6540.459, 6444.296, 6828.37699999999, 6563.685, 6926.838, 
    6983.558, 6882.77399999998), RS.cost = c(6.33628, 2.50497, 
    6.98977, -0.36577, 1.73924, 2.85741, 2.65013, 4.42569, 4.188, 
    1.02905, 5.23337), RS.gamma = c(-13.7209, -10.62025, -14.18747, 
    -7.87802, -10.27646, -3.35435, -10.85955, -12.31092, -13.34036, 
    -9.00342, -14.59244), RS.data.balancing = c(0, 0, 0, 0, 0, 
    0, 0, 0, 0, 0, 0), RS.feature.selection = c(0, 0, 0, 0, 0, 
    0, 0, 0, 0, 0, 0), RS.valid.acc = c(0.82857, 0.82108, 0.82996, 
    0.82117, 0.83476, 0.85077, 0.83889, 0.83299, 0.82393, 0.83663, 
    0.83276), RS.test.acc = c(0.81524, 0.8152, 0.81885, 0.81091, 
    0.825, 0.79989, 0.83054, 0.83299, 0.82023, 0.83306, 0.82931
    ), RS.train.time = c(0.0175, 0.0191, 0.0193, 0.0214, 0.0221, 
    0.0228, 0.023, 0.0238, 0.0299, 0.0262, 0.031), RS.n.support.vectors = c(75.9, 
    92.1, 84.3, 109.5, 116.7, 102.6, 121.2, 118.6, 152.1, 130.3, 
    164.2), RS.index = c(107, 101, 93, 610, 598, 196, 184, 215, 
    173, 40, 109), RS.n.solutions = c(32, 36, 4, 4, 5, 1, 14, 
    17, 11, 11, 7), RS.generations = c(100, 100, 100, 100, 100, 
    100, 100, 100, 100, 100, 100), RS.n.evaluations = c(2500, 
    2500, 2500, 2500, 2500, 2500, 2500, 2500, 2500, 2500, 2500
    ), RS.cpu.time = c(6766.941, 7164.736, 7070.189, 6457.348, 
    6637.59900000001, 6702.82799999999, 6616.81299999999, 6959.02799999999, 
    6947.86599999999, 7322.04199999999, 7630.70799999998), DF.cost = c(1, 
    1, 1, 1, 1, 1, 1, 1, 1, 1, 1), DF.gamma = c(0.07692, 0.07692, 
    0.07692, 0.07692, 0.07692, 0.07692, 0.07692, 0.07692, 0.07692, 
    0.07692, 0.07692), DF.data.balancing = c(0, 0, 0, 0, 0, 0, 
    0, 0, 0, 0, 0), DF.feature.selection = c(0, 0, 0, 0, 0, 0, 
    0, 0, 0, 0, 0), DF.valid.acc = c(0.78762, 0.76431, 0.79536, 
    0.80561, 0.81595, 0.82389, 0.80411, 0.80927, 0.79729, 0.80511, 
    0.81172), DF.test.acc = c(0.78048, 0.77015, 0.78424, 0.7945, 
    0.79143, 0.81892, 0.81351, 0.81313, 0.79302, 0.81213, 0.82218
    ), DF.train.time = c(0.0179, 0.0185, 0.0202, 0.0195, 0.0201, 
    0.0236, 0.0226, 0.0246, 0.0282, 0.0272, 0.0306), DF.n.support.vectors = c(78.9, 
    84.1, 89.8, 97.3, 99.6, 102.1, 109.8, 115.2, 121.2, 123.7, 
    126.4), DF.index = c(1, 1, 1, 1, 1, 1, 1, 1, 1, 1, 1), DF.n.solutions = c(1, 
    1, 1, 1, 1, 1, 1, 1, 1, 1, 1), DF.generations = c(1, 1, 1, 
    1, 1, 1, 1, 1, 1, 1, 1), DF.n.evaluations = c(1, 1, 1, 1, 
    1, 1, 1, 1, 1, 1, 1), DF.cpu.time = c(2.776, 2.731, 2.926, 
    2.471, 2.504, 2.716, 2.583, 2.622, 2.825, 2.772, 3.109), 
    SMBO.cost = c(3.22296992444579, 3.22296992444579, 3.22296992444579, 
    3.22296992444579, 3.22296992444579, 3.22296992444579, 3.22296992444579, 
    3.22296992444579, 3.22296992444579, 3.22296992444579, 3.22296992444579
    ), SMBO.gamma = c(-5.39515833358568, -5.39515833358568, -5.39515833358568, 
    -5.39515833358568, -5.39515833358568, -5.39515833358568, 
    -5.39515833358568, -5.39515833358568, -5.39515833358568, 
    -5.39515833358568, -5.39515833358568), SMBO.balanced.test.accuracy = c(0.837143295603429, 
    0.837143295603429, 0.837143295603429, 0.837143295603429, 
    0.837143295603429, 0.837143295603429, 0.837143295603429, 
    0.837143295603429, 0.837143295603429, 0.837143295603429, 
    0.837143295603429)), .Names = c("Sampling", "PSO.cost", "PSO.gamma", 
"PSO.data.balancing", "PSO.feature.selection", "PSO.valid.acc", 
"PSO.test.acc", "PSO.train.time", "PSO.n.support.vectors", "PSO.index", 
"PSO.n.solutions", "PSO.generations", "PSO.n.evaluations", "PSO.cpu.time", 
"RS.cost", "RS.gamma", "RS.data.balancing", "RS.feature.selection", 
"RS.valid.acc", "RS.test.acc", "RS.train.time", "RS.n.support.vectors", 
"RS.index", "RS.n.solutions", "RS.generations", "RS.n.evaluations", 
"RS.cpu.time", "DF.cost", "DF.gamma", "DF.data.balancing", "DF.feature.selection", 
"DF.valid.acc", "DF.test.acc", "DF.train.time", "DF.n.support.vectors", 
"DF.index", "DF.n.solutions", "DF.generations", "DF.n.evaluations", 
"DF.cpu.time", "SMBO.cost", "SMBO.gamma", "SMBO.balanced.test.accuracy"
), row.names = c(NA, -11L), class = "data.frame")
