new.sol <-
structure(list(Sampling = c(50, 55, 60, 65, 70, 75, 80, 85, 90, 
95, 100), PSO.cost = c(10.22884, -0.01621, 5.20564, 6.90442, 
1.37089, -1.86875, 5.84679, 2.62032, 1.15382, 3.17487, 14.00999
), PSO.gamma = c(-15, -7.08723, -13.71844, -11.30361, -3.53224, 
-4.30887, -14.28306, -11.02267, -8.51731, -11.93719, -15), PSO.data.balancing = c(0, 
0, 0, 0, 0, 0, 0, 0, 0, 0, 0), PSO.feature.selection = c(0, 0, 
0, 0, 0, 0, 0, 0, 0, 0, 0), PSO.valid.acc = c(0.82762, 0.81311, 
0.81863, 0.82354, 0.83104, 0.82295, 0.83043, 0.83201, 0.82664, 
0.83633, 0.837), PSO.test.acc = c(0.79333, 0.81311, 0.81307, 
0.80164, 0.81604, 0.82752, 0.82609, 0.82785, 0.81538, 0.83288, 
0.81964), PSO.train.time = c(0.0159, 0.0175, 0.0187, 0.0189, 
0.0221, 0.0214, 0.0251, 0.0244, 0.0242, 0.0295, 0.0318), PSO.n.support.vectors = c(59, 
83.3, 105.8, 70.8, 100, 114.4, 125.9, 127.9, 115.8, 144.6, 89.7
), PSO.index = c(319, 56, 164, 220, 578, 372, 15, 58, 22, 398, 
76), PSO.n.solutions = c(92, 558, 304, 80, 172, 80, 239, 162, 
137, 40, 283), PSO.generations = c(100, 100, 100, 100, 100, 100, 
100, 100, 100, 100, 100), PSO.n.evaluations = c(2500, 2500, 2500, 
2500, 2500, 2500, 2500, 2500, 2500, 2500, 2500), PSO.cpu.time = c(6372.72, 
6482.477, 6671.985, 6728.061, 6951.573, 6892.25999999999, 7091.781, 
6950.349, 6995.909, 7140.46799999999, 7146.08600000001), RS.cost = c(1.53262, 
-0.99517, 4.72229, 6.44057, 1.67901, -1.1738, 2.05375, 3.97861, 
3.45431, 1.86768, 0.30763), RS.gamma = c(-6.67785, -7.01343, 
-13.25306, -10.83242, -3.44504, -5.39486, -10.77214, -12.31491, 
-12.2759, -10.67654, -8.66393), RS.data.balancing = c(0, 0, 0, 
0, 0, 0, 0, 0, 0, 0, 0), RS.feature.selection = c(0, 0, 0, 0, 
0, 0, 0, 0, 0, 0, 0), RS.valid.acc = c(0.8281, 0.81311, 0.81863, 
0.82354, 0.82604, 0.82276, 0.83043, 0.83201, 0.82664, 0.83633, 
0.837), RS.test.acc = c(0.79333, 0.81311, 0.81307, 0.80164, 0.80673, 
0.82297, 0.81757, 0.82785, 0.82279, 0.83288, 0.82998), RS.train.time = c(0.0162, 
0.0186, 0.0199, 0.018, 0.0212, 0.0224, 0.0259, 0.0242, 0.0276, 
0.0277, 0.029), RS.n.support.vectors = c(63.5, 95.8, 106.1, 70.6, 
100.3, 105, 132.3, 125.9, 142.1, 146.4, 142.4), RS.index = c(500, 
15, 72, 65, 147, 2401, 33, 338, 373, 1281, 129), RS.n.solutions = c(3, 
96, 10, 1, 3, 1, 30, 5, 17, 3, 11), RS.generations = c(100, 100, 
100, 100, 100, 100, 100, 100, 100, 100, 100), RS.n.evaluations = c(2500, 
2500, 2500, 2500, 2500, 2500, 2500, 2500, 2500, 2500, 2500), 
    RS.cpu.time = c(6360.607, 6675.7, 6727.087, 6867.767, 7099.37499999999, 
    6869.93700000001, 7199.067, 7108.92200000001, 7119.969, 7240.91200000001, 
    7240.97099999999), DF.cost = c(1, 1, 1, 1, 1, 1, 1, 1, 1, 
    1, 1), DF.gamma = c(0.07692, 0.07692, 0.07692, 0.07692, 0.07692, 
    0.07692, 0.07692, 0.07692, 0.07692, 0.07692, 0.07692), DF.data.balancing = c(0, 
    0, 0, 0, 0, 0, 0, 0, 0, 0, 0), DF.feature.selection = c(0, 
    0, 0, 0, 0, 0, 0, 0, 0, 0, 0), DF.valid.acc = c(0.79381, 
    0.78723, 0.80196, 0.78637, 0.81175, 0.8091, 0.80489, 0.804, 
    0.79274, 0.81158, 0.81618), DF.test.acc = c(0.77952, 0.78686, 
    0.80196, 0.80161, 0.80173, 0.79566, 0.80924, 0.808, 0.79245, 
    0.82919, 0.81262), DF.train.time = c(0.0163, 0.0181, 0.0192, 
    0.0217, 0.0212, 0.0226, 0.0234, 0.0234, 0.0269, 0.0279, 0.0275
    ), DF.n.support.vectors = c(78.1, 82.1, 90.9, 93.7, 99.1, 
    102.6, 110.1, 112.9, 118.7, 124.1, 125.7), DF.index = c(1, 
    1, 1, 1, 1, 1, 1, 1, 1, 1, 1), DF.n.solutions = c(1, 1, 1, 
    1, 1, 1, 1, 1, 1, 1, 1), DF.generations = c(1, 1, 1, 1, 1, 
    1, 1, 1, 1, 1, 1), DF.n.evaluations = c(1, 1, 1, 1, 1, 1, 
    1, 1, 1, 1, 1), DF.cpu.time = c(2.44, 2.613, 2.744, 2.797, 
    2.77, 2.756, 2.806, 2.859, 2.801, 2.826, 2.645), SMBO.cost = c(1.32027365891961, 
    1.32027365891961, 1.32027365891961, 1.32027365891961, 1.32027365891961, 
    1.32027365891961, 1.32027365891961, 1.32027365891961, 1.32027365891961, 
    1.32027365891961, 1.32027365891961), SMBO.gamma = c(-5.78754170653818, 
    -5.78754170653818, -5.78754170653818, -5.78754170653818, 
    -5.78754170653818, -5.78754170653818, -5.78754170653818, 
    -5.78754170653818, -5.78754170653818, -5.78754170653818, 
    -5.78754170653818), SMBO.balanced.test.accuracy = c(0.820633814705154, 
    0.820633814705154, 0.820633814705154, 0.820633814705154, 
    0.820633814705154, 0.820633814705154, 0.820633814705154, 
    0.820633814705154, 0.820633814705154, 0.820633814705154, 
    0.820633814705154)), .Names = c("Sampling", "PSO.cost", "PSO.gamma", 
"PSO.data.balancing", "PSO.feature.selection", "PSO.valid.acc", 
"PSO.test.acc", "PSO.train.time", "PSO.n.support.vectors", "PSO.index", 
"PSO.n.solutions", "PSO.generations", "PSO.n.evaluations", "PSO.cpu.time", 
"RS.cost", "RS.gamma", "RS.data.balancing", "RS.feature.selection", 
"RS.valid.acc", "RS.test.acc", "RS.train.time", "RS.n.support.vectors", 
"RS.index", "RS.n.solutions", "RS.generations", "RS.n.evaluations", 
"RS.cpu.time", "DF.cost", "DF.gamma", "DF.data.balancing", "DF.feature.selection", 
"DF.valid.acc", "DF.test.acc", "DF.train.time", "DF.n.support.vectors", 
"DF.index", "DF.n.solutions", "DF.generations", "DF.n.evaluations", 
"DF.cpu.time", "SMBO.cost", "SMBO.gamma", "SMBO.balanced.test.accuracy"
), row.names = c(NA, -11L), class = "data.frame")
