new.sol <-
structure(list(Sampling = c(50, 55, 60, 65, 70, 75, 80, 85, 90, 
95, 100), PSO.cost = c(8.94794, 7.29972, 10.60627, 1.83408, 2.50697, 
3.48755, 1.97928, 2.52714, 1.79637, 9.07244, 4.00549), PSO.gamma = c(-7.31497, 
-8.60389, -7.10115, -5.90081, -5.61862, -6.07207, -5.48814, -5.78515, 
-5.32736, -6.55726, -6.52894), PSO.data.balancing = c(0, 0, 0, 
0, 0, 0, 0, 0, 0, 0, 0), PSO.feature.selection = c(0, 0, 0, 0, 
0, 0, 0, 0, 0, 0, 0), PSO.valid.acc = c(0.73711, 0.76827, 0.78104, 
0.8061, 0.82544, 0.81616, 0.84326, 0.84729, 0.85061, 0.85467, 
0.85539), PSO.test.acc = c(0.72822, 0.72308, 0.76286, 0.77859, 
0.81024, 0.78861, 0.85561, 0.84345, 0.85716, 0.81593, 0.85679
), PSO.train.time = c(0.0845, 0.0939, 0.1019, 0.1173, 0.122, 
0.127, 0.1477, 0.1539, 0.1604, 0.1632, 0.1758), PSO.n.support.vectors = c(118.5, 
122.4, 137.3, 157.8, 167.5, 175.7, 192, 198.2, 210.6, 208.7, 
219.9), PSO.index = c(22, 259, 160, 185, 1610, 1000, 828, 1415, 
363, 38, 522), PSO.n.solutions = c(1331, 552, 995, 168, 38, 27, 
204, 40, 358, 1153, 120), PSO.generations = c(100, 100, 100, 
100, 100, 100, 100, 100, 100, 100, 100), PSO.n.evaluations = c(2500, 
2500, 2500, 2500, 2500, 2500, 2500, 2500, 2500, 2500, 2500), 
    PSO.cpu.time = c(9051.155, 9396.32, 9558.272, 9772.89, 9758.962, 
    10124.758, 10551.25, 10414.497, 10638.285, 13374.215, 13717.735
    ), RS.cost = c(9.35741, 7.78817, 7.20617, 1.64414, 4.3301, 
    1.28649, 0.99842, 2.86206, 1.44335, 5.95191, 14.3638), RS.gamma = c(-7.70382, 
    -8.82355, -9.45881, -5.96188, -5.62467, -5.00997, -4.83767, 
    -6.09087, -5.03177, -6.61174, -7.24432), RS.data.balancing = c(0, 
    0, 0, 0, 0, 0, 0, 0, 0, 0, 0), RS.feature.selection = c(0, 
    0, 0, 0, 0, 0, 0, 0, 0, 0, 0), RS.valid.acc = c(0.73711, 
    0.76827, 0.78585, 0.8059, 0.82468, 0.81643, 0.83942, 0.84051, 
    0.84725, 0.85467, 0.85475), RS.test.acc = c(0.73377, 0.7242, 
    0.75139, 0.78202, 0.81989, 0.812, 0.85216, 0.83322, 0.85058, 
    0.81593, 0.84135), RS.train.time = c(0.0878, 0.0915, 0.098, 
    0.1117, 0.1149, 0.1386, 0.1508, 0.1453, 0.1646, 0.1635, 0.1633
    ), RS.n.support.vectors = c(116.4, 121.9, 131, 158, 167.7, 
    184.4, 195.9, 194.7, 214.4, 207.7, 210.4), RS.index = c(26, 
    150, 419, 547, 252, 827, 1259, 902, 2103, 623, 852), RS.n.solutions = c(48, 
    2, 1, 2, 2, 1, 3, 1, 1, 1, 3), RS.generations = c(100, 100, 
    100, 100, 100, 100, 100, 100, 100, 100, 100), RS.n.evaluations = c(2500, 
    2500, 2500, 2500, 2500, 2500, 2500, 2500, 2500, 2500, 2500
    ), RS.cpu.time = c(9373.019, 9510.96, 9728.99000000001, 9617.569, 
    9921.98700000001, 10143.446, 10474.114, 10414.351, 10709.189, 
    13691.68, 14226.137), DF.cost = c(1, 1, 1, 1, 1, 1, 1, 1, 
    1, 1, 1), DF.gamma = c(0.01111, 0.01111, 0.01111, 0.01111, 
    0.01111, 0.01111, 0.01111, 0.01111, 0.01111, 0.01111, 0.01111
    ), DF.data.balancing = c(0, 0, 0, 0, 0, 0, 0, 0, 0, 0, 0), 
    DF.feature.selection = c(0, 0, 0, 0, 0, 0, 0, 0, 0, 0, 0), 
    DF.valid.acc = c(0.63659, 0.68646, 0.68602, 0.72628, 0.72906, 
    0.74278, 0.75894, 0.74954, 0.76572, 0.73827, 0.77172), DF.test.acc = c(0.666, 
    0.69125, 0.69404, 0.71638, 0.75736, 0.72611, 0.78659, 0.74498, 
    0.76529, 0.74796, 0.77731), DF.train.time = c(0.0933, 0.1006, 
    0.1064, 0.1101, 0.1139, 0.1245, 0.1412, 0.1421, 0.1492, 0.167, 
    0.177), DF.n.support.vectors = c(130.1, 141.5, 152.2, 165.3, 
    174.6, 186.4, 196.5, 207.1, 217.1, 229.7, 244.7), DF.index = c(1, 
    1, 1, 1, 1, 1, 1, 1, 1, 1, 1), DF.n.solutions = c(1, 1, 1, 
    1, 1, 1, 1, 1, 1, 1, 1), DF.generations = c(1, 1, 1, 1, 1, 
    1, 1, 1, 1, 1, 1), DF.n.evaluations = c(1, 1, 1, 1, 1, 1, 
    1, 1, 1, 1, 1), DF.cpu.time = c(3.77, 3.825, 3.898, 3.908, 
    3.744, 3.893, 4.307, 4.054, 4.197, 5.405, 5.554), SMBO.cost = c(3.57324413539551, 
    3.57324413539551, 3.57324413539551, 3.57324413539551, 3.57324413539551, 
    3.57324413539551, 3.57324413539551, 3.57324413539551, 3.57324413539551, 
    3.57324413539551, 3.57324413539551), SMBO.gamma = c(-6.76375333826313, 
    -6.76375333826313, -6.76375333826313, -6.76375333826313, 
    -6.76375333826313, -6.76375333826313, -6.76375333826313, 
    -6.76375333826313, -6.76375333826313, -6.76375333826313, 
    -6.76375333826313), SMBO.balanced.test.accuracy = c(0.838774250440917, 
    0.838774250440917, 0.838774250440917, 0.838774250440917, 
    0.838774250440917, 0.838774250440917, 0.838774250440917, 
    0.838774250440917, 0.838774250440917, 0.838774250440917, 
    0.838774250440917)), .Names = c("Sampling", "PSO.cost", "PSO.gamma", 
"PSO.data.balancing", "PSO.feature.selection", "PSO.valid.acc", 
"PSO.test.acc", "PSO.train.time", "PSO.n.support.vectors", "PSO.index", 
"PSO.n.solutions", "PSO.generations", "PSO.n.evaluations", "PSO.cpu.time", 
"RS.cost", "RS.gamma", "RS.data.balancing", "RS.feature.selection", 
"RS.valid.acc", "RS.test.acc", "RS.train.time", "RS.n.support.vectors", 
"RS.index", "RS.n.solutions", "RS.generations", "RS.n.evaluations", 
"RS.cpu.time", "DF.cost", "DF.gamma", "DF.data.balancing", "DF.feature.selection", 
"DF.valid.acc", "DF.test.acc", "DF.train.time", "DF.n.support.vectors", 
"DF.index", "DF.n.solutions", "DF.generations", "DF.n.evaluations", 
"DF.cpu.time", "SMBO.cost", "SMBO.gamma", "SMBO.balanced.test.accuracy"
), row.names = c(NA, -11L), class = "data.frame")
