new.sol <-
structure(list(Sampling = c(50, 55, 60, 65, 70, 75, 80, 85, 90, 
95, 100), PSO.cost = c(8.61491, 3.20388, 7.98461, 3.69682, 12.86446, 
6.20725, 3.8597, 1.95641, 6.76022, 9.01501, 1.73263), PSO.gamma = c(-4.85271, 
-5.84456, -9.62819, -6.49581, -8.24662, -7.45541, -7.05634, -5.35045, 
-9.36892, -7.20576, -5.51466), PSO.data.balancing = c(0, 0, 0, 
0, 0, 0, 0, 0, 0, 0, 0), PSO.feature.selection = c(0, 0, 0, 0, 
0, 0, 0, 0, 0, 0, 0), PSO.valid.acc = c(0.79944, 0.80776, 0.81354, 
0.82399, 0.8423, 0.83855, 0.83962, 0.83366, 0.83678, 0.85494, 
0.86045), PSO.test.acc = c(0.76709, 0.82531, 0.77641, 0.83604, 
0.81694, 0.82538, 0.82048, 0.8113, 0.81921, 0.85452, 0.86349), 
    PSO.train.time = c(0.088, 0.1012, 0.095, 0.1113, 0.1084, 
    0.116, 0.1302, 0.1574, 0.1354, 0.1477, 0.1788), PSO.n.support.vectors = c(124.9, 
    136.2, 132.4, 154.7, 152.3, 164.2, 175.1, 203.4, 183.1, 201.2, 
    235.3), PSO.index = c(37, 1293, 10, 586, 317, 165, 896, 632, 
    856, 258, 815), PSO.n.solutions = c(895, 39, 939, 165, 493, 
    854, 162, 320, 70, 805, 196), PSO.generations = c(100, 100, 
    100, 100, 100, 100, 100, 100, 100, 100, 100), PSO.n.evaluations = c(2500, 
    2500, 2500, 2500, 2500, 2500, 2500, 2500, 2500, 2500, 2500
    ), PSO.cpu.time = c(8840.559, 9287.856, 9225.629, 9565.82, 
    9642.47199999999, 9902.114, 10236.983, 10873.148, 10471.163, 
    10721.153, 11693.463), RS.cost = c(2.83773, 9.04229, 8.17507, 
    2.97556, 11.91869, 11.76054, 4.40247, 1.7568, 5.79107, 13.6365, 
    1.68378), RS.gamma = c(-6.40354, -5.80652, -9.41881, -6.21352, 
    -8.26051, -7.46914, -7.02402, -5.30378, -9.06424, -7.21026, 
    -5.39905), RS.data.balancing = c(0, 0, 0, 0, 0, 0, 0, 0, 
    0, 0, 0), RS.feature.selection = c(0, 0, 0, 0, 0, 0, 0, 0, 
    0, 0, 0), RS.valid.acc = c(0.79993, 0.8025, 0.81354, 0.82377, 
    0.8423, 0.83855, 0.83947, 0.83021, 0.83323, 0.85494, 0.86045
    ), RS.test.acc = c(0.75947, 0.82531, 0.77641, 0.83169, 0.81694, 
    0.82538, 0.81263, 0.8113, 0.80178, 0.85452, 0.86349), RS.train.time = c(0.0872, 
    0.0974, 0.0948, 0.115, 0.1092, 0.1158, 0.1237, 0.1559, 0.1311, 
    0.1494, 0.1841), RS.n.support.vectors = c(124.1, 135.7, 132.5, 
    156.7, 152.2, 164.1, 174.6, 203.5, 185.4, 201.2, 236.3), 
    RS.index = c(1941, 46, 138, 1278, 2489, 38, 65, 1364, 1995, 
    370, 1887), RS.n.solutions = c(1, 69, 5, 1, 1, 14, 2, 1, 
    1, 2, 1), RS.generations = c(100, 100, 100, 100, 100, 100, 
    100, 100, 100, 100, 100), RS.n.evaluations = c(2500, 2500, 
    2500, 2500, 2500, 2500, 2500, 2500, 2500, 2500, 2500), RS.cpu.time = c(8891.359, 
    9216.822, 9390.561, 9738.689, 9834.792, 10169.6, 10504.206, 
    10736.08, 10966.609, 11261.53, 11674.114), DF.cost = c(1, 
    1, 1, 1, 1, 1, 1, 1, 1, 1, 1), DF.gamma = c(0.01111, 0.01111, 
    0.01111, 0.01111, 0.01111, 0.01111, 0.01111, 0.01111, 0.01111, 
    0.01111, 0.01111), DF.data.balancing = c(0, 0, 0, 0, 0, 0, 
    0, 0, 0, 0, 0), DF.feature.selection = c(0, 0, 0, 0, 0, 0, 
    0, 0, 0, 0, 0), DF.valid.acc = c(0.6864, 0.6583, 0.67984, 
    0.69973, 0.72463, 0.73645, 0.73695, 0.747, 0.73373, 0.75422, 
    0.77881), DF.test.acc = c(0.67445, 0.68619, 0.6829, 0.70823, 
    0.72362, 0.73573, 0.74049, 0.72464, 0.75083, 0.76851, 0.77246
    ), DF.train.time = c(0.0905, 0.0973, 0.1031, 0.1104, 0.1154, 
    0.1261, 0.1369, 0.1499, 0.1506, 0.1625, 0.1676), DF.n.support.vectors = c(129.5, 
    141, 151.8, 163.3, 174.2, 184.4, 197.3, 209.2, 219.3, 230.6, 
    244.2), DF.index = c(1, 1, 1, 1, 1, 1, 1, 1, 1, 1, 1), DF.n.solutions = c(1, 
    1, 1, 1, 1, 1, 1, 1, 1, 1, 1), DF.generations = c(1, 1, 1, 
    1, 1, 1, 1, 1, 1, 1, 1), DF.n.evaluations = c(1, 1, 1, 1, 
    1, 1, 1, 1, 1, 1, 1), DF.cpu.time = c(3.658, 3.685, 3.776, 
    3.768, 3.89, 4.117, 4.163, 4.307, 4.284, 4.474, 4.533), SMBO.cost = c(2.75907432732987, 
    2.75907432732987, 2.75907432732987, 2.75907432732987, 2.75907432732987, 
    2.75907432732987, 2.75907432732987, 2.75907432732987, 2.75907432732987, 
    2.75907432732987, 2.75907432732987), SMBO.gamma = c(-6.1344777836975, 
    -6.1344777836975, -6.1344777836975, -6.1344777836975, -6.1344777836975, 
    -6.1344777836975, -6.1344777836975, -6.1344777836975, -6.1344777836975, 
    -6.1344777836975, -6.1344777836975), SMBO.balanced.test.accuracy = c(0.852716049382716, 
    0.852716049382716, 0.852716049382716, 0.852716049382716, 
    0.852716049382716, 0.852716049382716, 0.852716049382716, 
    0.852716049382716, 0.852716049382716, 0.852716049382716, 
    0.852716049382716)), .Names = c("Sampling", "PSO.cost", "PSO.gamma", 
"PSO.data.balancing", "PSO.feature.selection", "PSO.valid.acc", 
"PSO.test.acc", "PSO.train.time", "PSO.n.support.vectors", "PSO.index", 
"PSO.n.solutions", "PSO.generations", "PSO.n.evaluations", "PSO.cpu.time", 
"RS.cost", "RS.gamma", "RS.data.balancing", "RS.feature.selection", 
"RS.valid.acc", "RS.test.acc", "RS.train.time", "RS.n.support.vectors", 
"RS.index", "RS.n.solutions", "RS.generations", "RS.n.evaluations", 
"RS.cpu.time", "DF.cost", "DF.gamma", "DF.data.balancing", "DF.feature.selection", 
"DF.valid.acc", "DF.test.acc", "DF.train.time", "DF.n.support.vectors", 
"DF.index", "DF.n.solutions", "DF.generations", "DF.n.evaluations", 
"DF.cpu.time", "SMBO.cost", "SMBO.gamma", "SMBO.balanced.test.accuracy"
), row.names = c(NA, -11L), class = "data.frame")
