new.sol <-
structure(list(Sampling = c(50, 55, 60, 65, 70, 75, 80, 85, 90, 
95, 100), PSO.cost = c(13.13103, 12.66449, 8.62236, 4.17925, 
8.34909, 2.88998, 7.88781, 15, 10.18859, 2.98317, 3.4283), PSO.gamma = c(-6.26387, 
-7.64031, -5.02604, -7.64076, -6.12892, -6.35648, -6.25458, -5.40416, 
-5.99534, -6.23807, -6.09171), PSO.data.balancing = c(0, 0, 0, 
0, 0, 0, 0, 0, 0, 0, 0), PSO.feature.selection = c(0, 0, 0, 0, 
0, 0, 0, 0, 0, 0, 0), PSO.valid.acc = c(0.77446, 0.79218, 0.79103, 
0.80904, 0.80418, 0.80719, 0.83106, 0.85414, 0.84587, 0.86651, 
0.86844), PSO.test.acc = c(0.79806, 0.76464, 0.76187, 0.7698, 
0.77783, 0.79859, 0.82251, 0.82892, 0.84893, 0.87389, 0.8747), 
    PSO.train.time = c(0.088, 0.0908, 0.1007, 0.0943, 0.1181, 
    0.1202, 0.1337, 0.1477, 0.1547, 0.1639, 0.1777), PSO.n.support.vectors = c(122.9, 
    129.2, 149.4, 146.8, 165.5, 170.9, 183, 201.4, 206.7, 214.7, 
    227.5), PSO.index = c(23, 22, 3, 2086, 4, 786, 70, 81, 35, 
    364, 1475), PSO.n.solutions = c(1079, 1287, 1309, 2, 1227, 
    159, 1565, 1021, 1315, 332, 7), PSO.generations = c(100, 
    100, 100, 100, 100, 100, 100, 100, 100, 100, 100), PSO.n.evaluations = c(2500, 
    2500, 2500, 2500, 2500, 2500, 2500, 2500, 2500, 2500, 2500
    ), PSO.cpu.time = c(8537.377, 8605.048, 8880.725, 8795.525, 
    9322.216, 9468.52099999999, 9768.44100000001, 10299.32, 10442.886, 
    11225.535, 11331.111), RS.cost = c(13.20796, 13.27025, 14.18004, 
    6.2808, 9.71266, 1.771, 11.98775, 13.39547, 3.48156, 2.56225, 
    4.98987), RS.gamma = c(-6.32478, -7.50527, -5.12621, -7.62307, 
    -5.77666, -5.2262, -6.21118, -5.46728, -6.34074, -5.86969, 
    -6.08812), RS.data.balancing = c(0, 0, 0, 0, 0, 0, 0, 0, 
    0, 0, 0), RS.feature.selection = c(0, 0, 0, 0, 0, 0, 0, 0, 
    0, 0, 0), RS.valid.acc = c(0.77446, 0.79218, 0.79103, 0.8044, 
    0.80418, 0.8026, 0.83106, 0.85414, 0.8461, 0.86651, 0.86585
    ), RS.test.acc = c(0.79806, 0.76552, 0.77243, 0.77804, 0.77801, 
    0.79459, 0.82251, 0.82892, 0.84525, 0.86733, 0.85952), RS.train.time = c(0.0873, 
    0.0858, 0.1048, 0.0981, 0.122, 0.1298, 0.133, 0.1483, 0.1451, 
    0.1715, 0.1733), RS.n.support.vectors = c(122.6, 129.7, 149, 
    145.8, 167.7, 180.8, 184.4, 200.5, 202.2, 218.7, 227), RS.index = c(13, 
    27, 58, 1710, 91, 858, 317, 53, 1047, 2024, 867), RS.n.solutions = c(17, 
    26, 27, 2, 33, 1, 13, 11, 1, 1, 1), RS.generations = c(100, 
    100, 100, 100, 100, 100, 100, 100, 100, 100, 100), RS.n.evaluations = c(2500, 
    2500, 2500, 2500, 2500, 2500, 2500, 2500, 2500, 2500, 2500
    ), RS.cpu.time = c(8491.251, 8245.555, 8896.141, 9041.45999999999, 
    9344.863, 9598.05099999999, 9896.757, 10383.566, 10645.525, 
    11487.82, 11387.324), DF.cost = c(1, 1, 1, 1, 1, 1, 1, 1, 
    1, 1, 1), DF.gamma = c(0.01111, 0.01111, 0.01111, 0.01111, 
    0.01111, 0.01111, 0.01111, 0.01111, 0.01111, 0.01111, 0.01111
    ), DF.data.balancing = c(0, 0, 0, 0, 0, 0, 0, 0, 0, 0, 0), 
    DF.feature.selection = c(0, 0, 0, 0, 0, 0, 0, 0, 0, 0, 0), 
    DF.valid.acc = c(0.64271, 0.71109, 0.69434, 0.74367, 0.75386, 
    0.74165, 0.76849, 0.77875, 0.75939, 0.75415, 0.77591), DF.test.acc = c(0.65926, 
    0.68583, 0.71904, 0.72004, 0.76261, 0.75397, 0.75776, 0.75777, 
    0.7764, 0.75726, 0.76876), DF.train.time = c(0.0873, 0.0909, 
    0.1025, 0.1053, 0.1186, 0.1256, 0.1318, 0.143, 0.1545, 0.1655, 
    0.178), DF.n.support.vectors = c(129.4, 139.8, 152.3, 162.7, 
    174.2, 184.9, 196.2, 206, 218.1, 231.1, 244.5), DF.index = c(1, 
    1, 1, 1, 1, 1, 1, 1, 1, 1, 1), DF.n.solutions = c(1, 1, 1, 
    1, 1, 1, 1, 1, 1, 1, 1), DF.generations = c(1, 1, 1, 1, 1, 
    1, 1, 1, 1, 1, 1), DF.n.evaluations = c(1, 1, 1, 1, 1, 1, 
    1, 1, 1, 1, 1), DF.cpu.time = c(3.466, 3.368, 3.585, 3.535, 
    3.839, 3.889, 3.947, 4.142, 4.334, 4.57, 4.546), SMBO.cost = c(1.6744797801791, 
    1.6744797801791, 1.6744797801791, 1.6744797801791, 1.6744797801791, 
    1.6744797801791, 1.6744797801791, 1.6744797801791, 1.6744797801791, 
    1.6744797801791, 1.6744797801791), SMBO.gamma = c(-5.50185089842009, 
    -5.50185089842009, -5.50185089842009, -5.50185089842009, 
    -5.50185089842009, -5.50185089842009, -5.50185089842009, 
    -5.50185089842009, -5.50185089842009, -5.50185089842009, 
    -5.50185089842009), SMBO.balanced.test.accuracy = c(0.869594356261023, 
    0.869594356261023, 0.869594356261023, 0.869594356261023, 
    0.869594356261023, 0.869594356261023, 0.869594356261023, 
    0.869594356261023, 0.869594356261023, 0.869594356261023, 
    0.869594356261023)), .Names = c("Sampling", "PSO.cost", "PSO.gamma", 
"PSO.data.balancing", "PSO.feature.selection", "PSO.valid.acc", 
"PSO.test.acc", "PSO.train.time", "PSO.n.support.vectors", "PSO.index", 
"PSO.n.solutions", "PSO.generations", "PSO.n.evaluations", "PSO.cpu.time", 
"RS.cost", "RS.gamma", "RS.data.balancing", "RS.feature.selection", 
"RS.valid.acc", "RS.test.acc", "RS.train.time", "RS.n.support.vectors", 
"RS.index", "RS.n.solutions", "RS.generations", "RS.n.evaluations", 
"RS.cpu.time", "DF.cost", "DF.gamma", "DF.data.balancing", "DF.feature.selection", 
"DF.valid.acc", "DF.test.acc", "DF.train.time", "DF.n.support.vectors", 
"DF.index", "DF.n.solutions", "DF.generations", "DF.n.evaluations", 
"DF.cpu.time", "SMBO.cost", "SMBO.gamma", "SMBO.balanced.test.accuracy"
), row.names = c(NA, -11L), class = "data.frame")
