new.sol <-
structure(list(Sampling = c(50, 55, 60, 65, 70, 75, 80, 85, 90, 
95, 100), PSO.cost = c(9.18748, 10.46725, 7.83743, 4.78109, 10.76426, 
11.85437, 6.99692, 10.73972, 3.51949, 11.59266, 3.30688), PSO.gamma = c(-8.44308, 
-5.41729, -6.72767, -6.87734, -9.03886, -6.78135, -6.75436, -7.05562, 
-6.14993, -7.43514, -5.22066), PSO.data.balancing = c(0, 0, 0, 
0, 0, 0, 0, 0, 0, 0, 0), PSO.feature.selection = c(0, 0, 0, 0, 
0, 0, 0, 0, 0, 0, 0), PSO.valid.acc = c(0.73983, 0.79126, 0.796, 
0.82786, 0.82089, 0.83752, 0.82003, 0.8484, 0.86729, 0.86001, 
0.86688), PSO.test.acc = c(0.69162, 0.78339, 0.78677, 0.80064, 
0.82766, 0.79795, 0.81603, 0.83769, 0.82957, 0.82872, 0.85162
), PSO.train.time = c(0.084, 0.0937, 0.0975, 0.1191, 0.1155, 
0.1359, 0.1396, 0.1453, 0.1647, 0.1578, 0.2012), PSO.n.support.vectors = c(117.2, 
137.2, 141.9, 150.6, 146.3, 169.8, 178.3, 185.1, 205.6, 201.1, 
237), PSO.index = c(138, 114, 37, 687, 3, 56, 128, 48, 595, 192, 
118), PSO.n.solutions = c(887, 993, 1128, 111, 1180, 1391, 859, 
1172, 432, 1243, 1229), PSO.generations = c(100, 100, 100, 100, 
100, 100, 100, 100, 100, 100, 100), PSO.n.evaluations = c(2500, 
2500, 2500, 2500, 2500, 2500, 2500, 2500, 2500, 2500, 2500), 
    PSO.cpu.time = c(8813.057, 8689.566, 11345.699, 11760.998, 
    11822.768, 12115.496, 12529.281, 12771.671, 13064.021, 13057.06, 
    14122.916), RS.cost = c(13.09013, 10.5006, 11.64037, 10.32099, 
    14.11613, 6.23545, 11.56391, 8.96402, 4.79421, 6.37659, 3.94597
    ), RS.gamma = c(-8.42837, -5.46235, -6.85089, -6.90464, -9.03961, 
    -6.65349, -6.74529, -7.05888, -6.3154, -7.49884, -5.21124
    ), RS.data.balancing = c(0, 0, 0, 0, 0, 0, 0, 0, 0, 0, 0), 
    RS.feature.selection = c(0, 0, 0, 0, 0, 0, 0, 0, 0, 0, 0), 
    RS.valid.acc = c(0.73983, 0.79126, 0.796, 0.82309, 0.82089, 
    0.83752, 0.82003, 0.8484, 0.86385, 0.86001, 0.86688), RS.test.acc = c(0.69162, 
    0.78339, 0.78201, 0.80064, 0.82766, 0.79795, 0.81603, 0.83769, 
    0.83302, 0.82539, 0.85162), RS.train.time = c(0.0821, 0.0942, 
    0.1058, 0.1195, 0.1095, 0.1289, 0.1407, 0.1475, 0.1596, 0.1557, 
    0.2046), RS.n.support.vectors = c(117.2, 137.2, 141.2, 150.4, 
    146.3, 170.4, 178.5, 185.1, 204.6, 201.6, 237.2), RS.index = c(570, 
    737, 95, 104, 85, 43, 79, 309, 176, 140, 559), RS.n.solutions = c(7, 
    3, 20, 10, 11, 20, 22, 3, 3, 15, 1), RS.generations = c(100, 
    100, 100, 100, 100, 100, 100, 100, 100, 100, 100), RS.n.evaluations = c(2500, 
    2500, 2500, 2500, 2500, 2500, 2500, 2500, 2500, 2500, 2500
    ), RS.cpu.time = c(8455.691, 8668.743, 11391.69, 11798.673, 
    12030.243, 11840.392, 12814.533, 13049.164, 13321.441, 13709.72, 
    14021.418), DF.cost = c(1, 1, 1, 1, 1, 1, 1, 1, 1, 1, 1), 
    DF.gamma = c(0.01111, 0.01111, 0.01111, 0.01111, 0.01111, 
    0.01111, 0.01111, 0.01111, 0.01111, 0.01111, 0.01111), DF.data.balancing = c(0, 
    0, 0, 0, 0, 0, 0, 0, 0, 0, 0), DF.feature.selection = c(0, 
    0, 0, 0, 0, 0, 0, 0, 0, 0, 0), DF.valid.acc = c(0.65605, 
    0.68188, 0.7182, 0.71327, 0.7046, 0.76019, 0.73921, 0.72805, 
    0.7776, 0.77626, 0.77329), DF.test.acc = c(0.63647, 0.72073, 
    0.66489, 0.69851, 0.71018, 0.76434, 0.74766, 0.7391, 0.7883, 
    0.77112, 0.76476), DF.train.time = c(0.0842, 0.0916, 0.107, 
    0.1165, 0.1207, 0.1341, 0.1445, 0.1571, 0.1612, 0.1673, 0.1815
    ), DF.n.support.vectors = c(128.4, 140.8, 153.1, 163.9, 173.5, 
    185.4, 197.2, 208.4, 218.8, 230.9, 242.7), DF.index = c(1, 
    1, 1, 1, 1, 1, 1, 1, 1, 1, 1), DF.n.solutions = c(1, 1, 1, 
    1, 1, 1, 1, 1, 1, 1, 1), DF.generations = c(1, 1, 1, 1, 1, 
    1, 1, 1, 1, 1, 1), DF.n.evaluations = c(1, 1, 1, 1, 1, 1, 
    1, 1, 1, 1, 1), DF.cpu.time = c(3.344, 3.475, 4.497, 4.782, 
    4.606, 4.89, 5.019, 5.232, 5.172, 5.274, 5.44), SMBO.cost = c(11.1539923769969, 
    11.1539923769969, 11.1539923769969, 11.1539923769969, 11.1539923769969, 
    11.1539923769969, 11.1539923769969, 11.1539923769969, 11.1539923769969, 
    11.1539923769969, 11.1539923769969), SMBO.gamma = c(-7.07815695550293, 
    -7.07815695550293, -7.07815695550293, -7.07815695550293, 
    -7.07815695550293, -7.07815695550293, -7.07815695550293, 
    -7.07815695550293, -7.07815695550293, -7.07815695550293, 
    -7.07815695550293), SMBO.balanced.test.accuracy = c(0.855881032547699, 
    0.855881032547699, 0.855881032547699, 0.855881032547699, 
    0.855881032547699, 0.855881032547699, 0.855881032547699, 
    0.855881032547699, 0.855881032547699, 0.855881032547699, 
    0.855881032547699)), .Names = c("Sampling", "PSO.cost", "PSO.gamma", 
"PSO.data.balancing", "PSO.feature.selection", "PSO.valid.acc", 
"PSO.test.acc", "PSO.train.time", "PSO.n.support.vectors", "PSO.index", 
"PSO.n.solutions", "PSO.generations", "PSO.n.evaluations", "PSO.cpu.time", 
"RS.cost", "RS.gamma", "RS.data.balancing", "RS.feature.selection", 
"RS.valid.acc", "RS.test.acc", "RS.train.time", "RS.n.support.vectors", 
"RS.index", "RS.n.solutions", "RS.generations", "RS.n.evaluations", 
"RS.cpu.time", "DF.cost", "DF.gamma", "DF.data.balancing", "DF.feature.selection", 
"DF.valid.acc", "DF.test.acc", "DF.train.time", "DF.n.support.vectors", 
"DF.index", "DF.n.solutions", "DF.generations", "DF.n.evaluations", 
"DF.cpu.time", "SMBO.cost", "SMBO.gamma", "SMBO.balanced.test.accuracy"
), row.names = c(NA, -11L), class = "data.frame")
