new.sol <-
structure(list(Sampling = c(50, 55, 60, 65, 70, 75, 80, 85, 90, 
95, 100), PSO.cost = c(15, 11.87486, 6.73258, 5.15419, 3.00433, 
7.46375, 3.48006, 3.08195, 1.35786, 1.40882, 2.26198), PSO.gamma = c(-6.33779, 
-5.85495, -5.07786, -7.46629, -5.76835, -5.37035, -6.58122, -6.14417, 
-4.89397, -5.15702, -5.57568), PSO.data.balancing = c(0, 0, 0, 
0, 0, 0, 0, 0, 0, 0, 0), PSO.feature.selection = c(0, 0, 0, 0, 
0, 0, 0, 0, 0, 0, 0), PSO.valid.acc = c(0.75343, 0.80583, 0.81107, 
0.81442, 0.81614, 0.82784, 0.85001, 0.87382, 0.87723, 0.86791, 
0.87593), PSO.test.acc = c(0.71885, 0.7839, 0.78636, 0.76926, 
0.82238, 0.79369, 0.83794, 0.86066, 0.85339, 0.84459, 0.84586
), PSO.train.time = c(0.0931, 0.0994, 0.1105, 0.1089, 0.1211, 
0.1344, 0.1331, 0.1491, 0.1757, 0.1809, 0.1917), PSO.n.support.vectors = c(125.5, 
138.1, 153, 150.9, 171.3, 182.9, 183.4, 197.6, 218.5, 227.7, 
234.3), PSO.index = c(70, 269, 104, 4, 664, 152, 1859, 1189, 
745, 2495, 404), PSO.n.solutions = c(1609, 423, 1063, 1152, 367, 
1356, 2, 122, 129, 1, 60), PSO.generations = c(100, 100, 100, 
100, 100, 100, 100, 100, 100, 100, 100), PSO.n.evaluations = c(2500, 
2500, 2500, 2500, 2500, 2500, 2500, 2500, 2500, 2500, 2500), 
    PSO.cpu.time = c(9634.329, 10009.465, 10969.607, 10777.194, 
    10463.685, 10686.905, 10857.649, 11405.204, 11981.147, 11771.115, 
    12468.359), RS.cost = c(4.14373, 12.58711, 11.7087, 10.35663, 
    2.81488, 8.59665, 3.59329, 3.10115, 1.70981, 3.70125, 1.90676
    ), RS.gamma = c(-6.32361, -6.03743, -5.08193, -7.53962, -5.78911, 
    -5.39079, -6.64009, -6.22441, -5.03081, -6.37257, -4.84844
    ), RS.data.balancing = c(0, 0, 0, 0, 0, 0, 0, 0, 0, 0, 0), 
    RS.feature.selection = c(0, 0, 0, 0, 0, 0, 0, 0, 0, 0, 0), 
    RS.valid.acc = c(0.75343, 0.80583, 0.81107, 0.81442, 0.80662, 
    0.82784, 0.85001, 0.86653, 0.86756, 0.8649, 0.87298), RS.test.acc = c(0.71885, 
    0.77863, 0.78636, 0.76926, 0.81286, 0.79369, 0.83794, 0.86066, 
    0.85697, 0.84761, 0.85201), RS.train.time = c(0.0887, 0.0969, 
    0.1052, 0.1093, 0.1225, 0.1326, 0.1368, 0.1517, 0.1684, 0.1631, 
    0.1965), RS.n.support.vectors = c(125.5, 137.7, 153, 149.8, 
    171.1, 182.9, 182.2, 196.6, 218.8, 213, 241.1), RS.index = c(3, 
    382, 975, 15, 709, 315, 2389, 555, 1351, 942, 971), RS.n.solutions = c(66, 
    8, 3, 31, 3, 7, 1, 1, 2, 1, 1), RS.generations = c(100, 100, 
    100, 100, 100, 100, 100, 100, 100, 100, 100), RS.n.evaluations = c(2500, 
    2500, 2500, 2500, 2500, 2500, 2500, 2500, 2500, 2500, 2500
    ), RS.cpu.time = c(9705.259, 9805.071, 10492.501, 10705.685, 
    10364.025, 10588.16, 10827.203, 11495.696, 11653.381, 12162.129, 
    12346.768), DF.cost = c(1, 1, 1, 1, 1, 1, 1, 1, 1, 1, 1), 
    DF.gamma = c(0.01111, 0.01111, 0.01111, 0.01111, 0.01111, 
    0.01111, 0.01111, 0.01111, 0.01111, 0.01111, 0.01111), DF.data.balancing = c(0, 
    0, 0, 0, 0, 0, 0, 0, 0, 0, 0), DF.feature.selection = c(0, 
    0, 0, 0, 0, 0, 0, 0, 0, 0, 0), DF.valid.acc = c(0.69794, 
    0.72958, 0.72575, 0.69166, 0.73804, 0.74604, 0.7875, 0.76683, 
    0.75175, 0.78032, 0.78519), DF.test.acc = c(0.66115, 0.72255, 
    0.71996, 0.72104, 0.74598, 0.73157, 0.75307, 0.76539, 0.74729, 
    0.77673, 0.791), DF.train.time = c(0.091, 0.0992, 0.0995, 
    0.1124, 0.1196, 0.1261, 0.1393, 0.147, 0.1555, 0.1657, 0.1762
    ), DF.n.support.vectors = c(130.4, 142.1, 154.5, 167, 177.6, 
    187.7, 196.5, 208.7, 219.8, 229, 245.3), DF.index = c(1, 
    1, 1, 1, 1, 1, 1, 1, 1, 1, 1), DF.n.solutions = c(1, 1, 1, 
    1, 1, 1, 1, 1, 1, 1, 1), DF.generations = c(1, 1, 1, 1, 1, 
    1, 1, 1, 1, 1, 1), DF.n.evaluations = c(1, 1, 1, 1, 1, 1, 
    1, 1, 1, 1, 1), DF.cpu.time = c(3.932, 4.075, 4.089, 4.234, 
    4.225, 4.218, 4.466, 4.366, 4.628, 4.87, 4.66), SMBO.cost = c(13.256873578745, 
    13.256873578745, 13.256873578745, 13.256873578745, 13.256873578745, 
    13.256873578745, 13.256873578745, 13.256873578745, 13.256873578745, 
    13.256873578745, 13.256873578745), SMBO.gamma = c(-9.20402823944543, 
    -9.20402823944543, -9.20402823944543, -9.20402823944543, 
    -9.20402823944543, -9.20402823944543, -9.20402823944543, 
    -9.20402823944543, -9.20402823944543, -9.20402823944543, 
    -9.20402823944543), SMBO.balanced.test.accuracy = c(0.840927529260863, 
    0.840927529260863, 0.840927529260863, 0.840927529260863, 
    0.840927529260863, 0.840927529260863, 0.840927529260863, 
    0.840927529260863, 0.840927529260863, 0.840927529260863, 
    0.840927529260863)), .Names = c("Sampling", "PSO.cost", "PSO.gamma", 
"PSO.data.balancing", "PSO.feature.selection", "PSO.valid.acc", 
"PSO.test.acc", "PSO.train.time", "PSO.n.support.vectors", "PSO.index", 
"PSO.n.solutions", "PSO.generations", "PSO.n.evaluations", "PSO.cpu.time", 
"RS.cost", "RS.gamma", "RS.data.balancing", "RS.feature.selection", 
"RS.valid.acc", "RS.test.acc", "RS.train.time", "RS.n.support.vectors", 
"RS.index", "RS.n.solutions", "RS.generations", "RS.n.evaluations", 
"RS.cpu.time", "DF.cost", "DF.gamma", "DF.data.balancing", "DF.feature.selection", 
"DF.valid.acc", "DF.test.acc", "DF.train.time", "DF.n.support.vectors", 
"DF.index", "DF.n.solutions", "DF.generations", "DF.n.evaluations", 
"DF.cpu.time", "SMBO.cost", "SMBO.gamma", "SMBO.balanced.test.accuracy"
), row.names = c(NA, -11L), class = "data.frame")
