new.sol <-
structure(list(Sampling = c(50, 55, 60, 65, 70, 75, 80, 85, 90, 
95, 100), PSO.cost = c(3.64347, 14.23427, 10.69539, 11.62576, 
6.71453, 5.31578, 3.51083, 2.83778, 2.73401, 4.39766, 2.20733
), PSO.gamma = c(-6.55951, -6.46586, -5.93184, -6.69662, -8.46252, 
-5.73431, -6.48953, -6.10731, -4.95511, -5.84965, -5.61447), 
    PSO.data.balancing = c(0, 0, 0, 0, 0, 0, 0, 0, 0, 0, 0), 
    PSO.feature.selection = c(0, 0, 0, 0, 0, 0, 0, 0, 0, 0, 0
    ), PSO.valid.acc = c(0.75811, 0.78725, 0.81129, 0.80866, 
    0.83468, 0.82504, 0.83022, 0.8255, 0.85992, 0.87637, 0.87163
    ), PSO.test.acc = c(0.71389, 0.76482, 0.80629, 0.79799, 0.81057, 
    0.80126, 0.83394, 0.81162, 0.82882, 0.84799, 0.866), PSO.train.time = c(0.0881, 
    0.0958, 0.1105, 0.115, 0.1108, 0.1321, 0.1385, 0.1528, 0.171, 
    0.1672, 0.1904), PSO.n.support.vectors = c(123, 135.1, 148.1, 
    155.5, 153.5, 179.5, 186, 199.8, 218.3, 219.9, 234.3), PSO.index = c(493, 
    2, 95, 15, 643, 222, 169, 2154, 764, 368, 615), PSO.n.solutions = c(395, 
    1480, 1244, 1198, 94, 967, 52, 12, 199, 616, 447), PSO.generations = c(100, 
    100, 100, 100, 100, 100, 100, 100, 100, 100, 100), PSO.n.evaluations = c(2500, 
    2500, 2500, 2500, 2500, 2500, 2500, 2500, 2500, 2500, 2500
    ), PSO.cpu.time = c(9372.428, 9741.983, 9879.557, 10011.393, 
    9924.54800000001, 10465.5, 10430.315, 10761.488, 11117.6, 
    11243.632, 11830.358), RS.cost = c(3.81215, 10.43523, 4.42127, 
    6.56809, 13.63338, 7.93386, 12.21352, 2.21712, 3.19532, 4.52193, 
    1.73571), RS.gamma = c(-6.52341, -5.65742, -5.85367, -6.69359, 
    -6.60467, -5.74231, -6.57556, -5.49056, -5.22782, -6.38684, 
    -5.20125), RS.data.balancing = c(0, 0, 0, 0, 0, 0, 0, 0, 
    0, 0, 0), RS.feature.selection = c(0, 0, 0, 0, 0, 0, 0, 0, 
    0, 0, 0), RS.valid.acc = c(0.75811, 0.78725, 0.81129, 0.80866, 
    0.83232, 0.82504, 0.83009, 0.81844, 0.85969, 0.87011, 0.86252
    ), RS.test.acc = c(0.71977, 0.75432, 0.80629, 0.79799, 0.8056, 
    0.80126, 0.83379, 0.8263, 0.83599, 0.85102, 0.85655), RS.train.time = c(0.0928, 
    0.1014, 0.1049, 0.116, 0.1159, 0.1382, 0.1388, 0.1546, 0.1687, 
    0.1596, 0.1965), RS.n.support.vectors = c(123.2, 138.1, 148.2, 
    155.5, 165.7, 179.3, 185.3, 203.2, 216.1, 212.2, 238.3), 
    RS.index = c(290, 28, 576, 126, 1532, 203, 205, 588, 2166, 
    1101, 2278), RS.n.solutions = c(1, 111, 14, 10, 3, 3, 37, 
    1, 1, 1, 1), RS.generations = c(100, 100, 100, 100, 100, 
    100, 100, 100, 100, 100, 100), RS.n.evaluations = c(2500, 
    2500, 2500, 2500, 2500, 2500, 2500, 2500, 2500, 2500, 2500
    ), RS.cpu.time = c(9484.111, 9680.498, 9832.913, 9978.533, 
    10104.807, 10379.7, 10559.378, 10845.74, 11073.503, 11478.476, 
    11962.451), DF.cost = c(1, 1, 1, 1, 1, 1, 1, 1, 1, 1, 1), 
    DF.gamma = c(0.01111, 0.01111, 0.01111, 0.01111, 0.01111, 
    0.01111, 0.01111, 0.01111, 0.01111, 0.01111, 0.01111), DF.data.balancing = c(0, 
    0, 0, 0, 0, 0, 0, 0, 0, 0, 0), DF.feature.selection = c(0, 
    0, 0, 0, 0, 0, 0, 0, 0, 0, 0), DF.valid.acc = c(0.70575, 
    0.65547, 0.68324, 0.68501, 0.68546, 0.69463, 0.70521, 0.72361, 
    0.75004, 0.76271, 0.76869), DF.test.acc = c(0.6769, 0.692, 
    0.67233, 0.66085, 0.67175, 0.69048, 0.70479, 0.72825, 0.73358, 
    0.76277, 0.77507), DF.train.time = c(0.0892, 0.1011, 0.1101, 
    0.1105, 0.1227, 0.13, 0.1415, 0.1449, 0.1536, 0.1663, 0.177
    ), DF.n.support.vectors = c(129.5, 142.4, 153.2, 164.5, 175.3, 
    188.5, 200.6, 212, 222.7, 232.4, 244.2), DF.index = c(1, 
    1, 1, 1, 1, 1, 1, 1, 1, 1, 1), DF.n.solutions = c(1, 1, 1, 
    1, 1, 1, 1, 1, 1, 1, 1), DF.generations = c(1, 1, 1, 1, 1, 
    1, 1, 1, 1, 1, 1), DF.n.evaluations = c(1, 1, 1, 1, 1, 1, 
    1, 1, 1, 1, 1), DF.cpu.time = c(3.693, 3.98, 4.127, 3.907, 
    4.141, 4.122, 4.313, 4.125, 4.254, 4.54, 4.669), SMBO.cost = c(10.0429395297527, 
    10.0429395297527, 10.0429395297527, 10.0429395297527, 10.0429395297527, 
    10.0429395297527, 10.0429395297527, 10.0429395297527, 10.0429395297527, 
    10.0429395297527, 10.0429395297527), SMBO.gamma = c(-6.92589502176095, 
    -6.92589502176095, -6.92589502176095, -6.92589502176095, 
    -6.92589502176095, -6.92589502176095, -6.92589502176095, 
    -6.92589502176095, -6.92589502176095, -6.92589502176095, 
    -6.92589502176095), SMBO.balanced.test.accuracy = c(0.855564373897707, 
    0.855564373897707, 0.855564373897707, 0.855564373897707, 
    0.855564373897707, 0.855564373897707, 0.855564373897707, 
    0.855564373897707, 0.855564373897707, 0.855564373897707, 
    0.855564373897707)), .Names = c("Sampling", "PSO.cost", "PSO.gamma", 
"PSO.data.balancing", "PSO.feature.selection", "PSO.valid.acc", 
"PSO.test.acc", "PSO.train.time", "PSO.n.support.vectors", "PSO.index", 
"PSO.n.solutions", "PSO.generations", "PSO.n.evaluations", "PSO.cpu.time", 
"RS.cost", "RS.gamma", "RS.data.balancing", "RS.feature.selection", 
"RS.valid.acc", "RS.test.acc", "RS.train.time", "RS.n.support.vectors", 
"RS.index", "RS.n.solutions", "RS.generations", "RS.n.evaluations", 
"RS.cpu.time", "DF.cost", "DF.gamma", "DF.data.balancing", "DF.feature.selection", 
"DF.valid.acc", "DF.test.acc", "DF.train.time", "DF.n.support.vectors", 
"DF.index", "DF.n.solutions", "DF.generations", "DF.n.evaluations", 
"DF.cpu.time", "SMBO.cost", "SMBO.gamma", "SMBO.balanced.test.accuracy"
), row.names = c(NA, -11L), class = "data.frame")
