new.sol <-
structure(list(Sampling = c(50, 55, 60, 65, 70, 75, 80, 85, 90, 
95, 100), PSO.cost = c(12.84652, 12.85807, 13.71106, 8.51737, 
5.49061, 5.8899, 5.37939, 3.68166, 2.40803, 2.58256, 2.619), 
    PSO.gamma = c(-6.89277, -6.57155, -5.14639, -7.09031, -6.64626, 
    -6.49831, -6.96141, -6.82659, -5.43321, -5.81428, -5.63745
    ), PSO.data.balancing = c(0, 0, 0, 0, 0, 0, 0, 0, 0, 0, 0
    ), PSO.feature.selection = c(0, 0, 0, 0, 0, 0, 0, 0, 0, 0, 
    0), PSO.valid.acc = c(0.85111, 0.79827, 0.80122, 0.81704, 
    0.83613, 0.83856, 0.83949, 0.85937, 0.86321, 0.86415, 0.85861
    ), PSO.test.acc = c(0.8393, 0.8048, 0.78539, 0.8111, 0.83188, 
    0.81165, 0.81592, 0.84732, 0.85036, 0.85539, 0.84423), PSO.train.time = c(0.0879, 
    0.0969, 0.1082, 0.109, 0.1236, 0.1291, 0.1294, 0.1411, 0.1688, 
    0.171, 0.1928), PSO.n.support.vectors = c(121.3, 135.1, 150.2, 
    151.4, 163.2, 174.3, 177, 192.3, 213.5, 220.4, 234.1), PSO.index = c(106, 
    557, 11, 301, 210, 326, 582, 2419, 1083, 1087, 693), PSO.n.solutions = c(1292, 
    209, 683, 1000, 928, 596, 486, 1, 72, 152, 550), PSO.generations = c(100, 
    100, 100, 100, 100, 100, 100, 100, 100, 100, 100), PSO.n.evaluations = c(2500, 
    2500, 2500, 2500, 2500, 2500, 2500, 2500, 2500, 2500, 2500
    ), PSO.cpu.time = c(9852.448, 10345.999, 10585.474, 10613.3, 
    10781.532, 11161.508, 11187.452, 11816.411, 12158.874, 12491.767, 
    12887.46), RS.cost = c(9.96769, 14.88439, 8.11141, 12.89863, 
    7.68459, 5.84813, 5.95702, 3.70534, 14.94617, 2.66274, 2.58508
    ), RS.gamma = c(-6.85565, -6.57184, -5.1078, -7.10104, -6.66006, 
    -6.40289, -6.98938, -6.64578, -5.22663, -5.82714, -5.6462
    ), RS.data.balancing = c(0, 0, 0, 0, 0, 0, 0, 0, 0, 0, 0), 
    RS.feature.selection = c(0, 0, 0, 0, 0, 0, 0, 0, 0, 0, 0), 
    RS.valid.acc = c(0.85111, 0.79827, 0.80122, 0.81704, 0.83228, 
    0.83856, 0.83604, 0.85858, 0.85975, 0.86092, 0.85548), RS.test.acc = c(0.8393, 
    0.8048, 0.78539, 0.8111, 0.83188, 0.81165, 0.81592, 0.8403, 
    0.83977, 0.85539, 0.85289), RS.train.time = c(0.091, 0.0985, 
    0.111, 0.1121, 0.1235, 0.1281, 0.1319, 0.1366, 0.1712, 0.1755, 
    0.1862), RS.n.support.vectors = c(121.9, 135.1, 150.2, 151.5, 
    163.2, 174.7, 177, 193.9, 215, 220.2, 234.3), RS.index = c(226, 
    1254, 194, 144, 321, 1950, 625, 1523, 53, 857, 1313), RS.n.solutions = c(10, 
    2, 18, 7, 4, 1, 3, 1, 17, 1, 1), RS.generations = c(100, 
    100, 100, 100, 100, 100, 100, 100, 100, 100, 100), RS.n.evaluations = c(2500, 
    2500, 2500, 2500, 2500, 2500, 2500, 2500, 2500, 2500, 2500
    ), RS.cpu.time = c(9983.18, 10708.598, 10836.066, 10821.713, 
    10844.083, 11115.249, 11790.469, 12053.932, 12286.525, 12376.889, 
    12693.473), DF.cost = c(1, 1, 1, 1, 1, 1, 1, 1, 1, 1, 1), 
    DF.gamma = c(0.01111, 0.01111, 0.01111, 0.01111, 0.01111, 
    0.01111, 0.01111, 0.01111, 0.01111, 0.01111, 0.01111), DF.data.balancing = c(0, 
    0, 0, 0, 0, 0, 0, 0, 0, 0, 0), DF.feature.selection = c(0, 
    0, 0, 0, 0, 0, 0, 0, 0, 0, 0), DF.valid.acc = c(0.68776, 
    0.70311, 0.69248, 0.72927, 0.72793, 0.72034, 0.73751, 0.76543, 
    0.73699, 0.75846, 0.78602), DF.test.acc = c(0.6806, 0.70991, 
    0.69885, 0.73883, 0.74485, 0.73037, 0.71049, 0.73146, 0.74759, 
    0.74511, 0.78036), DF.train.time = c(0.0909, 0.0991, 0.1082, 
    0.1114, 0.1234, 0.1279, 0.1362, 0.1411, 0.1484, 0.1679, 0.1808
    ), DF.n.support.vectors = c(127.1, 140.4, 150.4, 163.1, 174.2, 
    186.7, 197.4, 208.9, 218.4, 229, 244.6), DF.index = c(1, 
    1, 1, 1, 1, 1, 1, 1, 1, 1, 1), DF.n.solutions = c(1, 1, 1, 
    1, 1, 1, 1, 1, 1, 1, 1), DF.generations = c(1, 1, 1, 1, 1, 
    1, 1, 1, 1, 1, 1), DF.n.evaluations = c(1, 1, 1, 1, 1, 1, 
    1, 1, 1, 1, 1), DF.cpu.time = c(3.938, 4.12, 4.304, 4.257, 
    4.348, 4.447, 4.589, 4.553, 4.684, 4.897, 4.989), SMBO.cost = c(4.34194188358728, 
    4.34194188358728, 4.34194188358728, 4.34194188358728, 4.34194188358728, 
    4.34194188358728, 4.34194188358728, 4.34194188358728, 4.34194188358728, 
    4.34194188358728, 4.34194188358728), SMBO.gamma = c(-6.29722220569616, 
    -6.29722220569616, -6.29722220569616, -6.29722220569616, 
    -6.29722220569616, -6.29722220569616, -6.29722220569616, 
    -6.29722220569616, -6.29722220569616, -6.29722220569616, 
    -6.29722220569616), SMBO.balanced.test.accuracy = c(0.853298059964727, 
    0.853298059964727, 0.853298059964727, 0.853298059964727, 
    0.853298059964727, 0.853298059964727, 0.853298059964727, 
    0.853298059964727, 0.853298059964727, 0.853298059964727, 
    0.853298059964727)), .Names = c("Sampling", "PSO.cost", "PSO.gamma", 
"PSO.data.balancing", "PSO.feature.selection", "PSO.valid.acc", 
"PSO.test.acc", "PSO.train.time", "PSO.n.support.vectors", "PSO.index", 
"PSO.n.solutions", "PSO.generations", "PSO.n.evaluations", "PSO.cpu.time", 
"RS.cost", "RS.gamma", "RS.data.balancing", "RS.feature.selection", 
"RS.valid.acc", "RS.test.acc", "RS.train.time", "RS.n.support.vectors", 
"RS.index", "RS.n.solutions", "RS.generations", "RS.n.evaluations", 
"RS.cpu.time", "DF.cost", "DF.gamma", "DF.data.balancing", "DF.feature.selection", 
"DF.valid.acc", "DF.test.acc", "DF.train.time", "DF.n.support.vectors", 
"DF.index", "DF.n.solutions", "DF.generations", "DF.n.evaluations", 
"DF.cpu.time", "SMBO.cost", "SMBO.gamma", "SMBO.balanced.test.accuracy"
), row.names = c(NA, -11L), class = "data.frame")
