new.sol <-
structure(list(Sampling = c(50, 55, 60, 65, 70, 75, 80, 85, 90, 
95, 100), PSO.cost = c(6.7603, 8.47131, 5.52159, 8.19269, 6.73369, 
11.81039, 8.56032, 9.44457, 8.62861, 2.81439, 2.90811), PSO.gamma = c(-9.09731, 
-6.84039, -8.30615, -7.11094, -7.13898, -7.39173, -7.16986, -9.80447, 
-9.59433, -5.78027, -5.90056), PSO.data.balancing = c(0, 0, 0, 
0, 0, 0, 0, 0, 0, 0, 0), PSO.feature.selection = c(0, 0, 0, 0, 
0, 0, 0, 0, 0, 0, 0), PSO.valid.acc = c(0.79366, 0.79059, 0.7935, 
0.79331, 0.84117, 0.82204, 0.8244, 0.84808, 0.84608, 0.8567, 
0.88294), PSO.test.acc = c(0.80024, 0.76213, 0.75581, 0.79581, 
0.83225, 0.79312, 0.82494, 0.8189, 0.83317, 0.85305, 0.84608), 
    PSO.train.time = c(0.0805, 0.0929, 0.0975, 0.1074, 0.1179, 
    0.1158, 0.1245, 0.1283, 0.1327, 0.1746, 0.183), PSO.n.support.vectors = c(114.2, 
    131.1, 136.9, 149.8, 162.6, 169.5, 179.5, 171.7, 179.9, 219.3, 
    230.3), PSO.index = c(83, 34, 971, 92, 90, 155, 102, 2442, 
    1484, 587, 372), PSO.n.solutions = c(356, 1123, 47, 859, 
    1220, 184, 771, 1, 24, 614, 647), PSO.generations = c(100, 
    100, 100, 100, 100, 100, 100, 100, 100, 100, 100), PSO.n.evaluations = c(2500, 
    2500, 2500, 2500, 2500, 2500, 2500, 2500, 2500, 2500, 2500
    ), PSO.cpu.time = c(8428.962, 9368.637, 9218.635, 9331.077, 
    10051.48, 9969.962, 10239.285, 10806.573, 10717.713, 11591.159, 
    11614.525), RS.cost = c(6.78664, 9.18829, 4.98978, 9.8325, 
    10.38746, 12.74371, 13.95396, 4.63766, 4.44897, 2.53837, 
    2.85041), RS.gamma = c(-9.03782, -6.70258, -8.3055, -7.13821, 
    -7.1074, -7.4053, -7.16183, -5.49539, -6.95693, -5.72498, 
    -5.84159), RS.data.balancing = c(0, 0, 0, 0, 0, 0, 0, 0, 
    0, 0, 0), RS.feature.selection = c(0, 0, 0, 0, 0, 0, 0, 0, 
    0, 0, 0), RS.valid.acc = c(0.79366, 0.79059, 0.78824, 0.79331, 
    0.84117, 0.82204, 0.8244, 0.841, 0.8499, 0.85337, 0.88294
    ), RS.test.acc = c(0.80024, 0.76213, 0.76696, 0.79581, 0.83225, 
    0.79312, 0.82494, 0.82336, 0.83607, 0.85305, 0.84608), RS.train.time = c(0.08, 
    0.0895, 0.0933, 0.1042, 0.1159, 0.1178, 0.1262, 0.1516, 0.1448, 
    0.1676, 0.1835), RS.n.support.vectors = c(114.1, 131.1, 137.9, 
    150.1, 162.5, 169.5, 179.5, 201.5, 197.3, 219.8, 231.6), 
    RS.index = c(535, 418, 2268, 393, 251, 1996, 1538, 1312, 
    611, 541, 461), RS.n.solutions = c(4, 15, 1, 5, 12, 1, 1, 
    3, 1, 3, 2), RS.generations = c(100, 100, 100, 100, 100, 
    100, 100, 100, 100, 100, 100), RS.n.evaluations = c(2500, 
    2500, 2500, 2500, 2500, 2500, 2500, 2500, 2500, 2500, 2500
    ), RS.cpu.time = c(8818.823, 9091.034, 9102.256, 9898.719, 
    10001.118, 10302.738, 10792.098, 11019.007, 11372.539, 11626.913, 
    11790.603), DF.cost = c(1, 1, 1, 1, 1, 1, 1, 1, 1, 1, 1), 
    DF.gamma = c(0.01111, 0.01111, 0.01111, 0.01111, 0.01111, 
    0.01111, 0.01111, 0.01111, 0.01111, 0.01111, 0.01111), DF.data.balancing = c(0, 
    0, 0, 0, 0, 0, 0, 0, 0, 0, 0), DF.feature.selection = c(0, 
    0, 0, 0, 0, 0, 0, 0, 0, 0, 0), DF.valid.acc = c(0.66717, 
    0.72033, 0.70786, 0.72237, 0.74223, 0.71999, 0.71714, 0.7478, 
    0.75538, 0.74297, 0.77351), DF.test.acc = c(0.6652, 0.70919, 
    0.71644, 0.69981, 0.73849, 0.72867, 0.73645, 0.75626, 0.76168, 
    0.75198, 0.77489), DF.train.time = c(0.087, 0.0919, 0.1048, 
    0.1151, 0.1224, 0.1267, 0.1393, 0.1465, 0.1537, 0.1659, 0.1748
    ), DF.n.support.vectors = c(128.8, 141, 152.9, 164.7, 175.7, 
    188.9, 198.3, 209.7, 218.7, 229, 242.9), DF.index = c(1, 
    1, 1, 1, 1, 1, 1, 1, 1, 1, 1), DF.n.solutions = c(1, 1, 1, 
    1, 1, 1, 1, 1, 1, 1, 1), DF.generations = c(1, 1, 1, 1, 1, 
    1, 1, 1, 1, 1, 1), DF.n.evaluations = c(1, 1, 1, 1, 1, 1, 
    1, 1, 1, 1, 1), DF.cpu.time = c(3.755, 3.644, 3.905, 4.072, 
    4.062, 4.17, 4.319, 4.388, 4.487, 4.691, 4.416), SMBO.cost = c(4.71622103164002, 
    4.71622103164002, 4.71622103164002, 4.71622103164002, 4.71622103164002, 
    4.71622103164002, 4.71622103164002, 4.71622103164002, 4.71622103164002, 
    4.71622103164002, 4.71622103164002), SMBO.gamma = c(-6.497708445855, 
    -6.497708445855, -6.497708445855, -6.497708445855, -6.497708445855, 
    -6.497708445855, -6.497708445855, -6.497708445855, -6.497708445855, 
    -6.497708445855, -6.497708445855), SMBO.balanced.test.accuracy = c(0.87287798621132, 
    0.87287798621132, 0.87287798621132, 0.87287798621132, 0.87287798621132, 
    0.87287798621132, 0.87287798621132, 0.87287798621132, 0.87287798621132, 
    0.87287798621132, 0.87287798621132)), .Names = c("Sampling", 
"PSO.cost", "PSO.gamma", "PSO.data.balancing", "PSO.feature.selection", 
"PSO.valid.acc", "PSO.test.acc", "PSO.train.time", "PSO.n.support.vectors", 
"PSO.index", "PSO.n.solutions", "PSO.generations", "PSO.n.evaluations", 
"PSO.cpu.time", "RS.cost", "RS.gamma", "RS.data.balancing", "RS.feature.selection", 
"RS.valid.acc", "RS.test.acc", "RS.train.time", "RS.n.support.vectors", 
"RS.index", "RS.n.solutions", "RS.generations", "RS.n.evaluations", 
"RS.cpu.time", "DF.cost", "DF.gamma", "DF.data.balancing", "DF.feature.selection", 
"DF.valid.acc", "DF.test.acc", "DF.train.time", "DF.n.support.vectors", 
"DF.index", "DF.n.solutions", "DF.generations", "DF.n.evaluations", 
"DF.cpu.time", "SMBO.cost", "SMBO.gamma", "SMBO.balanced.test.accuracy"
), row.names = c(NA, -11L), class = "data.frame")
