new.sol <-
structure(list(Sampling = c(50, 55, 60, 65, 70, 75, 80, 85, 90, 
95, 100), PSO.cost = c(2.98443, 4.16683, 4.81971, 1.08352, 4.17308, 
10.26012, 2.83706, 1.95592, 5.31261, 1.4614, 4.72019), PSO.gamma = c(-6.37645, 
-6.8499, -7.98781, -6.76129, -7.41297, -7.30433, -6.65268, -5.57748, 
-7.3936, -4.97033, -7.5872), PSO.data.balancing = c(0, 0, 0, 
0, 0, 0, 0, 0, 0, 0, 0), PSO.feature.selection = c(0, 0, 0, 0, 
0, 0, 0, 0, 0, 0, 0), PSO.valid.acc = c(0.80544, 0.78894, 0.80778, 
0.81756, 0.81105, 0.8231, 0.81443, 0.85275, 0.82936, 0.8439, 
0.85753), PSO.test.acc = c(0.78285, 0.78799, 0.79837, 0.76346, 
0.78244, 0.79909, 0.78398, 0.84547, 0.80347, 0.83422, 0.84795
), PSO.train.time = c(0.0895, 0.0969, 0.1003, 0.1058, 0.1127, 
0.1152, 0.1339, 0.1541, 0.1347, 0.1749, 0.1539), PSO.n.support.vectors = c(121.6, 
132.9, 136, 158, 155, 165.1, 180.3, 199.6, 190.5, 225.2, 209.4
), PSO.index = c(278, 1426, 715, 834, 1064, 82, 3, 1732, 1645, 
1748, 746), PSO.n.solutions = c(343, 32, 82, 102, 84, 291, 94, 
13, 46, 12, 317), PSO.generations = c(100, 100, 100, 100, 100, 
100, 100, 100, 100, 100, 100), PSO.n.evaluations = c(2500, 2500, 
2500, 2500, 2500, 2500, 2500, 2500, 2500, 2500, 2500), PSO.cpu.time = c(9302.386, 
9509.25, 9602.068, 9808.23299999999, 9994.53600000001, 10027.675, 
10275.366, 10988.229, 10501.906, 11283.491, 11045.96), RS.cost = c(1.50544, 
13.66362, 4.65684, 5.25496, 2.75794, 9.39564, 3.00421, 1.97004, 
5.73223, 8.66828, 4.87818), RS.gamma = c(-5.97069, -6.88901, 
-7.84516, -7.98846, -6.03031, -7.30437, -6.85823, -5.58378, -7.3564, 
-4.9748, -7.72929), RS.data.balancing = c(0, 0, 0, 0, 0, 0, 0, 
0, 0, 0, 0), RS.feature.selection = c(0, 0, 0, 0, 0, 0, 0, 0, 
0, 0, 0), RS.valid.acc = c(0.7998, 0.78394, 0.80302, 0.81553, 
0.8059, 0.8231, 0.81073, 0.85275, 0.81911, 0.84034, 0.8545), 
    RS.test.acc = c(0.76294, 0.79237, 0.80272, 0.7901, 0.77108, 
    0.79909, 0.78053, 0.84547, 0.80013, 0.84401, 0.84795), RS.train.time = c(0.0906, 
    0.0934, 0.0999, 0.0995, 0.1178, 0.1208, 0.1291, 0.15, 0.1421, 
    0.1749, 0.1527), RS.n.support.vectors = c(124.1, 133.7, 136.8, 
    145.8, 164.6, 165.1, 178.8, 199.6, 190.4, 224.8, 207.6), 
    RS.index = c(294, 34, 821, 2255, 2146, 1230, 814, 1729, 1266, 
    74, 2463), RS.n.solutions = c(1, 33, 1, 1, 1, 1, 1, 1, 2, 
    2, 1), RS.generations = c(100, 100, 100, 100, 100, 100, 100, 
    100, 100, 100, 100), RS.n.evaluations = c(2500, 2500, 2500, 
    2500, 2500, 2500, 2500, 2500, 2500, 2500, 2500), RS.cpu.time = c(9258.772, 
    9547.676, 9665.064, 9923.80100000001, 10068.054, 10209.054, 
    10519.666, 10855.079, 10959.507, 11214.423, 11544.813), DF.cost = c(1, 
    1, 1, 1, 1, 1, 1, 1, 1, 1, 1), DF.gamma = c(0.01111, 0.01111, 
    0.01111, 0.01111, 0.01111, 0.01111, 0.01111, 0.01111, 0.01111, 
    0.01111, 0.01111), DF.data.balancing = c(0, 0, 0, 0, 0, 0, 
    0, 0, 0, 0, 0), DF.feature.selection = c(0, 0, 0, 0, 0, 0, 
    0, 0, 0, 0, 0), DF.valid.acc = c(0.62931, 0.68028, 0.67836, 
    0.73701, 0.71289, 0.72573, 0.73161, 0.73334, 0.71614, 0.75941, 
    0.78549), DF.test.acc = c(0.65346, 0.69102, 0.71, 0.7198, 
    0.70265, 0.73451, 0.707, 0.73024, 0.72342, 0.75284, 0.78157
    ), DF.train.time = c(0.0869, 0.0932, 0.1041, 0.1107, 0.1132, 
    0.1269, 0.1336, 0.1406, 0.1492, 0.1607, 0.172), DF.n.support.vectors = c(127.5, 
    140.1, 152.3, 162.3, 173, 184, 194.5, 205.9, 218.9, 228.9, 
    244.4), DF.index = c(1, 1, 1, 1, 1, 1, 1, 1, 1, 1, 1), DF.n.solutions = c(1, 
    1, 1, 1, 1, 1, 1, 1, 1, 1, 1), DF.generations = c(1, 1, 1, 
    1, 1, 1, 1, 1, 1, 1, 1), DF.n.evaluations = c(1, 1, 1, 1, 
    1, 1, 1, 1, 1, 1, 1), DF.cpu.time = c(3.67, 3.738, 3.9, 3.98, 
    3.993, 4.035, 4.18, 4.257, 4.23, 4.462, 4.517), SMBO.cost = c(5.27417037868872, 
    5.27417037868872, 5.27417037868872, 5.27417037868872, 5.27417037868872, 
    5.27417037868872, 5.27417037868872, 5.27417037868872, 5.27417037868872, 
    5.27417037868872, 5.27417037868872), SMBO.gamma = c(-7.6987826731056, 
    -7.6987826731056, -7.6987826731056, -7.6987826731056, -7.6987826731056, 
    -7.6987826731056, -7.6987826731056, -7.6987826731056, -7.6987826731056, 
    -7.6987826731056, -7.6987826731056), SMBO.balanced.test.accuracy = c(0.839779541446208, 
    0.839779541446208, 0.839779541446208, 0.839779541446208, 
    0.839779541446208, 0.839779541446208, 0.839779541446208, 
    0.839779541446208, 0.839779541446208, 0.839779541446208, 
    0.839779541446208)), .Names = c("Sampling", "PSO.cost", "PSO.gamma", 
"PSO.data.balancing", "PSO.feature.selection", "PSO.valid.acc", 
"PSO.test.acc", "PSO.train.time", "PSO.n.support.vectors", "PSO.index", 
"PSO.n.solutions", "PSO.generations", "PSO.n.evaluations", "PSO.cpu.time", 
"RS.cost", "RS.gamma", "RS.data.balancing", "RS.feature.selection", 
"RS.valid.acc", "RS.test.acc", "RS.train.time", "RS.n.support.vectors", 
"RS.index", "RS.n.solutions", "RS.generations", "RS.n.evaluations", 
"RS.cpu.time", "DF.cost", "DF.gamma", "DF.data.balancing", "DF.feature.selection", 
"DF.valid.acc", "DF.test.acc", "DF.train.time", "DF.n.support.vectors", 
"DF.index", "DF.n.solutions", "DF.generations", "DF.n.evaluations", 
"DF.cpu.time", "SMBO.cost", "SMBO.gamma", "SMBO.balanced.test.accuracy"
), row.names = c(NA, -11L), class = "data.frame")
