new.sol <-
structure(list(Sampling = c(50, 55, 60, 65, 70, 75, 80, 85, 90, 
95, 100), PSO.cost = c(1.46917, 9.23719, 3.89858, 5.62735, 3.59091, 
4.13053, 14.46362, 0.20298, 14.67531, 5.30136, 9.33418), PSO.gamma = c(-0.44697, 
-4.45703, -1.22747, -2.18426, -0.64318, -4.95871, -6.71098, -1.63656, 
-7.0731, -4.38473, -5.53671), PSO.data.balancing = c(0, 0, 0, 
0, 0, 0, 0, 0, 0, 0, 0), PSO.feature.selection = c(0, 0, 0, 0, 
0, 0, 0, 0, 0, 0, 0), PSO.valid.acc = c(0.72957, 0.75657, 0.7263, 
0.70491, 0.72454, 0.72784, 0.77003, 0.7162, 0.72195, 0.72561, 
0.74649), PSO.test.acc = c(0.69279, 0.72286, 0.69422, 0.64769, 
0.68216, 0.70164, 0.72971, 0.69398, 0.73701, 0.68171, 0.71964
), PSO.train.time = c(0.0161, 0.0174, 0.0176, 0.0175, 0.0198, 
0.0171, 0.0496, 0.0236, 0.067, 0.024, 0.0294), PSO.n.support.vectors = c(77.2, 
67.9, 88.4, 87.1, 99.8, 99.5, 88.5, 125.9, 94.9, 118, 115.1), 
    PSO.index = c(1114, 604, 184, 283, 200, 1059, 1462, 540, 
    839, 989, 786), PSO.n.solutions = c(91, 362, 781, 195, 321, 
    113, 6, 127, 328, 59, 105), PSO.generations = c(100, 100, 
    100, 100, 100, 100, 100, 100, 100, 100, 100), PSO.n.evaluations = c(2500, 
    2500, 2500, 2500, 2500, 2500, 2500, 2500, 2500, 2500, 2500
    ), PSO.cpu.time = c(6882.142, 6818.608, 6727.446, 6676.783, 
    6753.77, 6676.03, 7438.611, 8931.675, 10034.055, 9543.83100000001, 
    9816.48699999999), RS.cost = c(1.58828, 9.11118, 3.66979, 
    5.56406, 3.76887, 4.30628, 12.00355, -0.20826, 14.78418, 
    2.73021, 5.84061), RS.gamma = c(-0.71803, -4.38185, -1.19154, 
    -2.19584, -0.90489, -5.11452, -6.89642, -1.24585, -7.10156, 
    -3.42952, -3.52849), RS.data.balancing = c(0, 0, 0, 0, 0, 
    0, 0, 0, 0, 0, 0), RS.feature.selection = c(0, 0, 0, 0, 0, 
    0, 0, 0, 0, 0, 0), RS.valid.acc = c(0.71139, 0.75657, 0.7263, 
    0.70491, 0.71788, 0.72784, 0.75954, 0.70509, 0.72195, 0.71707, 
    0.74304), RS.test.acc = c(0.69279, 0.72286, 0.69422, 0.64769, 
    0.68258, 0.70164, 0.72934, 0.69398, 0.74227, 0.67336, 0.69592
    ), RS.train.time = c(0.0161, 0.0171, 0.0175, 0.018, 0.02, 
    0.0181, 0.0286, 0.024, 0.0697, 0.0249, 0.0261), RS.n.support.vectors = c(76.8, 
    68.1, 89.2, 86.8, 97.8, 99.2, 93.7, 127.6, 95.1, 125, 121.4
    ), RS.index = c(246, 2130, 1026, 1340, 731, 117, 1156, 911, 
    1757, 2358, 2315), RS.n.solutions = c(10, 1, 1, 2, 2, 2, 
    2, 3, 1, 1, 1), RS.generations = c(100, 100, 100, 100, 100, 
    100, 100, 100, 100, 100, 100), RS.n.evaluations = c(2500, 
    2500, 2500, 2500, 2500, 2500, 2500, 2500, 2500, 2500, 2500
    ), RS.cpu.time = c(6793.309, 6807.116, 6686.385, 6738.019, 
    6723.936, 6712.216, 8930.76999999999, 8964.155, 9309.83799999999, 
    9411.94700000001, 9695.25900000002), DF.cost = c(1, 1, 1, 
    1, 1, 1, 1, 1, 1, 1, 1), DF.gamma = c(0.11111, 0.11111, 0.11111, 
    0.11111, 0.11111, 0.11111, 0.11111, 0.11111, 0.11111, 0.11111, 
    0.11111), DF.data.balancing = c(0, 0, 0, 0, 0, 0, 0, 0, 0, 
    0, 0), DF.feature.selection = c(0, 0, 0, 0, 0, 0, 0, 0, 0, 
    0, 0), DF.valid.acc = c(0.62201, 0.69796, 0.7124, 0.66747, 
    0.6692, 0.69567, 0.69492, 0.68842, 0.68966, 0.68468, 0.7039
    ), DF.test.acc = c(0.61674, 0.67951, 0.69008, 0.64762, 0.69009, 
    0.70201, 0.69529, 0.68871, 0.70043, 0.69944, 0.70453), DF.train.time = c(0.0148, 
    0.0168, 0.016, 0.0177, 0.018, 0.0189, 0.0217, 0.0231, 0.0243, 
    0.026, 0.0264), DF.n.support.vectors = c(80.9, 86.4, 94, 
    101.7, 107.3, 115.6, 124, 129.6, 135.3, 140.5, 145.6), DF.index = c(1, 
    1, 1, 1, 1, 1, 1, 1, 1, 1, 1), DF.n.solutions = c(1, 1, 1, 
    1, 1, 1, 1, 1, 1, 1, 1), DF.generations = c(1, 1, 1, 1, 1, 
    1, 1, 1, 1, 1, 1), DF.n.evaluations = c(1, 1, 1, 1, 1, 1, 
    1, 1, 1, 1, 1), DF.cpu.time = c(2.681, 2.758, 2.596, 2.633, 
    2.664, 2.659, 3.568, 3.567, 3.681, 3.722, 3.783), SMBO.cost = c(7.0118879428439, 
    7.0118879428439, 7.0118879428439, 7.0118879428439, 7.0118879428439, 
    7.0118879428439, 7.0118879428439, 7.0118879428439, 7.0118879428439, 
    7.0118879428439, 7.0118879428439), SMBO.gamma = c(-5.49856306254054, 
    -5.49856306254054, -5.49856306254054, -5.49856306254054, 
    -5.49856306254054, -5.49856306254054, -5.49856306254054, 
    -5.49856306254054, -5.49856306254054, -5.49856306254054, 
    -5.49856306254054), SMBO.balanced.test.accuracy = c(0.768346181109339, 
    0.768346181109339, 0.768346181109339, 0.768346181109339, 
    0.768346181109339, 0.768346181109339, 0.768346181109339, 
    0.768346181109339, 0.768346181109339, 0.768346181109339, 
    0.768346181109339)), .Names = c("Sampling", "PSO.cost", "PSO.gamma", 
"PSO.data.balancing", "PSO.feature.selection", "PSO.valid.acc", 
"PSO.test.acc", "PSO.train.time", "PSO.n.support.vectors", "PSO.index", 
"PSO.n.solutions", "PSO.generations", "PSO.n.evaluations", "PSO.cpu.time", 
"RS.cost", "RS.gamma", "RS.data.balancing", "RS.feature.selection", 
"RS.valid.acc", "RS.test.acc", "RS.train.time", "RS.n.support.vectors", 
"RS.index", "RS.n.solutions", "RS.generations", "RS.n.evaluations", 
"RS.cpu.time", "DF.cost", "DF.gamma", "DF.data.balancing", "DF.feature.selection", 
"DF.valid.acc", "DF.test.acc", "DF.train.time", "DF.n.support.vectors", 
"DF.index", "DF.n.solutions", "DF.generations", "DF.n.evaluations", 
"DF.cpu.time", "SMBO.cost", "SMBO.gamma", "SMBO.balanced.test.accuracy"
), row.names = c(NA, -11L), class = "data.frame")
