new.sol <-
structure(list(Sampling = c(50, 55, 60, 65, 70, 75, 80, 85, 90, 
95, 100), PSO.cost = c(6.16015, 9.87357, 2.91765, 2.17912, 4.70497, 
9.92417, 11.91739, 11.2607, 9.42734, 9.4469, 7.48586), PSO.gamma = c(-10.60816, 
-14.37373, -7.48282, -7.54286, -10.07592, -14.22992, -14.12494, 
-14.29148, -11.27277, -13.02527, -9.12049), PSO.data.balancing = c(0, 
0, 0, 0, 0, 0, 0, 0, 0, 0, 0), PSO.feature.selection = c(0, 0, 
0, 0, 0, 0, 0, 0, 0, 0, 0), PSO.valid.acc = c(0.38, 0.36726, 
0.39143, 0.43321, 0.42303, 0.39152, 0.36382, 0.35421, 0.35548, 
0.40957, 0.41905), PSO.test.acc = c(0.35321, 0.37659, 0.38321, 
0.3928, 0.37949, 0.29717, 0.34488, 0.30778, 0.33907, 0.34179, 
0.38879), PSO.train.time = c(0.0144, 0.0138, 0.0145, 0.0155, 
0.0175, 0.0159, 0.0185, 0.0179, 0.0272, 0.02, 0.0261), PSO.n.support.vectors = c(58.4, 
63.9, 69.6, 75.2, 80.8, 85.9, 90, 96.2, 101.1, 107.2, 113), PSO.index = c(315, 
326, 388, 54, 131, 739, 1866, 284, 42, 484, 441), PSO.n.solutions = c(44, 
116, 72, 40, 52, 19, 1, 63, 98, 10, 47), PSO.generations = c(100, 
100, 100, 100, 100, 100, 100, 100, 100, 100, 100), PSO.n.evaluations = c(2500, 
2500, 2500, 2500, 2500, 2500, 2500, 2500, 2500, 2500, 2500), 
    PSO.cpu.time = c(7008.561, 7255.566, 7222.449, 7570.31800000001, 
    7611.02300000001, 6942.031, 7449.15699999999, 7093.22900000001, 
    7134.249, 7030.00199999999, 7355.29499999998), RS.cost = c(8.58782, 
    2.52296, 1.30381, 6.5909, 8.82554, 6.91225, 11.1689, 10.64878, 
    7.53464, 11.83891, 4.82693), RS.gamma = c(-13.05129, -5.90849, 
    -5.90667, -12.08621, -14.16203, -11.20795, -13.38331, -13.64129, 
    -9.4005, -14.93288, -6.36572), RS.data.balancing = c(0, 0, 
    0, 0, 0, 0, 0, 0, 0, 0, 0), RS.feature.selection = c(0, 0, 
    0, 0, 0, 0, 0, 0, 0, 0, 0), RS.valid.acc = c(0.38, 0.37183, 
    0.39254, 0.42412, 0.42303, 0.39152, 0.35473, 0.35421, 0.35548, 
    0.40366, 0.41816), RS.test.acc = c(0.35321, 0.35754, 0.36321, 
    0.3928, 0.3704, 0.29717, 0.34488, 0.30778, 0.33073, 0.38972, 
    0.39545), RS.train.time = c(0.0133, 0.0143, 0.0151, 0.0152, 
    0.0155, 0.017, 0.0197, 0.018, 0.0236, 0.0187, 0.0216), RS.n.support.vectors = c(58.4, 
    63.7, 69.6, 75.2, 80.8, 85.8, 90, 96.2, 100.9, 106.3, 113.3
    ), RS.index = c(217, 1983, 1129, 1213, 977, 1694, 788, 1849, 
    677, 998, 127), RS.n.solutions = c(5, 1, 1, 2, 4, 2, 1, 1, 
    11, 1, 3), RS.generations = c(100, 100, 100, 100, 100, 100, 
    100, 100, 100, 100, 100), RS.n.evaluations = c(2500, 2500, 
    2500, 2500, 2500, 2500, 2500, 2500, 2500, 2500, 2500), RS.cpu.time = c(7137.043, 
    7385.571, 7551.162, 7566.02, 7351.38799999999, 7185.95600000001, 
    7221.16399999999, 7040.18700000001, 6981.10799999999, 7173.59299999999, 
    7278.13999999998), DF.cost = c(1, 1, 1, 1, 1, 1, 1, 1, 1, 
    1, 1), DF.gamma = c(0.14286, 0.14286, 0.14286, 0.14286, 0.14286, 
    0.14286, 0.14286, 0.14286, 0.14286, 0.14286, 0.14286), DF.data.balancing = c(0, 
    0, 0, 0, 0, 0, 0, 0, 0, 0, 0), DF.feature.selection = c(0, 
    0, 0, 0, 0, 0, 0, 0, 0, 0, 0), DF.valid.acc = c(0.31762, 
    0.24385, 0.24063, 0.32121, 0.31515, 0.25904, 0.27424, 0.23895, 
    0.2631, 0.30958, 0.32143), DF.test.acc = c(0.26714, 0.25952, 
    0.27675, 0.3101, 0.27798, 0.27924, 0.26753, 0.2166, 0.27739, 
    0.32082, 0.32629), DF.train.time = c(0.0147, 0.015, 0.0178, 
    0.0157, 0.0168, 0.017, 0.0173, 0.0178, 0.0184, 0.0193, 0.0203
    ), DF.n.support.vectors = c(58.4, 63.9, 69.5, 75, 80.5, 86, 
    91.6, 97.2, 102.8, 107.8, 115.9), DF.index = c(1, 1, 1, 1, 
    1, 1, 1, 1, 1, 1, 1), DF.n.solutions = c(1, 1, 1, 1, 1, 1, 
    1, 1, 1, 1, 1), DF.generations = c(1, 1, 1, 1, 1, 1, 1, 1, 
    1, 1, 1), DF.n.evaluations = c(1, 1, 1, 1, 1, 1, 1, 1, 1, 
    1, 1), DF.cpu.time = c(2.896, 2.883, 3.031, 3.054, 2.797, 
    2.86, 2.815, 2.767, 2.793, 2.886, 2.912), SMBO.cost = c(2.79021996114752, 
    2.79021996114752, 2.79021996114752, 2.79021996114752, 2.79021996114752, 
    2.79021996114752, 2.79021996114752, 2.79021996114752, 2.79021996114752, 
    2.79021996114752, 2.79021996114752), SMBO.gamma = c(-5.85640563824913, 
    -5.85640563824913, -5.85640563824913, -5.85640563824913, 
    -5.85640563824913, -5.85640563824913, -5.85640563824913, 
    -5.85640563824913, -5.85640563824913, -5.85640563824913, 
    -5.85640563824913), SMBO.balanced.test.accuracy = c(0.403095238095238, 
    0.403095238095238, 0.403095238095238, 0.403095238095238, 
    0.403095238095238, 0.403095238095238, 0.403095238095238, 
    0.403095238095238, 0.403095238095238, 0.403095238095238, 
    0.403095238095238)), .Names = c("Sampling", "PSO.cost", "PSO.gamma", 
"PSO.data.balancing", "PSO.feature.selection", "PSO.valid.acc", 
"PSO.test.acc", "PSO.train.time", "PSO.n.support.vectors", "PSO.index", 
"PSO.n.solutions", "PSO.generations", "PSO.n.evaluations", "PSO.cpu.time", 
"RS.cost", "RS.gamma", "RS.data.balancing", "RS.feature.selection", 
"RS.valid.acc", "RS.test.acc", "RS.train.time", "RS.n.support.vectors", 
"RS.index", "RS.n.solutions", "RS.generations", "RS.n.evaluations", 
"RS.cpu.time", "DF.cost", "DF.gamma", "DF.data.balancing", "DF.feature.selection", 
"DF.valid.acc", "DF.test.acc", "DF.train.time", "DF.n.support.vectors", 
"DF.index", "DF.n.solutions", "DF.generations", "DF.n.evaluations", 
"DF.cpu.time", "SMBO.cost", "SMBO.gamma", "SMBO.balanced.test.accuracy"
), row.names = c(NA, -11L), class = "data.frame")
