new.sol <-
structure(list(Sampling = c(50, 55, 60, 65, 70, 75, 80, 85, 90, 
95, 100), PSO.cost = c(8.57487, 6.45306, 9.3006, 6.58308, 5.18276, 
9.71634, 6.76739, 2.74245, 3.24029, 4.26501, 11.46407), PSO.gamma = c(-13.08278, 
-12.06067, -12.06244, -10.64487, -9.20046, -14.40723, -11.73424, 
-8.28742, -9.31181, -10.41218, -13.53649), PSO.data.balancing = c(0, 
0, 0, 0, 0, 0, 0, 0, 0, 0, 0), PSO.feature.selection = c(0, 0, 
0, 0, 0, 0, 0, 0, 0, 0, 0), PSO.valid.acc = c(0.32643, 0.34361, 
0.3123, 0.3749, 0.33141, 0.33747, 0.3971, 0.35442, 0.37857, 0.38572, 
0.42596), PSO.test.acc = c(0.25964, 0.3225, 0.31147, 0.29199, 
0.29111, 0.33782, 0.34304, 0.34609, 0.32243, 0.36477, 0.4075), 
    PSO.train.time = c(0.0148, 0.0139, 0.016, 0.0163, 0.0166, 
    0.0167, 0.0193, 0.0176, 0.0179, 0.0192, 0.0289), PSO.n.support.vectors = c(58.3, 
    63.9, 68.3, 74.9, 79.9, 86.1, 91.7, 97.1, 103, 108.6, 113.8
    ), PSO.index = c(566, 91, 258, 137, 119, 541, 232, 337, 152, 
    8, 855), PSO.n.solutions = c(14, 81, 57, 181, 86, 26, 111, 
    13, 87, 86, 66), PSO.generations = c(100, 100, 100, 100, 
    100, 100, 100, 100, 100, 100, 100), PSO.n.evaluations = c(2500, 
    2500, 2500, 2500, 2500, 2500, 2500, 2500, 2500, 2500, 2500
    ), PSO.cpu.time = c(7013.749, 7185.311, 7382.327, 7433.301, 
    7355.795, 7454.13100000001, 7393.96299999999, 7486.04000000001, 
    7163.88799999999, 7361.37299999999, 7479.36299999998), RS.cost = c(9.04988, 
    9.3394, 10.70153, 10.95569, 8.89713, 10.03594, 3.8537, 10.11528, 
    7.56776, 3.57091, 11.6642), RS.gamma = c(-13.89429, -14.954, 
    -13.54821, -14.97216, -12.89209, -14.73837, -8.7423, -13.9278, 
    -13.66809, -9.71904, -13.73258), RS.data.balancing = c(0, 
    0, 0, 0, 0, 0, 0, 0, 0, 0, 0), RS.feature.selection = c(0, 
    0, 0, 0, 0, 0, 0, 0, 0, 0, 0), RS.valid.acc = c(0.32464, 
    0.34361, 0.30119, 0.3749, 0.33141, 0.32977, 0.3971, 0.34838, 
    0.37857, 0.38572, 0.42596), RS.test.acc = c(0.26214, 0.31, 
    0.30036, 0.27949, 0.29111, 0.33782, 0.34304, 0.34868, 0.32243, 
    0.36477, 0.40125), RS.train.time = c(0.0144, 0.0151, 0.0158, 
    0.0155, 0.0165, 0.0175, 0.0175, 0.0194, 0.0179, 0.0192, 0.0266
    ), RS.n.support.vectors = c(58.4, 63.9, 68.3, 74.9, 79.8, 
    86.1, 91.6, 96.4, 102.9, 108.6, 114), RS.index = c(344, 722, 
    85, 311, 1271, 1592, 121, 248, 91, 195, 2258), RS.n.solutions = c(1, 
    1, 15, 12, 2, 1, 9, 1, 1, 15, 1), RS.generations = c(100, 
    100, 100, 100, 100, 100, 100, 100, 100, 100, 100), RS.n.evaluations = c(2500, 
    2500, 2500, 2500, 2500, 2500, 2500, 2500, 2500, 2500, 2500
    ), RS.cpu.time = c(7194.272, 7231.688, 7429.805, 7350.865, 
    7337.359, 7421.77899999999, 7320.753, 7438.68800000001, 7361.3, 
    7355.82200000001, 7283.64299999998), DF.cost = c(1, 1, 1, 
    1, 1, 1, 1, 1, 1, 1, 1), DF.gamma = c(0.14286, 0.14286, 0.14286, 
    0.14286, 0.14286, 0.14286, 0.14286, 0.14286, 0.14286, 0.14286, 
    0.14286), DF.data.balancing = c(0, 0, 0, 0, 0, 0, 0, 0, 0, 
    0, 0), DF.feature.selection = c(0, 0, 0, 0, 0, 0, 0, 0, 0, 
    0, 0), DF.valid.acc = c(0.26036, 0.24444, 0.25647, 0.24518, 
    0.22465, 0.23397, 0.27855, 0.2848, 0.25405, 0.24746, 0.30681
    ), DF.test.acc = c(0.25036, 0.2475, 0.26468, 0.2254, 0.22778, 
    0.24698, 0.27833, 0.2559, 0.24661, 0.25837, 0.3025), DF.train.time = c(0.0138, 
    0.0147, 0.0154, 0.0162, 0.0167, 0.0169, 0.0175, 0.0188, 0.0194, 
    0.0193, 0.0207), DF.n.support.vectors = c(58.4, 63.8, 69.2, 
    75.2, 80.7, 86.2, 91.4, 96.7, 102.3, 108.3, 116.2), DF.index = c(1, 
    1, 1, 1, 1, 1, 1, 1, 1, 1, 1), DF.n.solutions = c(1, 1, 1, 
    1, 1, 1, 1, 1, 1, 1, 1), DF.generations = c(1, 1, 1, 1, 1, 
    1, 1, 1, 1, 1, 1), DF.n.evaluations = c(1, 1, 1, 1, 1, 1, 
    1, 1, 1, 1, 1), DF.cpu.time = c(2.761, 2.872, 2.96, 2.962, 
    3.01, 2.879, 2.891, 2.942, 2.945, 2.837, 2.896), SMBO.cost = c(1.79476226057159, 
    1.79476226057159, 1.79476226057159, 1.79476226057159, 1.79476226057159, 
    1.79476226057159, 1.79476226057159, 1.79476226057159, 1.79476226057159, 
    1.79476226057159, 1.79476226057159), SMBO.gamma = c(-3.8954445850983, 
    -3.8954445850983, -3.8954445850983, -3.8954445850983, -3.8954445850983, 
    -3.8954445850983, -3.8954445850983, -3.8954445850983, -3.8954445850983, 
    -3.8954445850983, -3.8954445850983), SMBO.balanced.test.accuracy = c(0.430555555555556, 
    0.430555555555556, 0.430555555555556, 0.430555555555556, 
    0.430555555555556, 0.430555555555556, 0.430555555555556, 
    0.430555555555556, 0.430555555555556, 0.430555555555556, 
    0.430555555555556)), .Names = c("Sampling", "PSO.cost", "PSO.gamma", 
"PSO.data.balancing", "PSO.feature.selection", "PSO.valid.acc", 
"PSO.test.acc", "PSO.train.time", "PSO.n.support.vectors", "PSO.index", 
"PSO.n.solutions", "PSO.generations", "PSO.n.evaluations", "PSO.cpu.time", 
"RS.cost", "RS.gamma", "RS.data.balancing", "RS.feature.selection", 
"RS.valid.acc", "RS.test.acc", "RS.train.time", "RS.n.support.vectors", 
"RS.index", "RS.n.solutions", "RS.generations", "RS.n.evaluations", 
"RS.cpu.time", "DF.cost", "DF.gamma", "DF.data.balancing", "DF.feature.selection", 
"DF.valid.acc", "DF.test.acc", "DF.train.time", "DF.n.support.vectors", 
"DF.index", "DF.n.solutions", "DF.generations", "DF.n.evaluations", 
"DF.cpu.time", "SMBO.cost", "SMBO.gamma", "SMBO.balanced.test.accuracy"
), row.names = c(NA, -11L), class = "data.frame")
