new.sol <-
structure(list(Sampling = c(50, 55, 60, 65, 70, 75, 80, 85, 90, 
95, 100), PSO.cost = c(2.38647, 6.72765, 2.13521, 3.77058, 6.95809, 
12.86309, -0.74808, 7.84073, 7.55908, 12.39301, -0.35431), PSO.gamma = c(-7.3153, 
-9.79938, -3.70181, -4.7717, -6.96087, -13.85855, -2.4539, -7.48476, 
-11.08441, -15, -1.18802), PSO.data.balancing = c(0, 0, 0, 0, 
0, 0, 0, 0, 0, 0, 0), PSO.feature.selection = c(0, 0, 0, 0, 0, 
0, 0, 0, 0, 0, 0), PSO.valid.acc = c(0.87855, 0.89486, 0.88181, 
0.88269, 0.88034, 0.87368, 0.88612, 0.89123, 0.87434, 0.86958, 
0.88734), PSO.test.acc = c(0.84767, 0.8896, 0.87631, 0.87339, 
0.86362, 0.84871, 0.86724, 0.87014, 0.8712, 0.86619, 0.88136), 
    PSO.train.time = c(0.0162, 0.0147, 0.0158, 0.0164, 0.0179, 
    0.0186, 0.0229, 0.0213, 0.0232, 0.0234, 0.0328), PSO.n.support.vectors = c(90.2, 
    72.6, 76, 75.4, 79.3, 84.1, 122.8, 87.5, 123.4, 116.4, 151.4
    ), PSO.index = c(387, 41, 162, 840, 322, 388, 591, 1942, 
    261, 286, 201), PSO.n.solutions = c(26, 311, 56, 49, 343, 
    90, 279, 3, 81, 57, 531), PSO.generations = c(100, 100, 100, 
    100, 100, 100, 100, 100, 100, 100, 100), PSO.n.evaluations = c(2500, 
    2500, 2500, 2500, 2500, 2500, 2500, 2500, 2500, 2500, 2500
    ), PSO.cpu.time = c(6201.34, 6328.617, 6221.759, 6024.576, 
    6205.751, 6277.518, 6359.40300000001, 6386.66799999999, 6329.243, 
    6349.91100000001, 6614.41800000001), RS.cost = c(1.97519, 
    10.57772, 2.11621, 6.49988, 1.9241, 10.50279, 2.04883, 7.90297, 
    5.26682, 2.77635, -0.33597), RS.gamma = c(-6.87639, -13.8325, 
    -3.72088, -9.0703, -1.19101, -11.45772, -2.93755, -7.52604, 
    -8.73809, -4.22578, -1.10534), RS.data.balancing = c(0, 0, 
    0, 0, 0, 0, 0, 0, 0, 0, 0), RS.feature.selection = c(0, 0, 
    0, 0, 0, 0, 0, 0, 0, 0, 0), RS.valid.acc = c(0.87855, 0.89486, 
    0.88181, 0.88704, 0.87631, 0.87368, 0.88552, 0.89123, 0.87434, 
    0.86967, 0.88734), RS.test.acc = c(0.84767, 0.8896, 0.87631, 
    0.86408, 0.87575, 0.85288, 0.8628, 0.87014, 0.8712, 0.86315, 
    0.88136), RS.train.time = c(0.0156, 0.0147, 0.0151, 0.0157, 
    0.0227, 0.0181, 0.0201, 0.0202, 0.024, 0.0256, 0.0324), RS.n.support.vectors = c(90.6, 
    74.3, 76.2, 79.8, 116.5, 84.2, 99.4, 87.4, 124.1, 113.2, 
    152.6), RS.index = c(361, 296, 2495, 954, 547, 1301, 1800, 
    775, 173, 2218, 894), RS.n.solutions = c(2, 17, 1, 1, 1, 
    1, 1, 1, 9, 2, 5), RS.generations = c(100, 100, 100, 100, 
    100, 100, 100, 100, 100, 100, 100), RS.n.evaluations = c(2500, 
    2500, 2500, 2500, 2500, 2500, 2500, 2500, 2500, 2500, 2500
    ), RS.cpu.time = c(6224.642, 6167.409, 6062.285, 6045.814, 
    6421.111, 6383.171, 6440.64700000001, 6360.90100000001, 6595.96900000001, 
    6754.02800000001, 6789.492), DF.cost = c(1, 1, 1, 1, 1, 1, 
    1, 1, 1, 1, 1), DF.gamma = c(0.14286, 0.14286, 0.14286, 0.14286, 
    0.14286, 0.14286, 0.14286, 0.14286, 0.14286, 0.14286, 0.14286
    ), DF.data.balancing = c(0, 0, 0, 0, 0, 0, 0, 0, 0, 0, 0), 
    DF.feature.selection = c(0, 0, 0, 0, 0, 0, 0, 0, 0, 0, 0), 
    DF.valid.acc = c(0.84204, 0.85244, 0.86222, 0.8643, 0.86815, 
    0.86105, 0.87455, 0.87692, 0.86786, 0.86066, 0.87198), DF.test.acc = c(0.84829, 
    0.86325, 0.85695, 0.85995, 0.85963, 0.84888, 0.85979, 0.86977, 
    0.86819, 0.86628, 0.86904), DF.train.time = c(0.0149, 0.016, 
    0.0157, 0.017, 0.021, 0.0202, 0.0212, 0.0225, 0.0241, 0.027, 
    0.029), DF.n.support.vectors = c(78.3, 82.1, 86.5, 94.5, 
    104.2, 109.2, 112.5, 118.4, 127.8, 132.3, 135.4), DF.index = c(1, 
    1, 1, 1, 1, 1, 1, 1, 1, 1, 1), DF.n.solutions = c(1, 1, 1, 
    1, 1, 1, 1, 1, 1, 1, 1), DF.generations = c(1, 1, 1, 1, 1, 
    1, 1, 1, 1, 1, 1), DF.n.evaluations = c(1, 1, 1, 1, 1, 1, 
    1, 1, 1, 1, 1), DF.cpu.time = c(2.483, 2.462, 2.309, 2.354, 
    2.576, 2.474, 2.52, 2.531, 2.432, 2.625, 2.716), SMBO.cost = c(11.565422820151, 
    11.565422820151, 11.565422820151, 11.565422820151, 11.565422820151, 
    11.565422820151, 11.565422820151, 11.565422820151, 11.565422820151, 
    11.565422820151, 11.565422820151), SMBO.gamma = c(-13.6516457133056, 
    -13.6516457133056, -13.6516457133056, -13.6516457133056, 
    -13.6516457133056, -13.6516457133056, -13.6516457133056, 
    -13.6516457133056, -13.6516457133056, -13.6516457133056, 
    -13.6516457133056), SMBO.balanced.test.accuracy = c(0.819651834663889, 
    0.819651834663889, 0.819651834663889, 0.819651834663889, 
    0.819651834663889, 0.819651834663889, 0.819651834663889, 
    0.819651834663889, 0.819651834663889, 0.819651834663889, 
    0.819651834663889)), .Names = c("Sampling", "PSO.cost", "PSO.gamma", 
"PSO.data.balancing", "PSO.feature.selection", "PSO.valid.acc", 
"PSO.test.acc", "PSO.train.time", "PSO.n.support.vectors", "PSO.index", 
"PSO.n.solutions", "PSO.generations", "PSO.n.evaluations", "PSO.cpu.time", 
"RS.cost", "RS.gamma", "RS.data.balancing", "RS.feature.selection", 
"RS.valid.acc", "RS.test.acc", "RS.train.time", "RS.n.support.vectors", 
"RS.index", "RS.n.solutions", "RS.generations", "RS.n.evaluations", 
"RS.cpu.time", "DF.cost", "DF.gamma", "DF.data.balancing", "DF.feature.selection", 
"DF.valid.acc", "DF.test.acc", "DF.train.time", "DF.n.support.vectors", 
"DF.index", "DF.n.solutions", "DF.generations", "DF.n.evaluations", 
"DF.cpu.time", "SMBO.cost", "SMBO.gamma", "SMBO.balanced.test.accuracy"
), row.names = c(NA, -11L), class = "data.frame")
