new.sol <-
structure(list(Sampling = c(50, 55, 60, 65, 70, 75, 80, 85, 90, 
95, 100), PSO.cost = c(3.75836, 6.80237, 0.85626, 0.38369, 1.74589, 
5.63326, 2.58707, 4.28938, 6.54737, 5.80132, -0.35319), PSO.gamma = c(-6.79442, 
-11.15251, -1.91877, -2.31361, -3.70412, -9.42557, -6.48461, 
-3.88115, -8.57809, -7.77545, -1.09648), PSO.data.balancing = c(0, 
0, 0, 0, 0, 0, 0, 0, 0, 0, 0), PSO.feature.selection = c(0, 0, 
0, 0, 0, 0, 0, 0, 0, 0, 0), PSO.valid.acc = c(0.83787, 0.84507, 
0.84169, 0.84413, 0.85256, 0.86321, 0.87822, 0.87275, 0.88195, 
0.88468, 0.88339), PSO.test.acc = c(0.82087, 0.81276, 0.8227, 
0.82511, 0.8529, 0.85951, 0.85729, 0.86571, 0.86537, 0.85925, 
0.87775), PSO.train.time = c(0.018, 0.0165, 0.0197, 0.0204, 0.0223, 
0.0239, 0.025, 0.0249, 0.0271, 0.0272, 0.0371), PSO.n.support.vectors = c(80.8, 
93.9, 96.1, 102.2, 97.2, 115.7, 124.4, 101.1, 108.6, 112.2, 154.4
), PSO.index = c(388, 401, 1043, 1035, 1890, 686, 1054, 327, 
908, 316, 2320), PSO.n.solutions = c(31, 65, 244, 62, 1, 49, 
38, 62, 36, 135, 1), PSO.generations = c(100, 100, 100, 100, 
100, 100, 100, 100, 100, 100, 100), PSO.n.evaluations = c(2500, 
2500, 2500, 2500, 2500, 2500, 2500, 2500, 2500, 2500, 2500), 
    PSO.cpu.time = c(6543.697, 6579.851, 6181.784, 6395.277, 
    8652.057, 8900.643, 9011.63400000001, 9085.41800000001, 9045.37499999999, 
    8997.59000000003, 9100.481), RS.cost = c(3.12157, 4.75542, 
    2.37147, 0.88292, 0.11914, 3.53848, 2.60525, 1.16281, 6.37984, 
    6.11696, -0.73751), RS.gamma = c(-6.11304, -9.1052, -2.84735, 
    -2.80725, -2.12595, -7.32893, -6.46849, -2.42346, -8.3991, 
    -8.07454, -1.81469), RS.data.balancing = c(0, 0, 0, 0, 0, 
    0, 0, 0, 0, 0, 0), RS.feature.selection = c(0, 0, 0, 0, 0, 
    0, 0, 0, 0, 0, 0), RS.valid.acc = c(0.83231, 0.84507, 0.84102, 
    0.83997, 0.8529, 0.86321, 0.87422, 0.86952, 0.88195, 0.88468, 
    0.88642), RS.test.acc = c(0.82087, 0.81276, 0.83174, 0.82532, 
    0.8529, 0.85951, 0.85372, 0.86952, 0.86537, 0.86248, 0.87752
    ), RS.train.time = c(0.0154, 0.0183, 0.0178, 0.0192, 0.0215, 
    0.0244, 0.0258, 0.0263, 0.0268, 0.0279, 0.0349), RS.n.support.vectors = c(81.6, 
    94, 86.3, 97.5, 106.4, 115.2, 124.1, 116.2, 108.6, 112.6, 
    148.4), RS.index = c(1117, 75, 1679, 64, 1337, 24, 523, 963, 
    884, 375, 487), RS.n.solutions = c(2, 10, 1, 4, 3, 2, 2, 
    2, 1, 2, 1), RS.generations = c(100, 100, 100, 100, 100, 
    100, 100, 100, 100, 100, 100), RS.n.evaluations = c(2500, 
    2500, 2500, 2500, 2500, 2500, 2500, 2500, 2500, 2500, 2500
    ), RS.cpu.time = c(6595.917, 6632.661, 6312.478, 7268.879, 
    8726.62299999999, 9072.932, 9165.70999999999, 9222.959, 9208.70800000001, 
    9263.85000000001, 9317.758), DF.cost = c(1, 1, 1, 1, 1, 1, 
    1, 1, 1, 1, 1), DF.gamma = c(0.14286, 0.14286, 0.14286, 0.14286, 
    0.14286, 0.14286, 0.14286, 0.14286, 0.14286, 0.14286, 0.14286
    ), DF.data.balancing = c(0, 0, 0, 0, 0, 0, 0, 0, 0, 0, 0), 
    DF.feature.selection = c(0, 0, 0, 0, 0, 0, 0, 0, 0, 0, 0), 
    DF.valid.acc = c(0.82087, 0.81861, 0.81184, 0.82155, 0.84401, 
    0.85504, 0.85605, 0.85926, 0.86893, 0.87158, 0.87115), DF.test.acc = c(0.82643, 
    0.81885, 0.81356, 0.82056, 0.84421, 0.85904, 0.87117, 0.86222, 
    0.86548, 0.86248, 0.86831), DF.train.time = c(0.0172, 0.0167, 
    0.0176, 0.0218, 0.0218, 0.0241, 0.0256, 0.0264, 0.029, 0.03, 
    0.0312), DF.n.support.vectors = c(86.2, 91.9, 99.2, 102.7, 
    106.2, 112.7, 119.1, 123.4, 129.7, 132.7, 133.8), DF.index = c(1, 
    1, 1, 1, 1, 1, 1, 1, 1, 1, 1), DF.n.solutions = c(1, 1, 1, 
    1, 1, 1, 1, 1, 1, 1, 1), DF.generations = c(1, 1, 1, 1, 1, 
    1, 1, 1, 1, 1, 1), DF.n.evaluations = c(1, 1, 1, 1, 1, 1, 
    1, 1, 1, 1, 1), DF.cpu.time = c(2.646, 2.6, 2.407, 3.515, 
    3.31, 3.573, 3.582, 3.607, 3.604, 3.616, 3.629), SMBO.cost = c(8.24727849167107, 
    8.24727849167107, 8.24727849167107, 8.24727849167107, 8.24727849167107, 
    8.24727849167107, 8.24727849167107, 8.24727849167107, 8.24727849167107, 
    8.24727849167107, 8.24727849167107), SMBO.gamma = c(-11.6023406765818, 
    -11.6023406765818, -11.6023406765818, -11.6023406765818, 
    -11.6023406765818, -11.6023406765818, -11.6023406765818, 
    -11.6023406765818, -11.6023406765818, -11.6023406765818, 
    -11.6023406765818), SMBO.balanced.test.accuracy = c(0.795962448404309, 
    0.795962448404309, 0.795962448404309, 0.795962448404309, 
    0.795962448404309, 0.795962448404309, 0.795962448404309, 
    0.795962448404309, 0.795962448404309, 0.795962448404309, 
    0.795962448404309)), .Names = c("Sampling", "PSO.cost", "PSO.gamma", 
"PSO.data.balancing", "PSO.feature.selection", "PSO.valid.acc", 
"PSO.test.acc", "PSO.train.time", "PSO.n.support.vectors", "PSO.index", 
"PSO.n.solutions", "PSO.generations", "PSO.n.evaluations", "PSO.cpu.time", 
"RS.cost", "RS.gamma", "RS.data.balancing", "RS.feature.selection", 
"RS.valid.acc", "RS.test.acc", "RS.train.time", "RS.n.support.vectors", 
"RS.index", "RS.n.solutions", "RS.generations", "RS.n.evaluations", 
"RS.cpu.time", "DF.cost", "DF.gamma", "DF.data.balancing", "DF.feature.selection", 
"DF.valid.acc", "DF.test.acc", "DF.train.time", "DF.n.support.vectors", 
"DF.index", "DF.n.solutions", "DF.generations", "DF.n.evaluations", 
"DF.cpu.time", "SMBO.cost", "SMBO.gamma", "SMBO.balanced.test.accuracy"
), row.names = c(NA, -11L), class = "data.frame")
