new.sol <-
structure(list(Sampling = c(50, 55, 60, 65, 70, 75, 80, 85, 90, 
95, 100), PSO.cost = c(9.66083, 2.61428, 10.99858, 7.05495, 10.38633, 
6.3711, 0.41435, 4.09301, 1.50251, -0.21529, 0.09008), PSO.gamma = c(-11.64411, 
-4.51036, -12.87485, -6.04569, -8.59294, -8.43789, -3.54193, 
-7.89356, -3.16636, -0.09734, -2.32888), PSO.data.balancing = c(0, 
0, 0, 0, 0, 0, 0, 0, 0, 0, 0), PSO.feature.selection = c(0, 0, 
0, 0, 0, 0, 0, 0, 0, 0, 0), PSO.valid.acc = c(0.89873, 0.89243, 
0.88703, 0.9001, 0.89976, 0.90225, 0.90765, 0.88847, 0.8902, 
0.88514, 0.87965), PSO.test.acc = c(0.88697, 0.87691, 0.89184, 
0.88208, 0.89153, 0.8822, 0.9001, 0.88132, 0.87362, 0.84759, 
0.8825), PSO.train.time = c(0.0144, 0.0172, 0.017, 0.018, 0.0188, 
0.0197, 0.0216, 0.0235, 0.024, 0.0385, 0.0284), PSO.n.support.vectors = c(63.5, 
72.8, 69.3, 66.7, 66.4, 83.9, 112.1, 116.4, 109.2, 171.9, 134.8
), PSO.index = c(65, 218, 336, 2297, 172, 149, 1322, 664, 666, 
1180, 536), PSO.n.solutions = c(146, 145, 62, 2, 199, 183, 19, 
70, 205, 188, 115), PSO.generations = c(100, 100, 100, 100, 100, 
100, 100, 100, 100, 100, 100), PSO.n.evaluations = c(2500, 2500, 
2500, 2500, 2500, 2500, 2500, 2500, 2500, 2500, 2500), PSO.cpu.time = c(6264.98, 
6425.882, 6250.2, 6354.408, 6311.279, 6270.29699999999, 6359.28599999999, 
6429.83900000001, 6530.442, 6754.351, 6590.93400000001), RS.cost = c(11.13324, 
2.841, 9.36467, 6.88135, 10.07621, 5.92795, 0.47308, 3.20446, 
1.02098, -0.51193, 0.07926), RS.gamma = c(-13.09221, -4.66528, 
-11.12612, -5.99012, -8.41285, -8.00858, -3.62294, -7.12632, 
-2.69559, -0.62735, -2.42249), RS.data.balancing = c(0, 0, 0, 
0, 0, 0, 0, 0, 0, 0, 0), RS.feature.selection = c(0, 0, 0, 0, 
0, 0, 0, 0, 0, 0, 0), RS.valid.acc = c(0.89873, 0.89243, 0.88703, 
0.9001, 0.89976, 0.90225, 0.90421, 0.88847, 0.88998, 0.88173, 
0.87965), RS.test.acc = c(0.89285, 0.87691, 0.8873, 0.87299, 
0.89153, 0.8822, 0.9001, 0.88834, 0.87029, 0.8657, 0.8825), RS.train.time = c(0.0147, 
0.0173, 0.0156, 0.0171, 0.0187, 0.0192, 0.0221, 0.0229, 0.0245, 
0.034, 0.0285), RS.n.support.vectors = c(63.2, 72.2, 68.8, 66.9, 
66.5, 84.4, 112, 118.8, 113.3, 158.4, 134.7), RS.index = c(143, 
1689, 2410, 1103, 1498, 1514, 201, 389, 1342, 157, 998), RS.n.solutions = c(21, 
1, 1, 1, 1, 2, 1, 3, 1, 4, 1), RS.generations = c(100, 100, 100, 
100, 100, 100, 100, 100, 100, 100, 100), RS.n.evaluations = c(2500, 
2500, 2500, 2500, 2500, 2500, 2500, 2500, 2500, 2500, 2500), 
    RS.cpu.time = c(6400.141, 6557.193, 6272.78, 6333.375, 6400.521, 
    6384.368, 6503.467, 6597.878, 6687.29699999999, 6736.81700000001, 
    6851.12100000001), DF.cost = c(1, 1, 1, 1, 1, 1, 1, 1, 1, 
    1, 1), DF.gamma = c(0.14286, 0.14286, 0.14286, 0.14286, 0.14286, 
    0.14286, 0.14286, 0.14286, 0.14286, 0.14286, 0.14286), DF.data.balancing = c(0, 
    0, 0, 0, 0, 0, 0, 0, 0, 0, 0), DF.feature.selection = c(0, 
    0, 0, 0, 0, 0, 0, 0, 0, 0, 0), DF.valid.acc = c(0.86859, 
    0.87066, 0.88158, 0.8819, 0.87433, 0.88634, 0.90025, 0.87441, 
    0.87005, 0.86932, 0.87063), DF.test.acc = c(0.87586, 0.87164, 
    0.87708, 0.89121, 0.89171, 0.88604, 0.90395, 0.87109, 0.86695, 
    0.86611, 0.87046), DF.train.time = c(0.0164, 0.0175, 0.017, 
    0.0187, 0.0198, 0.0207, 0.0223, 0.0238, 0.0248, 0.0276, 0.0284
    ), DF.n.support.vectors = c(80.2, 83.2, 85, 90.5, 97.5, 101.9, 
    110.1, 117.7, 121.2, 130.8, 135.6), DF.index = c(1, 1, 1, 
    1, 1, 1, 1, 1, 1, 1, 1), DF.n.solutions = c(1, 1, 1, 1, 1, 
    1, 1, 1, 1, 1, 1), DF.generations = c(1, 1, 1, 1, 1, 1, 1, 
    1, 1, 1, 1), DF.n.evaluations = c(1, 1, 1, 1, 1, 1, 1, 1, 
    1, 1, 1), DF.cpu.time = c(2.627, 2.477, 2.356, 2.521, 2.494, 
    2.544, 2.556, 2.602, 2.564, 2.629, 2.703), SMBO.cost = c(3.55759184807539, 
    3.55759184807539, 3.55759184807539, 3.55759184807539, 3.55759184807539, 
    3.55759184807539, 3.55759184807539, 3.55759184807539, 3.55759184807539, 
    3.55759184807539, 3.55759184807539), SMBO.gamma = c(-6.68156410334632, 
    -6.68156410334632, -6.68156410334632, -6.68156410334632, 
    -6.68156410334632, -6.68156410334632, -6.68156410334632, 
    -6.68156410334632, -6.68156410334632, -6.68156410334632, 
    -6.68156410334632), SMBO.balanced.test.accuracy = c(0.79483024691358, 
    0.79483024691358, 0.79483024691358, 0.79483024691358, 0.79483024691358, 
    0.79483024691358, 0.79483024691358, 0.79483024691358, 0.79483024691358, 
    0.79483024691358, 0.79483024691358)), .Names = c("Sampling", 
"PSO.cost", "PSO.gamma", "PSO.data.balancing", "PSO.feature.selection", 
"PSO.valid.acc", "PSO.test.acc", "PSO.train.time", "PSO.n.support.vectors", 
"PSO.index", "PSO.n.solutions", "PSO.generations", "PSO.n.evaluations", 
"PSO.cpu.time", "RS.cost", "RS.gamma", "RS.data.balancing", "RS.feature.selection", 
"RS.valid.acc", "RS.test.acc", "RS.train.time", "RS.n.support.vectors", 
"RS.index", "RS.n.solutions", "RS.generations", "RS.n.evaluations", 
"RS.cpu.time", "DF.cost", "DF.gamma", "DF.data.balancing", "DF.feature.selection", 
"DF.valid.acc", "DF.test.acc", "DF.train.time", "DF.n.support.vectors", 
"DF.index", "DF.n.solutions", "DF.generations", "DF.n.evaluations", 
"DF.cpu.time", "SMBO.cost", "SMBO.gamma", "SMBO.balanced.test.accuracy"
), row.names = c(NA, -11L), class = "data.frame")
