new.sol <-
structure(list(Sampling = c(50, 55, 60, 65, 70, 75, 80, 85, 90, 
95, 100), PSO.cost = c(7.25016, 9.83616, 1.11432, 5.31443, 3.32954, 
7.18058, 10.31624, 6.3933, 0.04608, 12.63575, 7.20298), PSO.gamma = c(-8.40064, 
-10.23327, -1.23505, -8.32966, -4.42535, -10.84822, -7.80267, 
-9.23729, -1.43398, -12.86584, -11.37373), PSO.data.balancing = c(0, 
0, 0, 0, 0, 0, 0, 0, 0, 0, 0), PSO.feature.selection = c(0, 0, 
0, 0, 0, 0, 0, 0, 0, 0, 0), PSO.valid.acc = c(0.92918, 0.91427, 
0.89793, 0.91798, 0.88653, 0.88928, 0.89802, 0.88596, 0.87827, 
0.88207, 0.87773), PSO.test.acc = c(0.89793, 0.89194, 0.88888, 
0.89938, 0.88547, 0.88111, 0.87638, 0.88261, 0.87536, 0.86663, 
0.86561), PSO.train.time = c(0.0133, 0.0142, 0.0183, 0.0166, 
0.0181, 0.0207, 0.0218, 0.0226, 0.0293, 0.0249, 0.0294), PSO.n.support.vectors = c(52.5, 
56, 95.7, 82.2, 84.5, 103.8, 75.1, 106.3, 137.5, 100.3, 142.1
), PSO.index = c(53, 29, 392, 875, 418, 37, 459, 906, 516, 83, 
468), PSO.n.solutions = c(204, 298, 287, 43, 198, 78, 668, 34, 
277, 410, 66), PSO.generations = c(100, 100, 100, 100, 100, 100, 
100, 100, 100, 100, 100), PSO.n.evaluations = c(2500, 2500, 2500, 
2500, 2500, 2500, 2500, 2500, 2500, 2500, 2500), PSO.cpu.time = c(6062.327, 
6087.571, 6128.568, 6136.476, 6304.409, 6365.046, 6458.423, 6576.268, 
6818.30100000001, 6798.13499999999, 7799.22500000001), RS.cost = c(11.70716, 
6.68952, 7.52423, 6.65209, 3.27683, 8.19066, 5.36142, 3.41962, 
9.73675, 14.13036, 8.19235), RS.gamma = c(-12.80784, -7.19299, 
-4.62967, -9.62674, -4.49704, -11.87085, -3.25056, -6.07174, 
-11.53576, -14.30977, -12.35568), RS.data.balancing = c(0, 0, 
0, 0, 0, 0, 0, 0, 0, 0, 0), RS.feature.selection = c(0, 0, 0, 
0, 0, 0, 0, 0, 0, 0, 0), RS.valid.acc = c(0.92918, 0.91427, 0.89793, 
0.91322, 0.88653, 0.88928, 0.89837, 0.88596, 0.87806, 0.88207, 
0.87773), RS.test.acc = c(0.89793, 0.89194, 0.87795, 0.89938, 
0.88092, 0.88111, 0.87972, 0.88224, 0.86212, 0.86351, 0.86561
), RS.train.time = c(0.0135, 0.015, 0.017, 0.0161, 0.0201, 0.0208, 
0.0224, 0.023, 0.0233, 0.0254, 0.0288), RS.n.support.vectors = c(50, 
58.9, 67.5, 82.5, 84.5, 103.9, 94.9, 106.9, 105.3, 99.6, 140.8
), RS.index = c(58, 105, 59, 47, 535, 894, 1102, 1887, 1542, 
190, 1235), RS.n.solutions = c(18, 43, 4, 6, 1, 6, 2, 1, 1, 4, 
7), RS.generations = c(100, 100, 100, 100, 100, 100, 100, 100, 
100, 100, 100), RS.n.evaluations = c(2500, 2500, 2500, 2500, 
2500, 2500, 2500, 2500, 2500, 2500, 2500), RS.cpu.time = c(6116.767, 
6099.634, 6184.065, 6215.54, 6449.889, 6510.01700000001, 6590.774, 
6722.19499999999, 7057.09, 6981.51300000001, 8836.02799999999
), DF.cost = c(1, 1, 1, 1, 1, 1, 1, 1, 1, 1, 1), DF.gamma = c(0.14286, 
0.14286, 0.14286, 0.14286, 0.14286, 0.14286, 0.14286, 0.14286, 
0.14286, 0.14286, 0.14286), DF.data.balancing = c(0, 0, 0, 0, 
0, 0, 0, 0, 0, 0, 0), DF.feature.selection = c(0, 0, 0, 0, 0, 
0, 0, 0, 0, 0, 0), DF.valid.acc = c(0.88152, 0.87615, 0.87293, 
0.87716, 0.87747, 0.87328, 0.88389, 0.87214, 0.87117, 0.85686, 
0.86561), DF.test.acc = c(0.9048, 0.88292, 0.87793, 0.87759, 
0.87254, 0.87341, 0.88813, 0.87915, 0.86524, 0.85696, 0.86587
), DF.train.time = c(0.0143, 0.0157, 0.0166, 0.0172, 0.0196, 
0.0205, 0.0215, 0.0248, 0.0258, 0.0277, 0.029), DF.n.support.vectors = c(72, 
79.5, 85.1, 92.4, 102.7, 106.9, 111.3, 117.6, 126.5, 130, 134.6
), DF.index = c(1, 1, 1, 1, 1, 1, 1, 1, 1, 1, 1), DF.n.solutions = c(1, 
1, 1, 1, 1, 1, 1, 1, 1, 1, 1), DF.generations = c(1, 1, 1, 1, 
1, 1, 1, 1, 1, 1, 1), DF.n.evaluations = c(1, 1, 1, 1, 1, 1, 
1, 1, 1, 1, 1), DF.cpu.time = c(2.375, 2.469, 2.454, 2.411, 2.459, 
2.434, 2.476, 2.703, 2.697, 2.811, 3.361), SMBO.cost = c(1.66720728179673, 
1.66720728179673, 1.66720728179673, 1.66720728179673, 1.66720728179673, 
1.66720728179673, 1.66720728179673, 1.66720728179673, 1.66720728179673, 
1.66720728179673, 1.66720728179673), SMBO.gamma = c(-5.86329732662591, 
-5.86329732662591, -5.86329732662591, -5.86329732662591, -5.86329732662591, 
-5.86329732662591, -5.86329732662591, -5.86329732662591, -5.86329732662591, 
-5.86329732662591, -5.86329732662591), SMBO.balanced.test.accuracy = c(0.825885770975057, 
0.825885770975057, 0.825885770975057, 0.825885770975057, 0.825885770975057, 
0.825885770975057, 0.825885770975057, 0.825885770975057, 0.825885770975057, 
0.825885770975057, 0.825885770975057)), .Names = c("Sampling", 
"PSO.cost", "PSO.gamma", "PSO.data.balancing", "PSO.feature.selection", 
"PSO.valid.acc", "PSO.test.acc", "PSO.train.time", "PSO.n.support.vectors", 
"PSO.index", "PSO.n.solutions", "PSO.generations", "PSO.n.evaluations", 
"PSO.cpu.time", "RS.cost", "RS.gamma", "RS.data.balancing", "RS.feature.selection", 
"RS.valid.acc", "RS.test.acc", "RS.train.time", "RS.n.support.vectors", 
"RS.index", "RS.n.solutions", "RS.generations", "RS.n.evaluations", 
"RS.cpu.time", "DF.cost", "DF.gamma", "DF.data.balancing", "DF.feature.selection", 
"DF.valid.acc", "DF.test.acc", "DF.train.time", "DF.n.support.vectors", 
"DF.index", "DF.n.solutions", "DF.generations", "DF.n.evaluations", 
"DF.cpu.time", "SMBO.cost", "SMBO.gamma", "SMBO.balanced.test.accuracy"
), row.names = c(NA, -11L), class = "data.frame")
