new.sol <-
structure(list(Sampling = c(50, 55, 60, 65, 70, 75, 80, 85, 90, 
95, 100), PSO.cost = c(3.98722, 0.3867, 2.57082, 9.81983, 1.32344, 
1.17505, 15, -0.37757, 0.33381, 2.38382, 1.94861), PSO.gamma = c(-3.23581, 
-2.30556, -4.73038, -13.89966, -4.71799, -4.37756, -8.03157, 
-1.24929, -4.50427, -2.53198, -6.18529), PSO.data.balancing = c(0, 
0, 0, 0, 0, 0, 0, 0, 0, 0, 0), PSO.feature.selection = c(0, 0, 
0, 0, 0, 0, 0, 0, 0, 0, 0), PSO.valid.acc = c(0.87797, 0.87555, 
0.86573, 0.87229, 0.86907, 0.87806, 0.88507, 0.89029, 0.87839, 
0.88185, 0.88464), PSO.test.acc = c(0.86653, 0.84309, 0.85094, 
0.85905, 0.84816, 0.8662, 0.8367, 0.87946, 0.85543, 0.87523, 
0.87866), PSO.train.time = c(0.0159, 0.0171, 0.017, 0.0193, 0.0184, 
0.0197, 0.0463, 0.0273, 0.0257, 0.0278, 0.0284), PSO.n.support.vectors = c(69.6, 
86.2, 81.5, 101.8, 105.4, 106.1, 83.4, 131.6, 133.9, 120.7, 142.8
), PSO.index = c(1494, 118, 602, 144, 153, 494, 737, 844, 258, 
421, 582), PSO.n.solutions = c(13, 97, 52, 274, 162, 68, 197, 
168, 115, 86, 83), PSO.generations = c(100, 100, 100, 100, 100, 
100, 100, 100, 100, 100, 100), PSO.n.evaluations = c(2500, 2500, 
2500, 2500, 2500, 2500, 2500, 2500, 2500, 2500, 2500), PSO.cpu.time = c(6025.651, 
6186.082, 6209.758, 6125.772, 6200.845, 6258.965, 6744.23699999999, 
6663.42300000001, 6907.496, 6953.363, 6974.58), RS.cost = c(4.10662, 
1.04553, 1.48561, 3.76705, 1.0024, 2.40296, 14.85075, -0.7005, 
0.16738, 2.49789, 0.70596), RS.gamma = c(-2.56236, -2.63424, 
-2.41654, -7.87337, -4.45617, -5.62544, -7.95765, -3.48666, -4.16342, 
-2.66265, -4.80831), RS.data.balancing = c(0, 0, 0, 0, 0, 0, 
0, 0, 0, 0, 0), RS.feature.selection = c(0, 0, 0, 0, 0, 0, 0, 
0, 0, 0, 0), RS.valid.acc = c(0.87767, 0.87555, 0.86096, 0.87229, 
0.8649, 0.87774, 0.88507, 0.88364, 0.87839, 0.8755, 0.88464), 
    RS.test.acc = c(0.85986, 0.85362, 0.8612, 0.85905, 0.84816, 
    0.86203, 0.8367, 0.88006, 0.85543, 0.87211, 0.87536), RS.train.time = c(0.016, 
    0.017, 0.0171, 0.0179, 0.0206, 0.0194, 0.0429, 0.0259, 0.0268, 
    0.0269, 0.0264), RS.n.support.vectors = c(72.8, 81.9, 86, 
    103.4, 106.7, 103.8, 83.4, 133.2, 133.3, 119.2, 144.3), RS.index = c(1700, 
    2380, 397, 219, 563, 827, 239, 1667, 502, 1594, 1842), RS.n.solutions = c(1, 
    1, 3, 14, 1, 3, 1, 1, 1, 1, 1), RS.generations = c(100, 100, 
    100, 100, 100, 100, 100, 100, 100, 100, 100), RS.n.evaluations = c(2500, 
    2500, 2500, 2500, 2500, 2500, 2500, 2500, 2500, 2500, 2500
    ), RS.cpu.time = c(6243.207, 6201.264, 6306.624, 6236.44, 
    6285.372, 6314.88499999999, 6595.09, 6906.863, 7050.45599999999, 
    6991.174, 7057.712), DF.cost = c(1, 1, 1, 1, 1, 1, 1, 1, 
    1, 1, 1), DF.gamma = c(0.14286, 0.14286, 0.14286, 0.14286, 
    0.14286, 0.14286, 0.14286, 0.14286, 0.14286, 0.14286, 0.14286
    ), DF.data.balancing = c(0, 0, 0, 0, 0, 0, 0, 0, 0, 0, 0), 
    DF.feature.selection = c(0, 0, 0, 0, 0, 0, 0, 0, 0, 0, 0), 
    DF.valid.acc = c(0.8635, 0.85973, 0.8552, 0.8317, 0.86107, 
    0.86989, 0.86278, 0.87278, 0.86922, 0.86898, 0.87269), DF.test.acc = c(0.86905, 
    0.85973, 0.85094, 0.84121, 0.84381, 0.8662, 0.86635, 0.86921, 
    0.85939, 0.86855, 0.87563), DF.train.time = c(0.0155, 0.0173, 
    0.0184, 0.0184, 0.0193, 0.0216, 0.0228, 0.0252, 0.0262, 0.0282, 
    0.0271), DF.n.support.vectors = c(82.6, 88.2, 92.2, 99.7, 
    105, 107.6, 112.4, 118.5, 125.2, 132, 134.7), DF.index = c(1, 
    1, 1, 1, 1, 1, 1, 1, 1, 1, 1), DF.n.solutions = c(1, 1, 1, 
    1, 1, 1, 1, 1, 1, 1, 1), DF.generations = c(1, 1, 1, 1, 1, 
    1, 1, 1, 1, 1, 1), DF.n.evaluations = c(1, 1, 1, 1, 1, 1, 
    1, 1, 1, 1, 1), DF.cpu.time = c(2.426, 2.568, 2.576, 2.405, 
    2.38, 2.576, 2.638, 2.751, 2.77, 2.754, 2.569), SMBO.cost = c(3.48177203416504, 
    3.48177203416504, 3.48177203416504, 3.48177203416504, 3.48177203416504, 
    3.48177203416504, 3.48177203416504, 3.48177203416504, 3.48177203416504, 
    3.48177203416504, 3.48177203416504), SMBO.gamma = c(-7.40143532734568, 
    -7.40143532734568, -7.40143532734568, -7.40143532734568, 
    -7.40143532734568, -7.40143532734568, -7.40143532734568, 
    -7.40143532734568, -7.40143532734568, -7.40143532734568, 
    -7.40143532734568), SMBO.balanced.test.accuracy = c(0.816707698524559, 
    0.816707698524559, 0.816707698524559, 0.816707698524559, 
    0.816707698524559, 0.816707698524559, 0.816707698524559, 
    0.816707698524559, 0.816707698524559, 0.816707698524559, 
    0.816707698524559)), .Names = c("Sampling", "PSO.cost", "PSO.gamma", 
"PSO.data.balancing", "PSO.feature.selection", "PSO.valid.acc", 
"PSO.test.acc", "PSO.train.time", "PSO.n.support.vectors", "PSO.index", 
"PSO.n.solutions", "PSO.generations", "PSO.n.evaluations", "PSO.cpu.time", 
"RS.cost", "RS.gamma", "RS.data.balancing", "RS.feature.selection", 
"RS.valid.acc", "RS.test.acc", "RS.train.time", "RS.n.support.vectors", 
"RS.index", "RS.n.solutions", "RS.generations", "RS.n.evaluations", 
"RS.cpu.time", "DF.cost", "DF.gamma", "DF.data.balancing", "DF.feature.selection", 
"DF.valid.acc", "DF.test.acc", "DF.train.time", "DF.n.support.vectors", 
"DF.index", "DF.n.solutions", "DF.generations", "DF.n.evaluations", 
"DF.cpu.time", "SMBO.cost", "SMBO.gamma", "SMBO.balanced.test.accuracy"
), row.names = c(NA, -11L), class = "data.frame")
