new.sol <-
structure(list(Sampling = c(50, 55, 60, 65, 70, 75, 80, 85, 90, 
95, 100), PSO.cost = c(1.98511, 1.1192, 0.97967, 0.84453, 0.62006, 
-0.32656, 4.67152, 0.87511, -0.48408, -0.61685, 6.42778), PSO.gamma = c(-3.57436, 
-3.7507, -3.32582, -2.45832, -3.12447, -2.67302, -6.58665, -2.48805, 
-1.55286, -3.52182, -10.87678), PSO.data.balancing = c(0, 0, 
0, 0, 0, 0, 0, 0, 0, 0, 0), PSO.feature.selection = c(0, 0, 0, 
0, 0, 0, 0, 0, 0, 0, 0), PSO.valid.acc = c(0.89951, 0.88566, 
0.88023, 0.87696, 0.8968, 0.88627, 0.88588, 0.87826, 0.88168, 
0.88289, 0.88468), PSO.test.acc = c(0.87062, 0.8801, 0.87431, 
0.87801, 0.88006, 0.87393, 0.87804, 0.87087, 0.87502, 0.87977, 
0.8787), PSO.train.time = c(0.0161, 0.0166, 0.0195, 0.0199, 0.0201, 
0.0211, 0.0195, 0.0226, 0.0284, 0.0272, 0.0277), PSO.n.support.vectors = c(72.7, 
82.1, 86.8, 96.5, 101.6, 111.7, 95.1, 110.8, 137.4, 148.3, 143.9
), PSO.index = c(627, 63, 293, 560, 708, 1804, 30, 215, 1015, 
210, 110), PSO.n.solutions = c(267, 558, 444, 153, 220, 58, 439, 
69, 123, 110, 192), PSO.generations = c(100, 100, 100, 100, 100, 
100, 100, 100, 100, 100, 100), PSO.n.evaluations = c(2500, 2500, 
2500, 2500, 2500, 2500, 2500, 2500, 2500, 2500, 2500), PSO.cpu.time = c(6411.059, 
6545.931, 6522.706, 6539.348, 6309.343, 6349.87900000001, 6267.079, 
6365.128, 6618.48300000001, 6637.88, 6646.28700000001), RS.cost = c(1.9707, 
0.99367, 1.6123, 1.0284, 0.26195, -0.18565, 4.99268, 0.9598, 
0.09969, 0.01032, 3.00177), RS.gamma = c(-3.03353, -3.03033, 
-4.07428, -2.42282, -2.8935, -2.70558, -6.47059, -2.47367, -2.28741, 
-4.53858, -7.55257), RS.data.balancing = c(0, 0, 0, 0, 0, 0, 
0, 0, 0, 0, 0), RS.feature.selection = c(0, 0, 0, 0, 0, 0, 0, 
0, 0, 0, 0), RS.valid.acc = c(0.89251, 0.88566, 0.88023, 0.87243, 
0.89226, 0.87825, 0.88588, 0.87826, 0.87824, 0.88562, 0.88486
), RS.test.acc = c(0.86474, 0.87455, 0.86996, 0.88217, 0.88406, 
0.87425, 0.87819, 0.86742, 0.87168, 0.87673, 0.88183), RS.train.time = c(0.0172, 
0.0163, 0.0169, 0.0194, 0.0194, 0.0212, 0.0197, 0.0226, 0.026, 
0.0272, 0.0276), RS.n.support.vectors = c(71.9, 81.9, 84.3, 95.1, 
104.2, 111, 91.4, 111.3, 125.1, 149.6, 148.5), RS.index = c(16, 
208, 1641, 1829, 459, 2200, 2270, 337, 838, 829, 1979), RS.n.solutions = c(4, 
7, 3, 1, 3, 2, 1, 1, 3, 1, 1), RS.generations = c(100, 100, 100, 
100, 100, 100, 100, 100, 100, 100, 100), RS.n.evaluations = c(2500, 
2500, 2500, 2500, 2500, 2500, 2500, 2500, 2500, 2500, 2500), 
    RS.cpu.time = c(6556.672, 6593.684, 6520.441, 6637.518, 6447.012, 
    6336.04299999999, 6359.954, 6559.609, 6732.08200000001, 6811.363, 
    6843.81), DF.cost = c(1, 1, 1, 1, 1, 1, 1, 1, 1, 1, 1), DF.gamma = c(0.14286, 
    0.14286, 0.14286, 0.14286, 0.14286, 0.14286, 0.14286, 0.14286, 
    0.14286, 0.14286, 0.14286), DF.data.balancing = c(0, 0, 0, 
    0, 0, 0, 0, 0, 0, 0, 0), DF.feature.selection = c(0, 0, 0, 
    0, 0, 0, 0, 0, 0, 0, 0), DF.valid.acc = c(0.88107, 0.87455, 
    0.86544, 0.86309, 0.89226, 0.87441, 0.86789, 0.86799, 0.87168, 
    0.8738, 0.86684), DF.test.acc = c(0.87621, 0.87422, 0.87047, 
    0.87305, 0.88444, 0.87425, 0.87862, 0.87087, 0.86834, 0.87067, 
    0.87246), DF.train.time = c(0.0192, 0.0166, 0.019, 0.0191, 
    0.0199, 0.0201, 0.0224, 0.0238, 0.0248, 0.0262, 0.0278), 
    DF.n.support.vectors = c(80.9, 87, 92, 99.6, 106.1, 108.5, 
    114.2, 116.3, 125.1, 131.1, 134.8), DF.index = c(1, 1, 1, 
    1, 1, 1, 1, 1, 1, 1, 1), DF.n.solutions = c(1, 1, 1, 1, 1, 
    1, 1, 1, 1, 1, 1), DF.generations = c(1, 1, 1, 1, 1, 1, 1, 
    1, 1, 1, 1), DF.n.evaluations = c(1, 1, 1, 1, 1, 1, 1, 1, 
    1, 1, 1), DF.cpu.time = c(2.599, 2.602, 2.6, 2.503, 2.521, 
    2.428, 2.594, 2.611, 2.611, 2.62, 2.626), SMBO.cost = c(6.63892786026816, 
    6.63892786026816, 6.63892786026816, 6.63892786026816, 6.63892786026816, 
    6.63892786026816, 6.63892786026816, 6.63892786026816, 6.63892786026816, 
    6.63892786026816, 6.63892786026816), SMBO.gamma = c(-9.09280712043311, 
    -9.09280712043311, -9.09280712043311, -9.09280712043311, 
    -9.09280712043311, -9.09280712043311, -9.09280712043311, 
    -9.09280712043311, -9.09280712043311, -9.09280712043311, 
    -9.09280712043311), SMBO.balanced.test.accuracy = c(0.819529907922765, 
    0.819529907922765, 0.819529907922765, 0.819529907922765, 
    0.819529907922765, 0.819529907922765, 0.819529907922765, 
    0.819529907922765, 0.819529907922765, 0.819529907922765, 
    0.819529907922765)), .Names = c("Sampling", "PSO.cost", "PSO.gamma", 
"PSO.data.balancing", "PSO.feature.selection", "PSO.valid.acc", 
"PSO.test.acc", "PSO.train.time", "PSO.n.support.vectors", "PSO.index", 
"PSO.n.solutions", "PSO.generations", "PSO.n.evaluations", "PSO.cpu.time", 
"RS.cost", "RS.gamma", "RS.data.balancing", "RS.feature.selection", 
"RS.valid.acc", "RS.test.acc", "RS.train.time", "RS.n.support.vectors", 
"RS.index", "RS.n.solutions", "RS.generations", "RS.n.evaluations", 
"RS.cpu.time", "DF.cost", "DF.gamma", "DF.data.balancing", "DF.feature.selection", 
"DF.valid.acc", "DF.test.acc", "DF.train.time", "DF.n.support.vectors", 
"DF.index", "DF.n.solutions", "DF.generations", "DF.n.evaluations", 
"DF.cpu.time", "SMBO.cost", "SMBO.gamma", "SMBO.balanced.test.accuracy"
), row.names = c(NA, -11L), class = "data.frame")
