new.sol <-
structure(list(Sampling = c(50, 55, 60, 65, 70, 75, 80, 85, 90, 
95, 100), PSO.cost = c(2.04421, 1.41478, 1, 11.42713, 0.17262, 
0.77197, 8.65417, 15, 11.17207, 0.42459, 13.27106), PSO.gamma = c(-5.00881, 
-3.2237, 0.14286, -10.61046, -2.5919, -2.7756, -5.22408, -11.41027, 
-14.92355, -2.37362, -15), PSO.data.balancing = c(0, 0, 0, 0, 
0, 0, 0, 0, 0, 0, 0), PSO.feature.selection = c(0, 0, 0, 0, 0, 
0, 0, 0, 0, 0, 0), PSO.valid.acc = c(0.89857, 0.91051, 0.90588, 
0.89287, 0.87759, 0.8913, 0.88058, 0.88457, 0.8725, 0.87889, 
0.88079), PSO.test.acc = c(0.8875, 0.89903, 0.89112, 0.87922, 
0.87324, 0.8874, 0.87317, 0.86646, 0.86259, 0.86303, 0.85964), 
    PSO.train.time = c(0.0139, 0.015, 0.0179, 0.0194, 0.0195, 
    0.0196, 0.0243, 0.0267, 0.0232, 0.0281, 0.024), PSO.n.support.vectors = c(71.7, 
    75.6, 88.3, 69, 100.5, 100.4, 88.8, 82.9, 123.9, 129.6, 110.4
    ), PSO.index = c(78, 202, 1, 297, 315, 1519, 341, 121, 1722, 
    954, 559), PSO.n.solutions = c(266, 119, 1, 99, 57, 36, 263, 
    747, 6, 68, 75), PSO.generations = c(100, 100, 100, 100, 
    100, 100, 100, 100, 100, 100, 100), PSO.n.evaluations = c(2500, 
    2500, 2500, 2500, 2500, 2500, 2500, 2500, 2500, 2500, 2500
    ), PSO.cpu.time = c(6160.429, 6062.114, 6244.985, 6460.056, 
    6261.179, 6193.338, 6387.45199999999, 6319.023, 6260.364, 
    6453, 6302.057), RS.cost = c(1.51821, 1.60871, 0.19973, 0.19772, 
    0.50742, 0.46221, -0.32555, 14.92504, 5.71426, 0.50189, 7.69073
    ), RS.gamma = c(-4.35219, -3.10326, -3.13726, -3.07242, -3.04296, 
    -2.73709, -2.06931, -10.95477, -4.47281, -2.38998, -9.41931
    ), RS.data.balancing = c(0, 0, 0, 0, 0, 0, 0, 0, 0, 0, 0), 
    RS.feature.selection = c(0, 0, 0, 0, 0, 0, 0, 0, 0, 0, 0), 
    RS.valid.acc = c(0.89857, 0.91051, 0.90588, 0.897, 0.87759, 
    0.8873, 0.88062, 0.88123, 0.87551, 0.87889, 0.88079), RS.test.acc = c(0.8875, 
    0.89903, 0.89112, 0.87382, 0.87324, 0.87983, 0.86538, 0.86646, 
    0.84558, 0.86303, 0.85973), RS.train.time = c(0.0148, 0.0146, 
    0.0165, 0.0194, 0.0189, 0.0202, 0.0246, 0.028, 0.0231, 0.0257, 
    0.025), RS.n.support.vectors = c(72.6, 73.9, 85.8, 96.2, 
    98.7, 101.9, 117.4, 82.2, 101.1, 128.8, 111.6), RS.index = c(110, 
    542, 467, 31, 385, 527, 1215, 306, 1192, 1283, 1994), RS.n.solutions = c(4, 
    7, 3, 1, 2, 1, 1, 7, 1, 1, 1), RS.generations = c(100, 100, 
    100, 100, 100, 100, 100, 100, 100, 100, 100), RS.n.evaluations = c(2500, 
    2500, 2500, 2500, 2500, 2500, 2500, 2500, 2500, 2500, 2500
    ), RS.cpu.time = c(6114.93, 6114.657, 6184.416, 6281.43399999999, 
    6416.03999999999, 6395.25999999999, 6403.038, 6366.929, 6352.03600000001, 
    6430.79300000001, 6544.81900000002), DF.cost = c(1, 1, 1, 
    1, 1, 1, 1, 1, 1, 1, 1), DF.gamma = c(0.14286, 0.14286, 0.14286, 
    0.14286, 0.14286, 0.14286, 0.14286, 0.14286, 0.14286, 0.14286, 
    0.14286), DF.data.balancing = c(0, 0, 0, 0, 0, 0, 0, 0, 0, 
    0, 0), DF.feature.selection = c(0, 0, 0, 0, 0, 0, 0, 0, 0, 
    0, 0), DF.valid.acc = c(0.86875, 0.88984, 0.90588, 0.89265, 
    0.87304, 0.87514, 0.87262, 0.86718, 0.85861, 0.8694, 0.86579
    ), DF.test.acc = c(0.8875, 0.87252, 0.89112, 0.87837, 0.86924, 
    0.89199, 0.86908, 0.85731, 0.85592, 0.86293, 0.86239), DF.train.time = c(0.0158, 
    0.0156, 0.0178, 0.021, 0.0205, 0.023, 0.022, 0.0238, 0.0259, 
    0.0262, 0.0278), DF.n.support.vectors = c(75.7, 83.6, 88.3, 
    97.3, 102.7, 105.8, 113.9, 119, 125.1, 132.3, 135.5), DF.index = c(1, 
    1, 1, 1, 1, 1, 1, 1, 1, 1, 1), DF.n.solutions = c(1, 1, 1, 
    1, 1, 1, 1, 1, 1, 1, 1), DF.generations = c(1, 1, 1, 1, 1, 
    1, 1, 1, 1, 1, 1), DF.n.evaluations = c(1, 1, 1, 1, 1, 1, 
    1, 1, 1, 1, 1), DF.cpu.time = c(2.531, 2.365, 2.536, 2.616, 
    2.556, 2.635, 2.481, 2.477, 2.618, 2.517, 2.53), SMBO.cost = c(0.22594135475345, 
    0.22594135475345, 0.22594135475345, 0.22594135475345, 0.22594135475345, 
    0.22594135475345, 0.22594135475345, 0.22594135475345, 0.22594135475345, 
    0.22594135475345, 0.22594135475345), SMBO.gamma = c(-2.87277577770059, 
    -2.87277577770059, -2.87277577770059, -2.87277577770059, 
    -2.87277577770059, -2.87277577770059, -2.87277577770059, 
    -2.87277577770059, -2.87277577770059, -2.87277577770059, 
    -2.87277577770059), SMBO.balanced.test.accuracy = c(0.854012769232312, 
    0.854012769232312, 0.854012769232312, 0.854012769232312, 
    0.854012769232312, 0.854012769232312, 0.854012769232312, 
    0.854012769232312, 0.854012769232312, 0.854012769232312, 
    0.854012769232312)), .Names = c("Sampling", "PSO.cost", "PSO.gamma", 
"PSO.data.balancing", "PSO.feature.selection", "PSO.valid.acc", 
"PSO.test.acc", "PSO.train.time", "PSO.n.support.vectors", "PSO.index", 
"PSO.n.solutions", "PSO.generations", "PSO.n.evaluations", "PSO.cpu.time", 
"RS.cost", "RS.gamma", "RS.data.balancing", "RS.feature.selection", 
"RS.valid.acc", "RS.test.acc", "RS.train.time", "RS.n.support.vectors", 
"RS.index", "RS.n.solutions", "RS.generations", "RS.n.evaluations", 
"RS.cpu.time", "DF.cost", "DF.gamma", "DF.data.balancing", "DF.feature.selection", 
"DF.valid.acc", "DF.test.acc", "DF.train.time", "DF.n.support.vectors", 
"DF.index", "DF.n.solutions", "DF.generations", "DF.n.evaluations", 
"DF.cpu.time", "SMBO.cost", "SMBO.gamma", "SMBO.balanced.test.accuracy"
), row.names = c(NA, -11L), class = "data.frame")
