new.sol <-
structure(list(Sampling = c(50, 55, 60, 65, 70, 75, 80, 85, 90, 
95, 100), PSO.cost = c(5.61567, 14.53049, 10.5491, 14.54951, 
9.74292, 12.97403, 8.61106, 13.28384, 12.99032, 13.4711, 14.04638
), PSO.gamma = c(-4.33191, -9.94971, -14.11128, -5.91207, -6.85972, 
-7.45989, -10.50439, -13.13828, -7.46807, -11.91155, -6.78567
), PSO.data.balancing = c(0, 0, 0, 0, 0, 0, 0, 0, 0, 0, 0), PSO.feature.selection = c(0, 
0, 0, 0, 0, 0, 0, 0, 0, 0, 0), PSO.valid.acc = c(1, 1, 1, 1, 
1, 1, 1, 1, 1, 1, 0.995), PSO.test.acc = c(1, 1, 1, 1, 1, 1, 
1, 1, 1, 1, 0.995), PSO.train.time = c(0.0125, 0.0114, 0.013, 
0.0119, 0.0119, 0.012, 0.0137, 0.0137, 0.0136, 0.0132, 0.0134
), PSO.n.support.vectors = c(17.5, 5.9, 55.3, 9.9, 9.1, 7, 37.6, 
17.4, 7.8, 12.1, 8.2), PSO.index = c(11, 3, 4, 2, 3, 12, 2, 4, 
4, 3, 2), PSO.n.solutions = c(1798, 1801, 1835, 1925, 1437, 1786, 
1998, 1861, 1827, 1787, 1741), PSO.generations = c(100, 100, 
100, 100, 100, 100, 100, 100, 100, 100, 100), PSO.n.evaluations = c(2500, 
2500, 2500, 2500, 2500, 2500, 2500, 2500, 2500, 2500, 2500), 
    PSO.cpu.time = c(7199.576, 7141.997, 7104.169, 7062.638, 
    7010.991, 7115.527, 7091.932, 7073.898, 7151.44, 7088.69799999999, 
    6948.62400000001), RS.cost = c(12.16175, 6.15029, 10.88519, 
    8.64366, 6.76262, 9.73608, 14.88212, 11.27887, 14.21817, 
    10.67153, 12.28049), RS.gamma = c(-10.81835, -9.58516, -10.09427, 
    -4.07258, -3.08214, -12.28784, -9.04639, -9.53613, -10.85525, 
    -8.43154, -12.15337), RS.data.balancing = c(0, 0, 0, 0, 0, 
    0, 0, 0, 0, 0, 0), RS.feature.selection = c(0, 0, 0, 0, 0, 
    0, 0, 0, 0, 0, 0), RS.valid.acc = c(1, 1, 1, 1, 1, 1, 1, 
    1, 1, 1, 0.995), RS.test.acc = c(1, 1, 1, 1, 0.99286, 1, 
    1, 1, 1, 1, 1), RS.train.time = c(0.0119, 0.0126, 0.0119, 
    0.012, 0.0126, 0.0136, 0.0127, 0.0127, 0.0125, 0.013, 0.0134
    ), RS.n.support.vectors = c(10.2, 52, 13.6, 14.7, 19.5, 46.4, 
    7.9, 12, 7.6, 10.9, 20.1), RS.index = c(2, 5, 1, 4, 2, 1, 
    3, 2, 2, 1, 1), RS.n.solutions = c(722, 1294, 1204, 1111, 
    749, 969, 961, 966, 687, 964, 803), RS.generations = c(100, 
    100, 100, 100, 100, 100, 100, 100, 100, 100, 100), RS.n.evaluations = c(2500, 
    2500, 2500, 2500, 2500, 2500, 2500, 2500, 2500, 2500, 2500
    ), RS.cpu.time = c(7179.329, 7133.739, 7068.77899999999, 
    7053.56600000001, 7023.046, 7114.198, 7124.826, 7084.951, 
    7128.23300000001, 7039.58200000002, 6954.522), DF.cost = c(1, 
    1, 1, 1, 1, 1, 1, 1, 1, 1, 1), DF.gamma = c(0.14286, 0.14286, 
    0.14286, 0.14286, 0.14286, 0.14286, 0.14286, 0.14286, 0.14286, 
    0.14286, 0.14286), DF.data.balancing = c(0, 0, 0, 0, 0, 0, 
    0, 0, 0, 0, 0), DF.feature.selection = c(0, 0, 0, 0, 0, 0, 
    0, 0, 0, 0, 0), DF.valid.acc = c(0.91051, 0.95455, 0.93258, 
    0.9478, 0.92725, 0.95238, 0.95615, 0.96471, 0.96696, 0.96918, 
    0.965), DF.test.acc = c(0.90232, 0.93545, 0.93258, 0.95549, 
    0.92725, 0.94661, 0.94949, 0.95882, 0.95552, 0.96918, 0.97
    ), DF.train.time = c(0.0122, 0.0128, 0.0133, 0.0135, 0.0134, 
    0.0146, 0.0148, 0.0155, 0.0157, 0.0162, 0.0169), DF.n.support.vectors = c(57.2, 
    62.5, 65.9, 67.2, 73.3, 75.3, 77.3, 80.6, 82.2, 85.1, 88.4
    ), DF.index = c(1, 1, 1, 1, 1, 1, 1, 1, 1, 1, 1), DF.n.solutions = c(1, 
    1, 1, 1, 1, 1, 1, 1, 1, 1, 1), DF.generations = c(1, 1, 1, 
    1, 1, 1, 1, 1, 1, 1, 1), DF.n.evaluations = c(1, 1, 1, 1, 
    1, 1, 1, 1, 1, 1, 1), DF.cpu.time = c(2.838, 2.899, 2.836, 
    2.839, 2.692, 2.879, 2.818, 2.946, 2.839, 2.848, 2.835), 
    SMBO.cost = c(5.32226651422097, 5.32226651422097, 5.32226651422097, 
    5.32226651422097, 5.32226651422097, 5.32226651422097, 5.32226651422097, 
    5.32226651422097, 5.32226651422097, 5.32226651422097, 5.32226651422097
    ), SMBO.gamma = c(-6.86121021547588, -6.86121021547588, -6.86121021547588, 
    -6.86121021547588, -6.86121021547588, -6.86121021547588, 
    -6.86121021547588, -6.86121021547588, -6.86121021547588, 
    -6.86121021547588, -6.86121021547588), SMBO.balanced.test.accuracy = c(1, 
    1, 1, 1, 1, 1, 1, 1, 1, 1, 1)), .Names = c("Sampling", "PSO.cost", 
"PSO.gamma", "PSO.data.balancing", "PSO.feature.selection", "PSO.valid.acc", 
"PSO.test.acc", "PSO.train.time", "PSO.n.support.vectors", "PSO.index", 
"PSO.n.solutions", "PSO.generations", "PSO.n.evaluations", "PSO.cpu.time", 
"RS.cost", "RS.gamma", "RS.data.balancing", "RS.feature.selection", 
"RS.valid.acc", "RS.test.acc", "RS.train.time", "RS.n.support.vectors", 
"RS.index", "RS.n.solutions", "RS.generations", "RS.n.evaluations", 
"RS.cpu.time", "DF.cost", "DF.gamma", "DF.data.balancing", "DF.feature.selection", 
"DF.valid.acc", "DF.test.acc", "DF.train.time", "DF.n.support.vectors", 
"DF.index", "DF.n.solutions", "DF.generations", "DF.n.evaluations", 
"DF.cpu.time", "SMBO.cost", "SMBO.gamma", "SMBO.balanced.test.accuracy"
), row.names = c(NA, -11L), class = "data.frame")
