new.sol <-
structure(list(Sampling = c(50, 55, 60, 65, 70, 75, 80, 85, 90, 
95, 100), PSO.cost = c(11.92197, 2.79035, 4.63632, 9.38356, 11.71161, 
8.38917, 11.34852, 10.37954, 14.17541, 11.06909, 13.48964), PSO.gamma = c(-14.167, 
-0.77177, -5.19567, -11.29092, -14.36959, -10.95527, -9.47813, 
-10.26834, -9.69839, -3.34923, -5.36778), PSO.data.balancing = c(0, 
0, 0, 0, 0, 0, 0, 0, 0, 0, 0), PSO.feature.selection = c(0, 0, 
0, 0, 0, 0, 0, 0, 0, 0, 0), PSO.valid.acc = c(1, 1, 1, 1, 1, 
1, 1, 1, 1, 1, 1), PSO.test.acc = c(1, 0.99167, 0.99231, 1, 1, 
1, 1, 1, 1, 1, 1), PSO.train.time = c(0.013, 0.0133, 0.0138, 
0.013, 0.0147, 0.0148, 0.014, 0.0148, 0.0143, 0.0151, 0.0142), 
    PSO.n.support.vectors = c(30.8, 41, 23.8, 30.7, 41.5, 43.8, 
    11.3, 18.8, 6.8, 19.2, 10.6), PSO.index = c(2, 2, 2, 6, 4, 
    3, 6, 2, 8, 3, 2), PSO.n.solutions = c(1703, 1721, 1753, 
    1985, 1983, 1860, 2021, 1883, 1769, 1293, 1267), PSO.generations = c(100, 
    100, 100, 100, 100, 100, 100, 100, 100, 100, 100), PSO.n.evaluations = c(2500, 
    2500, 2500, 2500, 2500, 2500, 2500, 2500, 2500, 2500, 2500
    ), PSO.cpu.time = c(7501.478, 7511.189, 7567.621, 7675.45400000001, 
    7756.87899999999, 7713.60900000001, 7715.99800000001, 8228.47100000001, 
    8166.317, 8144.43299999999, 8140.87099999998), RS.cost = c(13.19349, 
    6.1324, 10.23921, 12.31151, 13.74299, 12.40668, 12.54417, 
    14.9036, 14.3689, 9.57192, 12.47154), RS.gamma = c(-12.97138, 
    -7.25444, -7.78577, -13.53059, -6.95359, -10.83519, -7.11013, 
    -8.91511, -9.24597, -5.04173, -5.19505), RS.data.balancing = c(0, 
    0, 0, 0, 0, 0, 0, 0, 0, 0, 0), RS.feature.selection = c(0, 
    0, 0, 0, 0, 0, 0, 0, 0, 0, 0), RS.valid.acc = c(1, 1, 1, 
    1, 1, 1, 1, 1, 1, 1, 1), RS.test.acc = c(1, 1, 1, 1, 1, 1, 
    1, 1, 1, 1, 1), RS.train.time = c(0.0118, 0.0123, 0.0121, 
    0.0139, 0.013, 0.0126, 0.0131, 0.0138, 0.0145, 0.0147, 0.0146
    ), RS.n.support.vectors = c(12.6, 23.3, 8.2, 23.3, 7.8, 10.4, 
    6.9, 7.1, 6.8, 11.6, 11.7), RS.index = c(2, 3, 1, 1, 6, 1, 
    3, 8, 2, 11, 2), RS.n.solutions = c(651, 994, 839, 854, 855, 
    1000, 290, 1077, 573, 297, 380), RS.generations = c(100, 
    100, 100, 100, 100, 100, 100, 100, 100, 100, 100), RS.n.evaluations = c(2500, 
    2500, 2500, 2500, 2500, 2500, 2500, 2500, 2500, 2500, 2500
    ), RS.cpu.time = c(7539.575, 7513.011, 7772.782, 7904.645, 
    7766.92599999999, 7813.969, 8114.04000000001, 8229.539, 8237.14199999999, 
    8177.269, 12672.191), DF.cost = c(1, 1, 1, 1, 1, 1, 1, 1, 
    1, 1, 1), DF.gamma = c(0.14286, 0.14286, 0.14286, 0.14286, 
    0.14286, 0.14286, 0.14286, 0.14286, 0.14286, 0.14286, 0.14286
    ), DF.data.balancing = c(0, 0, 0, 0, 0, 0, 0, 0, 0, 0, 0), 
    DF.feature.selection = c(0, 0, 0, 0, 0, 0, 0, 0, 0, 0, 0), 
    DF.valid.acc = c(0.90939, 0.91955, 0.95052, 0.93846, 0.95604, 
    0.95369, 0.95657, 0.95882, 0.96166, 0.95228, 0.965), DF.test.acc = c(0.90939, 
    0.92788, 0.93386, 0.94615, 0.97143, 0.95369, 0.96282, 0.95882, 
    0.95611, 0.95784, 0.965), DF.train.time = c(0.0123, 0.013, 
    0.0135, 0.0162, 0.0153, 0.0159, 0.0164, 0.0178, 0.0183, 0.0175, 
    0.0232), DF.n.support.vectors = c(51.3, 54.8, 58.3, 62.5, 
    66, 72, 75.2, 77.3, 80.6, 86.2, 88.3), DF.index = c(1, 1, 
    1, 1, 1, 1, 1, 1, 1, 1, 1), DF.n.solutions = c(1, 1, 1, 1, 
    1, 1, 1, 1, 1, 1, 1), DF.generations = c(1, 1, 1, 1, 1, 1, 
    1, 1, 1, 1, 1), DF.n.evaluations = c(1, 1, 1, 1, 1, 1, 1, 
    1, 1, 1, 1), DF.cpu.time = c(2.948, 3.026, 2.951, 3.253, 
    3.187, 3.209, 3.347, 3.385, 3.364, 3.204, 5.26), SMBO.cost = c(13.572054672386, 
    13.572054672386, 13.572054672386, 13.572054672386, 13.572054672386, 
    13.572054672386, 13.572054672386, 13.572054672386, 13.572054672386, 
    13.572054672386, 13.572054672386), SMBO.gamma = c(-10.8046509681676, 
    -10.8046509681676, -10.8046509681676, -10.8046509681676, 
    -10.8046509681676, -10.8046509681676, -10.8046509681676, 
    -10.8046509681676, -10.8046509681676, -10.8046509681676, 
    -10.8046509681676), SMBO.balanced.test.accuracy = c(1, 1, 
    1, 1, 1, 1, 1, 1, 1, 1, 1)), .Names = c("Sampling", "PSO.cost", 
"PSO.gamma", "PSO.data.balancing", "PSO.feature.selection", "PSO.valid.acc", 
"PSO.test.acc", "PSO.train.time", "PSO.n.support.vectors", "PSO.index", 
"PSO.n.solutions", "PSO.generations", "PSO.n.evaluations", "PSO.cpu.time", 
"RS.cost", "RS.gamma", "RS.data.balancing", "RS.feature.selection", 
"RS.valid.acc", "RS.test.acc", "RS.train.time", "RS.n.support.vectors", 
"RS.index", "RS.n.solutions", "RS.generations", "RS.n.evaluations", 
"RS.cpu.time", "DF.cost", "DF.gamma", "DF.data.balancing", "DF.feature.selection", 
"DF.valid.acc", "DF.test.acc", "DF.train.time", "DF.n.support.vectors", 
"DF.index", "DF.n.solutions", "DF.generations", "DF.n.evaluations", 
"DF.cpu.time", "SMBO.cost", "SMBO.gamma", "SMBO.balanced.test.accuracy"
), row.names = c(NA, -11L), class = "data.frame")
