new.sol <-
structure(list(Sampling = c(50, 55, 60, 65, 70, 75, 80, 85, 90, 
95, 100), PSO.cost = c(11.53196, 11.69181, 10.3333, 7.3193, 11.32903, 
8.01072, 7.81806, 8.83847, 11.13384, 9.99054, 11.49941), PSO.gamma = c(-11.61501, 
-10.51941, -6.03998, -4.29529, -8.92057, -6.64532, -3.91226, 
-6.33111, -10.49913, -7.92687, -3.04748), PSO.data.balancing = c(0, 
0, 0, 0, 0, 0, 0, 0, 0, 0, 0), PSO.feature.selection = c(0, 0, 
0, 0, 0, 0, 0, 0, 0, 0, 0), PSO.valid.acc = c(1, 1, 1, 1, 1, 
1, 1, 1, 1, 1, 1), PSO.test.acc = c(1, 1, 1, 0.99231, 1, 0.99375, 
1, 1, 0.99444, 1, 1), PSO.train.time = c(0.0134, 0.0117, 0.0118, 
0.0113, 0.013, 0.0135, 0.0128, 0.0135, 0.0138, 0.0133, 0.0142
), PSO.n.support.vectors = c(16.8, 11.7, 7.8, 12.9, 9.5, 13.4, 
13.4, 12, 16.3, 11.3, 21.4), PSO.index = c(2, 4, 6, 5, 9, 3, 
4, 10, 14, 28, 9), PSO.n.solutions = c(1173, 1595, 1620, 873, 
1279, 1198, 1228, 1110, 792, 1223, 1883), PSO.generations = c(100, 
100, 100, 100, 100, 100, 100, 100, 100, 100, 100), PSO.n.evaluations = c(2500, 
2500, 2500, 2500, 2500, 2500, 2500, 2500, 2500, 2500, 2500), 
    PSO.cpu.time = c(7875.29, 7651.22, 7153.167, 7171.049, 7343.76500000001, 
    7401.766, 7469.63499999999, 7065.285, 7183.93399999999, 7122.16399999999, 
    7360.97200000001), RS.cost = c(13.8721, 14.57348, 14.68721, 
    9.38331, 14.25889, 7.38206, 8.0704, 9.49106, 8.67886, 12.72471, 
    11.17148), RS.gamma = c(-11.82634, -10.57907, -8.97398, -7.10211, 
    -11.97095, -6.45861, -7.08628, -8.44411, -7.89804, -4.34944, 
    -5.16396), RS.data.balancing = c(0, 0, 0, 0, 0, 0, 0, 0, 
    0, 0, 0), RS.feature.selection = c(0, 0, 0, 0, 0, 0, 0, 0, 
    0, 0, 0), RS.valid.acc = c(1, 1, 1, 1, 1, 1, 1, 1, 1, 1, 
    1), RS.test.acc = c(1, 1, 0.99091, 1, 0.99286, 0.99375, 1, 
    1, 0.99444, 1, 1), RS.train.time = c(0.012, 0.0113, 0.0122, 
    0.0124, 0.0131, 0.0126, 0.0138, 0.0129, 0.0151, 0.0131, 0.0137
    ), RS.n.support.vectors = c(9.2, 6.7, 6.8, 10.7, 9.8, 15.7, 
    14.7, 14.3, 15.7, 14.2, 11.5), RS.index = c(28, 4, 4, 1, 
    1, 14, 7, 7, 73, 1, 1), RS.n.solutions = c(188, 210, 395, 
    211, 312, 351, 407, 438, 60, 302, 581), RS.generations = c(100, 
    100, 100, 100, 100, 100, 100, 100, 100, 100, 100), RS.n.evaluations = c(2500, 
    2500, 2500, 2500, 2500, 2500, 2500, 2500, 2500, 2500, 2500
    ), RS.cpu.time = c(7665.048, 7215.924, 7213.321, 7331.504, 
    7445.06999999999, 7408.916, 7426.84800000001, 7155.69, 7207.57999999999, 
    7305.28999999998, 7430.557), DF.cost = c(1, 1, 1, 1, 1, 1, 
    1, 1, 1, 1, 1), DF.gamma = c(0.14286, 0.14286, 0.14286, 0.14286, 
    0.14286, 0.14286, 0.14286, 0.14286, 0.14286, 0.14286, 0.14286
    ), DF.data.balancing = c(0, 0, 0, 0, 0, 0, 0, 0, 0, 0, 0), 
    DF.feature.selection = c(0, 0, 0, 0, 0, 0, 0, 0, 0, 0, 0), 
    DF.valid.acc = c(0.89071, 0.8797, 0.9095, 0.93178, 0.93557, 
    0.95369, 0.95625, 0.95972, 0.95556, 0.96784, 0.96), DF.test.acc = c(0.91162, 
    0.90288, 0.91655, 0.93178, 0.94271, 0.95369, 0.94375, 0.96597, 
    0.96111, 0.96257, 0.97), DF.train.time = c(0.0124, 0.0127, 
    0.0129, 0.014, 0.014, 0.016, 0.0152, 0.0167, 0.0157, 0.0171, 
    0.0171), DF.n.support.vectors = c(54, 59, 63.4, 66.4, 70.1, 
    71.7, 75.4, 77.4, 81.9, 84.2, 88.6), DF.index = c(1, 1, 1, 
    1, 1, 1, 1, 1, 1, 1, 1), DF.n.solutions = c(1, 1, 1, 1, 1, 
    1, 1, 1, 1, 1, 1), DF.generations = c(1, 1, 1, 1, 1, 1, 1, 
    1, 1, 1, 1), DF.n.evaluations = c(1, 1, 1, 1, 1, 1, 1, 1, 
    1, 1, 1), DF.cpu.time = c(3.157, 2.67, 2.858, 2.895, 2.848, 
    3.257, 2.933, 3.006, 2.793, 3.006, 2.889), SMBO.cost = c(13.2628452437554, 
    13.2628452437554, 13.2628452437554, 13.2628452437554, 13.2628452437554, 
    13.2628452437554, 13.2628452437554, 13.2628452437554, 13.2628452437554, 
    13.2628452437554, 13.2628452437554), SMBO.gamma = c(-12.8021701622891, 
    -12.8021701622891, -12.8021701622891, -12.8021701622891, 
    -12.8021701622891, -12.8021701622891, -12.8021701622891, 
    -12.8021701622891, -12.8021701622891, -12.8021701622891, 
    -12.8021701622891), SMBO.balanced.test.accuracy = c(1, 1, 
    1, 1, 1, 1, 1, 1, 1, 1, 1)), .Names = c("Sampling", "PSO.cost", 
"PSO.gamma", "PSO.data.balancing", "PSO.feature.selection", "PSO.valid.acc", 
"PSO.test.acc", "PSO.train.time", "PSO.n.support.vectors", "PSO.index", 
"PSO.n.solutions", "PSO.generations", "PSO.n.evaluations", "PSO.cpu.time", 
"RS.cost", "RS.gamma", "RS.data.balancing", "RS.feature.selection", 
"RS.valid.acc", "RS.test.acc", "RS.train.time", "RS.n.support.vectors", 
"RS.index", "RS.n.solutions", "RS.generations", "RS.n.evaluations", 
"RS.cpu.time", "DF.cost", "DF.gamma", "DF.data.balancing", "DF.feature.selection", 
"DF.valid.acc", "DF.test.acc", "DF.train.time", "DF.n.support.vectors", 
"DF.index", "DF.n.solutions", "DF.generations", "DF.n.evaluations", 
"DF.cpu.time", "SMBO.cost", "SMBO.gamma", "SMBO.balanced.test.accuracy"
), row.names = c(NA, -11L), class = "data.frame")
