new.sol <-
structure(list(Sampling = c(50, 55, 60, 65, 70, 75, 80, 85, 90, 
95, 100), PSO.cost = c(13.75851, 7.63122, 14.18238, 13.19924, 
11.21764, 4.39925, 14.7391, 13.99811, 6.44153, 6.70858, 13.4268
), PSO.gamma = c(-10.89688, -5.76547, -6.697, -7.59171, -12.55858, 
-5.87625, -3.10033, -13.07277, -3.61418, -5.62867, -11.55612), 
    PSO.data.balancing = c(0, 0, 0, 0, 0, 0, 0, 0, 0, 0, 0), 
    PSO.feature.selection = c(0, 0, 0, 0, 0, 0, 0, 0, 0, 0, 0
    ), PSO.valid.acc = c(1, 1, 1, 1, 1, 1, 1, 1, 1, 1, 1), PSO.test.acc = c(1, 
    1, 1, 1, 1, 1, 1, 1, 1, 1, 1), PSO.train.time = c(0.0123, 
    0.012, 0.0121, 0.0115, 0.0134, 0.0136, 0.0135, 0.0137, 0.0139, 
    0.0139, 0.0143), PSO.n.support.vectors = c(7.4, 12.6, 9.4, 
    7.3, 28.5, 36.2, 20.1, 14.8, 21.3, 18.6, 12), PSO.index = c(8, 
    4, 2, 3, 11, 3, 2, 2, 7, 2, 6), PSO.n.solutions = c(1741, 
    1705, 1845, 1576, 1878, 1821, 1244, 1566, 1908, 1841, 1623
    ), PSO.generations = c(100, 100, 100, 100, 100, 100, 100, 
    100, 100, 100, 100), PSO.n.evaluations = c(2500, 2500, 2500, 
    2500, 2500, 2500, 2500, 2500, 2500, 2500, 2500), PSO.cpu.time = c(7135.79, 
    7086.636, 7073.055, 7042.07, 7177.821, 7133.673, 7122.304, 
    7188.15100000001, 7154.776, 7093.322, 7014.93799999999), 
    RS.cost = c(13.18314, 14.05287, 13.6299, 9.74443, 14.15167, 
    10.57295, 14.64608, 11.88497, 5.32389, 14.02203, 11.47217
    ), RS.gamma = c(-9.37542, -14.70016, -9.60854, -11.02418, 
    -10.83754, -9.9804, -13.87012, -6.59052, -6.04168, -3.77814, 
    -6.76942), RS.data.balancing = c(0, 0, 0, 0, 0, 0, 0, 0, 
    0, 0, 0), RS.feature.selection = c(0, 0, 0, 0, 0, 0, 0, 0, 
    0, 0, 0), RS.valid.acc = c(1, 1, 1, 1, 1, 1, 1, 1, 1, 1, 
    1), RS.test.acc = c(1, 1, 1, 1, 1, 1, 1, 1, 0.99444, 1, 1
    ), RS.train.time = c(0.0114, 0.0125, 0.0127, 0.0129, 0.0121, 
    0.0128, 0.0141, 0.0126, 0.0142, 0.0137, 0.0132), RS.n.support.vectors = c(6.6, 
    20.1, 7.5, 27.1, 6.7, 15.9, 16.4, 8.1, 29.8, 16.5, 7.6), 
    RS.index = c(3, 11, 6, 6, 6, 1, 2, 11, 2, 10, 6), RS.n.solutions = c(683, 
    385, 587, 423, 420, 853, 478, 475, 719, 618, 562), RS.generations = c(100, 
    100, 100, 100, 100, 100, 100, 100, 100, 100, 100), RS.n.evaluations = c(2500, 
    2500, 2500, 2500, 2500, 2500, 2500, 2500, 2500, 2500, 2500
    ), RS.cpu.time = c(7155.875, 7106.433, 7056.786, 7088.77800000001, 
    7187.986, 7175.57800000001, 7194.569, 7193.258, 7205.026, 
    7091.33800000002, 7027.66800000001), DF.cost = c(1, 1, 1, 
    1, 1, 1, 1, 1, 1, 1, 1), DF.gamma = c(0.14286, 0.14286, 0.14286, 
    0.14286, 0.14286, 0.14286, 0.14286, 0.14286, 0.14286, 0.14286, 
    0.14286), DF.data.balancing = c(0, 0, 0, 0, 0, 0, 0, 0, 0, 
    0, 0), DF.feature.selection = c(0, 0, 0, 0, 0, 0, 0, 0, 0, 
    0, 0), DF.valid.acc = c(0.88889, 0.91106, 0.90734, 0.94359, 
    0.95714, 0.94696, 0.95, 0.94734, 0.96137, 0.9581, 0.965), 
    DF.test.acc = c(0.9, 0.90364, 0.9067, 0.94359, 0.95714, 0.94119, 
    0.94333, 0.95323, 0.95549, 0.9581, 0.965), DF.train.time = c(0.0131, 
    0.0132, 0.0139, 0.0139, 0.0144, 0.0151, 0.0159, 0.0158, 0.0169, 
    0.0168, 0.0168), DF.n.support.vectors = c(57.6, 60.6, 63.9, 
    67, 69.3, 73.8, 79.4, 79.7, 83, 84.2, 88.9), DF.index = c(1, 
    1, 1, 1, 1, 1, 1, 1, 1, 1, 1), DF.n.solutions = c(1, 1, 1, 
    1, 1, 1, 1, 1, 1, 1, 1), DF.generations = c(1, 1, 1, 1, 1, 
    1, 1, 1, 1, 1, 1), DF.n.evaluations = c(1, 1, 1, 1, 1, 1, 
    1, 1, 1, 1, 1), DF.cpu.time = c(2.83, 2.93, 2.789, 2.858, 
    2.834, 2.873, 2.944, 2.808, 2.893, 2.834, 2.729), SMBO.cost = c(10.9028581770312, 
    10.9028581770312, 10.9028581770312, 10.9028581770312, 10.9028581770312, 
    10.9028581770312, 10.9028581770312, 10.9028581770312, 10.9028581770312, 
    10.9028581770312, 10.9028581770312), SMBO.gamma = c(-11.0425489315522, 
    -11.0425489315522, -11.0425489315522, -11.0425489315522, 
    -11.0425489315522, -11.0425489315522, -11.0425489315522, 
    -11.0425489315522, -11.0425489315522, -11.0425489315522, 
    -11.0425489315522), SMBO.balanced.test.accuracy = c(1, 1, 
    1, 1, 1, 1, 1, 1, 1, 1, 1)), .Names = c("Sampling", "PSO.cost", 
"PSO.gamma", "PSO.data.balancing", "PSO.feature.selection", "PSO.valid.acc", 
"PSO.test.acc", "PSO.train.time", "PSO.n.support.vectors", "PSO.index", 
"PSO.n.solutions", "PSO.generations", "PSO.n.evaluations", "PSO.cpu.time", 
"RS.cost", "RS.gamma", "RS.data.balancing", "RS.feature.selection", 
"RS.valid.acc", "RS.test.acc", "RS.train.time", "RS.n.support.vectors", 
"RS.index", "RS.n.solutions", "RS.generations", "RS.n.evaluations", 
"RS.cpu.time", "DF.cost", "DF.gamma", "DF.data.balancing", "DF.feature.selection", 
"DF.valid.acc", "DF.test.acc", "DF.train.time", "DF.n.support.vectors", 
"DF.index", "DF.n.solutions", "DF.generations", "DF.n.evaluations", 
"DF.cpu.time", "SMBO.cost", "SMBO.gamma", "SMBO.balanced.test.accuracy"
), row.names = c(NA, -11L), class = "data.frame")
