new.sol <-
structure(list(Sampling = c(50, 55, 60, 65, 70, 75, 80, 85, 90, 
95, 100), PSO.cost = c(7.67196, 7.33111, 13.93857, 10.46391, 
11.9625, 14.43198, 11.89239, 7.17078, 13.90225, 10.19208, 11.85627
), PSO.gamma = c(-2.98014, -6.69938, -3.33309, -12.21868, -5.07003, 
-5.90362, -9.23452, -4.54316, -11.66705, -8.91089, -4.75974), 
    PSO.data.balancing = c(0, 0, 0, 0, 0, 0, 0, 0, 0, 0, 0), 
    PSO.feature.selection = c(0, 0, 0, 0, 0, 0, 0, 0, 0, 0, 0
    ), PSO.valid.acc = c(1, 1, 1, 0.99286, 1, 1, 1, 1, 1, 1, 
    1), PSO.test.acc = c(1, 0.99091, 1, 0.99286, 1, 1, 1, 1, 
    1, 1, 1), PSO.train.time = c(0.0114, 0.0121, 0.0117, 0.0129, 
    0.0076, 0.0143, 0.0128, 0.0147, 0.0136, 0.0139, 0.0103), 
    PSO.n.support.vectors = c(18.1, 15.4, 17.1, 34.1, 11, 9.6, 
    9.5, 16.1, 9.8, 13.4, 12.4), PSO.index = c(45, 27, 3, 4, 
    2, 2, 2, 187, 8, 14, 3), PSO.n.solutions = c(1429, 562, 1246, 
    1846, 1773, 1227, 1424, 594, 1272, 1061, 1864), PSO.generations = c(100, 
    100, 100, 100, 100, 100, 100, 100, 100, 100, 100), PSO.n.evaluations = c(2500, 
    2500, 2500, 2500, 2500, 2500, 2500, 2500, 2500, 2500, 2500
    ), PSO.cpu.time = c(7527.354, 7552.543, 7482.288, 7437.748, 
    9064.498, 9947.57399999999, 7215.29800000001, 10572.979, 
    7408.87300000002, 9599.94699999999, 7904.193), RS.cost = c(12.2495, 
    10.14329, 10.82541, 10.90004, 9.71533, 10.71594, 13.29826, 
    7.43171, 11.50212, 10.53935, 11.86933), RS.gamma = c(-3.09008, 
    -9.39767, -10.04513, -9.40333, -5.65685, -3.27748, -11.70977, 
    -4.71591, -10.21833, -4.72144, -4.54277), RS.data.balancing = c(0, 
    0, 0, 0, 0, 0, 0, 0, 0, 0, 0), RS.feature.selection = c(0, 
    0, 0, 0, 0, 0, 0, 0, 0, 0, 0), RS.valid.acc = c(1, 1, 1, 
    0.99286, 1, 1, 1, 1, 1, 1, 1), RS.test.acc = c(1, 1, 1, 0.99286, 
    1, 0.99333, 1, 1, 1, 1, 1), RS.train.time = c(0.0114, 0.0117, 
    0.0117, 0.0114, 0.0137, 0.0148, 0.0123, 0.0151, 0.0132, 0.0158, 
    0.0136), RS.n.support.vectors = c(17.8, 13.8, 14.2, 12, 9.5, 
    19.1, 11.5, 15.4, 12.7, 12.1, 12.9), RS.index = c(40, 13, 
    4, 8, 4, 2, 5, 364, 9, 24, 1), RS.n.solutions = c(93, 52, 
    416, 692, 482, 354, 414, 17, 358, 334, 451), RS.generations = c(100, 
    100, 100, 100, 100, 100, 100, 100, 100, 100, 100), RS.n.evaluations = c(2500, 
    2500, 2500, 2500, 2500, 2500, 2500, 2500, 2500, 2500, 2500
    ), RS.cpu.time = c(7572.908, 7501.566, 7488.806, 6461.48, 
    9304.959, 8999.394, 10561.572, 8811.592, 7485.391, 10417.879, 
    7481.72), DF.cost = c(1, 1, 1, 1, 1, 1, 1, 1, 1, 1, 1), DF.gamma = c(0.14286, 
    0.14286, 0.14286, 0.14286, 0.14286, 0.14286, 0.14286, 0.14286, 
    0.14286, 0.14286, 0.14286), DF.data.balancing = c(0, 0, 0, 
    0, 0, 0, 0, 0, 0, 0, 0), DF.feature.selection = c(0, 0, 0, 
    0, 0, 0, 0, 0, 0, 0, 0), DF.valid.acc = c(0.95, 0.88985, 
    0.90833, 0.89267, 0.95755, 0.95327, 0.94407, 0.95699, 0.96111, 
    0.96839, 0.97), DF.test.acc = c(0.93091, 0.90818, 0.9, 0.88443, 
    0.94326, 0.93994, 0.95657, 0.95735, 0.96111, 0.95757, 0.965
    ), DF.train.time = c(0.0127, 0.0127, 0.0134, 0.0084, 0.0157, 
    0.0147, 0.0178, 0.0155, 0.0159, 0.014, 0.0176), DF.n.support.vectors = c(58, 
    61.7, 67, 69, 72.6, 76.5, 76.9, 79.9, 82.4, 84.9, 88.1), 
    DF.index = c(1, 1, 1, 1, 1, 1, 1, 1, 1, 1, 1), DF.n.solutions = c(1, 
    1, 1, 1, 1, 1, 1, 1, 1, 1, 1), DF.generations = c(1, 1, 1, 
    1, 1, 1, 1, 1, 1, 1, 1), DF.n.evaluations = c(1, 1, 1, 1, 
    1, 1, 1, 1, 1, 1, 1), DF.cpu.time = c(3.052, 2.939, 2.995, 
    2.272, 4.106, 2.919, 4.306, 3.029, 3.027, 3.386, 2.992), 
    SMBO.cost = c(7.81464734967808, 7.81464734967808, 7.81464734967808, 
    7.81464734967808, 7.81464734967808, 7.81464734967808, 7.81464734967808, 
    7.81464734967808, 7.81464734967808, 7.81464734967808, 7.81464734967808
    ), SMBO.gamma = c(-8.47606784403557, -8.47606784403557, -8.47606784403557, 
    -8.47606784403557, -8.47606784403557, -8.47606784403557, 
    -8.47606784403557, -8.47606784403557, -8.47606784403557, 
    -8.47606784403557, -8.47606784403557), SMBO.balanced.test.accuracy = c(1, 
    1, 1, 1, 1, 1, 1, 1, 1, 1, 1)), .Names = c("Sampling", "PSO.cost", 
"PSO.gamma", "PSO.data.balancing", "PSO.feature.selection", "PSO.valid.acc", 
"PSO.test.acc", "PSO.train.time", "PSO.n.support.vectors", "PSO.index", 
"PSO.n.solutions", "PSO.generations", "PSO.n.evaluations", "PSO.cpu.time", 
"RS.cost", "RS.gamma", "RS.data.balancing", "RS.feature.selection", 
"RS.valid.acc", "RS.test.acc", "RS.train.time", "RS.n.support.vectors", 
"RS.index", "RS.n.solutions", "RS.generations", "RS.n.evaluations", 
"RS.cpu.time", "DF.cost", "DF.gamma", "DF.data.balancing", "DF.feature.selection", 
"DF.valid.acc", "DF.test.acc", "DF.train.time", "DF.n.support.vectors", 
"DF.index", "DF.n.solutions", "DF.generations", "DF.n.evaluations", 
"DF.cpu.time", "SMBO.cost", "SMBO.gamma", "SMBO.balanced.test.accuracy"
), row.names = c(NA, -11L), class = "data.frame")
