new.sol <-
structure(list(Sampling = c(50, 55, 60, 65, 70, 75, 80, 85, 90, 
95, 100), PSO.cost = c(14.91525, 10.73303, 8.90744, 7.2474, 11.66675, 
13.55671, 13.48389, 10.0403, 11.98237, 14.25319, 14.77268), PSO.gamma = c(-3.7507, 
-7.23147, -5.64785, -4.60884, -10.3938, -3.58232, -6.76111, -9.3825, 
-9.63033, -6.91167, -3.85738), PSO.data.balancing = c(0, 0, 0, 
0, 0, 0, 0, 0, 0, 0, 0), PSO.feature.selection = c(0, 0, 0, 0, 
0, 0, 0, 0, 0, 0, 0), PSO.valid.acc = c(1, 1, 1, 1, 1, 1, 1, 
1, 1, 1, 1), PSO.test.acc = c(1, 1, 1, 1, 1, 1, 0.99412, 1, 1, 
1, 1), PSO.train.time = c(0.0124, 0.0128, 0.0121, 0.0137, 0.0127, 
0.013, 0.0131, 0.0136, 0.0132, 0.0138, 0.0142), PSO.n.support.vectors = c(17.2, 
8.2, 10.5, 14, 13.5, 16.1, 8.8, 15.9, 10.2, 8.4, 15.8), PSO.index = c(4, 
10, 9, 719, 2, 3, 10, 2, 6, 4, 11), PSO.n.solutions = c(1033, 
1467, 1947, 120, 1454, 1767, 1720, 1298, 1774, 1777, 1799), PSO.generations = c(100, 
100, 100, 100, 100, 100, 100, 100, 100, 100, 100), PSO.n.evaluations = c(2500, 
2500, 2500, 2500, 2500, 2500, 2500, 2500, 2500, 2500, 2500), 
    PSO.cpu.time = c(7437.908, 7199.359, 7407.336, 7389.191, 
    7345.374, 7274.254, 7566.70000000001, 7551.87, 7184.859, 
    7136.19600000003, 7006.383), RS.cost = c(10.7052, 12.4583, 
    13.68912, 6.90479, 14.48245, 14.61476, 11.9705, 12.68436, 
    10.08183, 11.13384, 13.94559), RS.gamma = c(-3.35464, -6.52833, 
    -7.94346, -4.13233, -11.83072, -8.41303, -2.76881, -5.36905, 
    -7.19835, -10.45426, -6.51387), RS.data.balancing = c(0, 
    0, 0, 0, 0, 0, 0, 0, 0, 0, 0), RS.feature.selection = c(0, 
    0, 0, 0, 0, 0, 0, 0, 0, 0, 0), RS.valid.acc = c(1, 1, 1, 
    1, 1, 1, 1, 1, 1, 1, 1), RS.test.acc = c(1, 1, 1, 1, 1, 1, 
    1, 1, 1, 1, 1), RS.train.time = c(0.0127, 0.0119, 0.0121, 
    0.0131, 0.0135, 0.0126, 0.013, 0.0135, 0.0132, 0.0134, 0.0147
    ), RS.n.support.vectors = c(18.2, 7.6, 7.5, 15.7, 8.9, 6.5, 
    22.1, 11, 9.7, 16.9, 7.7), RS.index = c(5, 1, 3, 232, 2, 
    3, 3, 10, 2, 4, 4), RS.n.solutions = c(400, 320, 396, 4, 
    556, 475, 609, 527, 644, 568, 556), RS.generations = c(100, 
    100, 100, 100, 100, 100, 100, 100, 100, 100, 100), RS.n.evaluations = c(2500, 
    2500, 2500, 2500, 2500, 2500, 2500, 2500, 2500, 2500, 2500
    ), RS.cpu.time = c(7411.886, 7238.357, 7425.442, 7520.571, 
    7458.298, 7237.329, 7602.692, 7521.47499999999, 7238.45, 
    7354.39300000001, 7393.647), DF.cost = c(1, 1, 1, 1, 1, 1, 
    1, 1, 1, 1, 1), DF.gamma = c(0.14286, 0.14286, 0.14286, 0.14286, 
    0.14286, 0.14286, 0.14286, 0.14286, 0.14286, 0.14286, 0.14286
    ), DF.data.balancing = c(0, 0, 0, 0, 0, 0, 0, 0, 0, 0, 0), 
    DF.feature.selection = c(0, 0, 0, 0, 0, 0, 0, 0, 0, 0, 0), 
    DF.valid.acc = c(0.88, 0.88606, 0.9, 0.90742, 0.92143, 0.9528, 
    0.96167, 0.95874, 0.94441, 0.95784, 0.97), DF.test.acc = c(0.88, 
    0.87939, 0.91667, 0.90742, 0.94286, 0.9528, 0.96833, 0.95249, 
    0.94441, 0.95784, 0.965), DF.train.time = c(0.0139, 0.013, 
    0.0135, 0.0138, 0.0147, 0.0147, 0.0163, 0.0158, 0.0162, 0.0171, 
    0.0172), DF.n.support.vectors = c(59.6, 61.3, 65.3, 69.6, 
    72.5, 74.8, 78, 78.1, 83, 87.4, 88.9), DF.index = c(1, 1, 
    1, 1, 1, 1, 1, 1, 1, 1, 1), DF.n.solutions = c(1, 1, 1, 1, 
    1, 1, 1, 1, 1, 1, 1), DF.generations = c(1, 1, 1, 1, 1, 1, 
    1, 1, 1, 1, 1), DF.n.evaluations = c(1, 1, 1, 1, 1, 1, 1, 
    1, 1, 1, 1), DF.cpu.time = c(2.91, 2.912, 2.916, 2.964, 2.929, 
    2.997, 3.083, 2.877, 2.915, 2.96, 3.031), SMBO.cost = c(14.5156482676108, 
    14.5156482676108, 14.5156482676108, 14.5156482676108, 14.5156482676108, 
    14.5156482676108, 14.5156482676108, 14.5156482676108, 14.5156482676108, 
    14.5156482676108, 14.5156482676108), SMBO.gamma = c(-8.38933890338617, 
    -8.38933890338617, -8.38933890338617, -8.38933890338617, 
    -8.38933890338617, -8.38933890338617, -8.38933890338617, 
    -8.38933890338617, -8.38933890338617, -8.38933890338617, 
    -8.38933890338617), SMBO.balanced.test.accuracy = c(1, 1, 
    1, 1, 1, 1, 1, 1, 1, 1, 1)), .Names = c("Sampling", "PSO.cost", 
"PSO.gamma", "PSO.data.balancing", "PSO.feature.selection", "PSO.valid.acc", 
"PSO.test.acc", "PSO.train.time", "PSO.n.support.vectors", "PSO.index", 
"PSO.n.solutions", "PSO.generations", "PSO.n.evaluations", "PSO.cpu.time", 
"RS.cost", "RS.gamma", "RS.data.balancing", "RS.feature.selection", 
"RS.valid.acc", "RS.test.acc", "RS.train.time", "RS.n.support.vectors", 
"RS.index", "RS.n.solutions", "RS.generations", "RS.n.evaluations", 
"RS.cpu.time", "DF.cost", "DF.gamma", "DF.data.balancing", "DF.feature.selection", 
"DF.valid.acc", "DF.test.acc", "DF.train.time", "DF.n.support.vectors", 
"DF.index", "DF.n.solutions", "DF.generations", "DF.n.evaluations", 
"DF.cpu.time", "SMBO.cost", "SMBO.gamma", "SMBO.balanced.test.accuracy"
), row.names = c(NA, -11L), class = "data.frame")
