new.sol <-
structure(list(Sampling = c(50, 55, 60, 65, 70, 75, 80, 85, 90, 
95, 100), PSO.cost = c(0.49892, 1.12237, 0.86156, 4.15365, 0.1613, 
10.6151, 0.33873, -0.36777, 9.78078, 1, 2.29299), PSO.gamma = c(-2.71075, 
-2.18477, -2.18954, -0.75115, -1.49066, -0.1156, -1.01075, -2.48819, 
-0.97806, 0.08333, -0.53662), PSO.data.balancing = c(0, 0, 0, 
0, 0, 0, 0, 0, 0, 0, 0), PSO.feature.selection = c(0, 0, 0, 0, 
0, 0, 0, 0, 0, 0, 0), PSO.valid.acc = c(0.68278, 0.64535, 0.70909, 
0.69667, 0.70157, 0.69908, 0.7119, 0.72202, 0.73748, 0.72827, 
0.72157), PSO.test.acc = c(0.63917, 0.57384, 0.67182, 0.67091, 
0.68415, 0.6848, 0.69762, 0.71577, 0.70618, 0.72827, 0.72157), 
    PSO.train.time = c(0.0155, 0.0166, 0.0174, 0.018, 0.0177, 
    0.0188, 0.0202, 0.0211, 0.0235, 0.0215, 0.0231), PSO.n.support.vectors = c(66.3, 
    75.1, 80.9, 92, 97.4, 106.4, 112.7, 108, 126.9, 107.6, 140.8
    ), PSO.index = c(1041, 2447, 1021, 150, 251, 20, 1416, 14, 
    338, 1, 199), PSO.n.solutions = c(150, 1, 244, 872, 215, 
    798, 1, 348, 1024, 2014, 151), PSO.generations = c(100, 100, 
    100, 100, 100, 100, 100, 100, 100, 100, 100), PSO.n.evaluations = c(2500, 
    2500, 2500, 2500, 2500, 2500, 2500, 2500, 2500, 2500, 2500
    ), PSO.cpu.time = c(7417.226, 7564.209, 7517.721, 7536.389, 
    7592.92400000001, 7529.81199999999, 7685.56599999999, 7700.413, 
    7621.145, 7599.75899999999, 7633.283), RS.cost = c(0.52779, 
    14.31917, 0.47562, 1.73773, 0.73392, 13.83812, 0.29753, 0.15344, 
    2.24509, -1.34116, 12.81477), RS.gamma = c(-2.56781, -0.88619, 
    -1.4792, -0.77617, -1.21008, -0.08098, -1.08518, -2.96117, 
    -0.93398, -7.08406, -0.51411), RS.data.balancing = c(0, 0, 
    0, 0, 0, 0, 0, 0, 0, 0, 0), RS.feature.selection = c(0, 0, 
    0, 0, 0, 0, 0, 0, 0, 0, 0), RS.valid.acc = c(0.67028, 0.64374, 
    0.70818, 0.69667, 0.6926, 0.69908, 0.7119, 0.72202, 0.73748, 
    0.72827, 0.72157), RS.test.acc = c(0.63917, 0.62152, 0.69091, 
    0.67924, 0.65338, 0.6848, 0.69762, 0.70952, 0.70618, 0.72827, 
    0.72157), RS.train.time = c(0.0152, 0.0159, 0.0174, 0.017, 
    0.0187, 0.0185, 0.0218, 0.021, 0.0223, 0.0204, 0.0238), RS.n.support.vectors = c(66.8, 
    77.4, 83.7, 91.9, 98.3, 106.4, 112.4, 103.1, 127, 100.2, 
    140.8), RS.index = c(424, 1137, 788, 287, 1907, 1, 994, 22, 
    157, 3, 14), RS.n.solutions = c(1, 2, 1, 7, 1, 70, 2, 3, 
    11, 1542, 9), RS.generations = c(100, 100, 100, 100, 100, 
    100, 100, 100, 100, 100, 100), RS.n.evaluations = c(2500, 
    2500, 2500, 2500, 2500, 2500, 2500, 2500, 2500, 2500, 2500
    ), RS.cpu.time = c(7485.277, 7602.391, 7612.457, 7266.154, 
    7632.57399999999, 7624.72500000001, 7816.947, 7930.107, 7845.905, 
    7764.48799999998, 7913.48799999998), DF.cost = c(1, 1, 1, 
    1, 1, 1, 1, 1, 1, 1, 1), DF.gamma = c(0.08333, 0.08333, 0.08333, 
    0.08333, 0.08333, 0.08333, 0.08333, 0.08333, 0.08333, 0.08333, 
    0.08333), DF.data.balancing = c(0, 0, 0, 0, 0, 0, 0, 0, 0, 
    0, 0), DF.feature.selection = c(0, 0, 0, 0, 0, 0, 0, 0, 0, 
    0, 0), DF.valid.acc = c(0.64917, 0.61838, 0.64273, 0.65076, 
    0.67721, 0.67711, 0.69762, 0.71577, 0.71909, 0.72827, 0.71569
    ), DF.test.acc = c(0.63667, 0.62949, 0.65182, 0.66242, 0.67786, 
    0.69194, 0.70476, 0.71577, 0.71284, 0.72827, 0.71569), DF.train.time = c(0.0162, 
    0.0159, 0.0166, 0.0169, 0.0176, 0.0176, 0.0183, 0.0197, 0.0208, 
    0.0213, 0.0215), DF.n.support.vectors = c(63.3, 70.8, 74.3, 
    78.3, 84.3, 89.5, 91.7, 96.6, 102.9, 107.6, 112.8), DF.index = c(1, 
    1, 1, 1, 1, 1, 1, 1, 1, 1, 1), DF.n.solutions = c(1, 1, 1, 
    1, 1, 1, 1, 1, 1, 1, 1), DF.generations = c(1, 1, 1, 1, 1, 
    1, 1, 1, 1, 1, 1), DF.n.evaluations = c(1, 1, 1, 1, 1, 1, 
    1, 1, 1, 1, 1), DF.cpu.time = c(3.24, 3.051, 2.955, 2.962, 
    3.074, 2.878, 2.833, 2.983, 3.026, 2.985, 2.961), SMBO.cost = c(11.9564103905477, 
    11.9564103905477, 11.9564103905477, 11.9564103905477, 11.9564103905477, 
    11.9564103905477, 11.9564103905477, 11.9564103905477, 11.9564103905477, 
    11.9564103905477, 11.9564103905477), SMBO.gamma = c(-6.15600678512477, 
    -6.15600678512477, -6.15600678512477, -6.15600678512477, 
    -6.15600678512477, -6.15600678512477, -6.15600678512477, 
    -6.15600678512477, -6.15600678512477, -6.15600678512477, 
    -6.15600678512477), SMBO.balanced.test.accuracy = c(0.573134425124156, 
    0.573134425124156, 0.573134425124156, 0.573134425124156, 
    0.573134425124156, 0.573134425124156, 0.573134425124156, 
    0.573134425124156, 0.573134425124156, 0.573134425124156, 
    0.573134425124156)), .Names = c("Sampling", "PSO.cost", "PSO.gamma", 
"PSO.data.balancing", "PSO.feature.selection", "PSO.valid.acc", 
"PSO.test.acc", "PSO.train.time", "PSO.n.support.vectors", "PSO.index", 
"PSO.n.solutions", "PSO.generations", "PSO.n.evaluations", "PSO.cpu.time", 
"RS.cost", "RS.gamma", "RS.data.balancing", "RS.feature.selection", 
"RS.valid.acc", "RS.test.acc", "RS.train.time", "RS.n.support.vectors", 
"RS.index", "RS.n.solutions", "RS.generations", "RS.n.evaluations", 
"RS.cpu.time", "DF.cost", "DF.gamma", "DF.data.balancing", "DF.feature.selection", 
"DF.valid.acc", "DF.test.acc", "DF.train.time", "DF.n.support.vectors", 
"DF.index", "DF.n.solutions", "DF.generations", "DF.n.evaluations", 
"DF.cpu.time", "SMBO.cost", "SMBO.gamma", "SMBO.balanced.test.accuracy"
), row.names = c(NA, -11L), class = "data.frame")
