new.sol <-
structure(list(Sampling = c(50, 55, 60, 65, 70, 75, 80, 85, 90, 
95, 100), PSO.cost = c(1, 1, 3.18277, 11.40221, 1, 1, 2.14757, 
1, 2.88335, 1, 1), PSO.gamma = c(0.08333, 0.08333, -0.82516, 
0.01341, 0.08333, 0.08333, -1.72159, 0.08333, -0.56184, 0.08333, 
0.08333), PSO.data.balancing = c(0, 0, 0, 0, 0, 0, 0, 0, 0, 0, 
0), PSO.feature.selection = c(0, 0, 0, 0, 0, 0, 0, 0, 0, 0, 0
), PSO.valid.acc = c(0.72833, 0.70111, 0.69818, 0.69697, 0.71055, 
0.72253, 0.73333, 0.70911, 0.7314, 0.7281, 0.71569), PSO.test.acc = c(0.72833, 
0.70111, 0.68, 0.69697, 0.71055, 0.72253, 0.70476, 0.70911, 0.7314, 
0.7281, 0.71569), PSO.train.time = c(0.0158, 0.0159, 0.0169, 
0.0179, 0.0183, 0.0184, 0.02, 0.0221, 0.0219, 0.0204, 0.0216), 
    PSO.n.support.vectors = c(56.3, 65.1, 84.7, 92, 80.2, 85.8, 
    108.3, 98.9, 127.9, 107.8, 110.7), PSO.index = c(1, 1, 367, 
    2, 1, 1, 191, 1, 1023, 1, 1), PSO.n.solutions = c(1750, 1882, 
    119, 1731, 1819, 1933, 89, 2035, 122, 1821, 1984), PSO.generations = c(100, 
    100, 100, 100, 100, 100, 100, 100, 100, 100, 100), PSO.n.evaluations = c(2500, 
    2500, 2500, 2500, 2500, 2500, 2500, 2500, 2500, 2500, 2500
    ), PSO.cpu.time = c(7669.296, 7803.225, 7696.606, 7788.338, 
    7754.24000000001, 7851.772, 8099.37300000001, 7979.553, 8104.32799999998, 
    8193.99599999998, 7928.924), RS.cost = c(0.67575, 10.38076, 
    11.82591, 3.5902, 5.30231, -1.7958, 2.03512, -1.57152, 0.39784, 
    -1.33956, 2.44111), RS.gamma = c(-3.14439, -14.70603, -0.75638, 
    2.17646, 1.59793, -14.61985, -1.70337, 0.33169, -2.32872, 
    -3.10555, 0.46688), RS.data.balancing = c(0, 0, 0, 0, 0, 
    0, 0, 0, 0, 0, 0), RS.feature.selection = c(0, 0, 0, 0, 0, 
    0, 0, 0, 0, 0, 0), RS.valid.acc = c(0.73083, 0.70111, 0.69818, 
    0.69697, 0.71055, 0.72253, 0.73333, 0.70911, 0.73218, 0.7281, 
    0.71569), RS.test.acc = c(0.72972, 0.70111, 0.68909, 0.69697, 
    0.71055, 0.72253, 0.70476, 0.70911, 0.70672, 0.7281, 0.71569
    ), RS.train.time = c(0.0152, 0.0215, 0.0167, 0.0187, 0.0198, 
    0.0171, 0.0195, 0.02, 0.0208, 0.021, 0.0246), RS.n.support.vectors = c(59.6, 
    62.5, 84.7, 92, 99.2, 59.3, 108.4, 120.8, 116.1, 112.1, 140.8
    ), RS.index = c(1236, 1, 152, 1, 1, 1, 1820, 1, 1323, 2, 
    2), RS.n.solutions = c(1, 1454, 31, 1321, 1489, 1525, 1, 
    1502, 1, 1507, 1429), RS.generations = c(100, 100, 100, 100, 
    100, 100, 100, 100, 100, 100, 100), RS.n.evaluations = c(2500, 
    2500, 2500, 2500, 2500, 2500, 2500, 2500, 2500, 2500, 2500
    ), RS.cpu.time = c(7679.938, 7713.29, 7697.729, 7840.156, 
    7797.70999999999, 8057.97500000001, 8201.374, 8137.186, 8280.81099999999, 
    8092.065, 8375.13100000002), DF.cost = c(1, 1, 1, 1, 1, 1, 
    1, 1, 1, 1, 1), DF.gamma = c(0.08333, 0.08333, 0.08333, 0.08333, 
    0.08333, 0.08333, 0.08333, 0.08333, 0.08333, 0.08333, 0.08333
    ), DF.data.balancing = c(0, 0, 0, 0, 0, 0, 0, 0, 0, 0, 0), 
    DF.feature.selection = c(0, 0, 0, 0, 0, 0, 0, 0, 0, 0, 0), 
    DF.valid.acc = c(0.72833, 0.70111, 0.67909, 0.68864, 0.71055, 
    0.72253, 0.70476, 0.70911, 0.72551, 0.7281, 0.71569), DF.test.acc = c(0.72833, 
    0.70111, 0.68, 0.69697, 0.71055, 0.72253, 0.70476, 0.70911, 
    0.72551, 0.7281, 0.71569), DF.train.time = c(0.0155, 0.0166, 
    0.0158, 0.0167, 0.0181, 0.0183, 0.0193, 0.0201, 0.0202, 0.0205, 
    0.0214), DF.n.support.vectors = c(56.3, 65.1, 73.2, 75.3, 
    80.2, 85.8, 93.4, 98.9, 103.3, 107.8, 110.7), DF.index = c(1, 
    1, 1, 1, 1, 1, 1, 1, 1, 1, 1), DF.n.solutions = c(1, 1, 1, 
    1, 1, 1, 1, 1, 1, 1, 1), DF.generations = c(1, 1, 1, 1, 1, 
    1, 1, 1, 1, 1, 1), DF.n.evaluations = c(1, 1, 1, 1, 1, 1, 
    1, 1, 1, 1, 1), DF.cpu.time = c(3.143, 3.134, 3.077, 3.076, 
    3.064, 3.075, 3.186, 3.359, 3.175, 3.027, 3.122), SMBO.cost = c(11.3847543675696, 
    11.3847543675696, 11.3847543675696, 11.3847543675696, 11.3847543675696, 
    11.3847543675696, 11.3847543675696, 11.3847543675696, 11.3847543675696, 
    11.3847543675696, 11.3847543675696), SMBO.gamma = c(-1.11515498480431, 
    -1.11515498480431, -1.11515498480431, -1.11515498480431, 
    -1.11515498480431, -1.11515498480431, -1.11515498480431, 
    -1.11515498480431, -1.11515498480431, -1.11515498480431, 
    -1.11515498480431), SMBO.balanced.test.accuracy = c(0.559385646150352, 
    0.559385646150352, 0.559385646150352, 0.559385646150352, 
    0.559385646150352, 0.559385646150352, 0.559385646150352, 
    0.559385646150352, 0.559385646150352, 0.559385646150352, 
    0.559385646150352)), .Names = c("Sampling", "PSO.cost", "PSO.gamma", 
"PSO.data.balancing", "PSO.feature.selection", "PSO.valid.acc", 
"PSO.test.acc", "PSO.train.time", "PSO.n.support.vectors", "PSO.index", 
"PSO.n.solutions", "PSO.generations", "PSO.n.evaluations", "PSO.cpu.time", 
"RS.cost", "RS.gamma", "RS.data.balancing", "RS.feature.selection", 
"RS.valid.acc", "RS.test.acc", "RS.train.time", "RS.n.support.vectors", 
"RS.index", "RS.n.solutions", "RS.generations", "RS.n.evaluations", 
"RS.cpu.time", "DF.cost", "DF.gamma", "DF.data.balancing", "DF.feature.selection", 
"DF.valid.acc", "DF.test.acc", "DF.train.time", "DF.n.support.vectors", 
"DF.index", "DF.n.solutions", "DF.generations", "DF.n.evaluations", 
"DF.cpu.time", "SMBO.cost", "SMBO.gamma", "SMBO.balanced.test.accuracy"
), row.names = c(NA, -11L), class = "data.frame")
