new.sol <-
structure(list(Sampling = c(50, 55, 60, 65, 70, 75, 80, 85, 90, 
95, 100), PSO.cost = c(1, 1, 1, 1, 1, 1, 0.39605, 0.3945, 0.43796, 
0.33115, 1), PSO.gamma = c(0.08333, 0.08333, 0.08333, 0.08333, 
0.08333, 0.08333, -2.17928, -0.45984, -3.06992, -1.40758, 0.08333
), PSO.data.balancing = c(0, 0, 0, 0, 0, 0, 0, 0, 0, 0, 0), PSO.feature.selection = c(0, 
0, 0, 0, 0, 0, 0, 0, 0, 0, 0), PSO.valid.acc = c(0.72889, 0.73333, 
0.72636, 0.73864, 0.74231, 0.73764, 0.73238, 0.73542, 0.7248, 
0.72243, 0.71569), PSO.test.acc = c(0.72889, 0.73333, 0.72636, 
0.73864, 0.74231, 0.73764, 0.72571, 0.72875, 0.72517, 0.70441, 
0.71569), PSO.train.time = c(0.0164, 0.0153, 0.0159, 0.0174, 
0.0181, 0.018, 0.0207, 0.0217, 0.0218, 0.0238, 0.0226), PSO.n.support.vectors = c(59, 
62.6, 70, 74.3, 82.1, 85.3, 107, 120.8, 108.1, 132.6, 112.9), 
    PSO.index = c(1, 1, 1, 1, 1, 1, 523, 2470, 271, 2056, 1), 
    PSO.n.solutions = c(1847, 1973, 1907, 1764, 1693, 2068, 242, 
    1, 89, 3, 1833), PSO.generations = c(100, 100, 100, 100, 
    100, 100, 100, 100, 100, 100, 100), PSO.n.evaluations = c(2500, 
    2500, 2500, 2500, 2500, 2500, 2500, 2500, 2500, 2500, 2500
    ), PSO.cpu.time = c(7637.491, 7714.707, 7802.872, 7973.366, 
    8010.34299999999, 8238.716, 8158.766, 8307.89000000001, 8474.783, 
    8084.86199999999, 8445.66), RS.cost = c(5.09625, 3.31072, 
    2.08437, 11.75263, 12.89275, -1.91151, 0.40507, 4.64215, 
    0.03502, 7.05897, 0.41273), RS.gamma = c(-8.3015, -13.349, 
    -6.1654, -11.5005, 1.62642, -3.09051, -2.06213, -7.9285, 
    -2.50256, -1.12939, -0.81288), RS.data.balancing = c(0, 0, 
    0, 0, 0, 0, 0, 0, 0, 0, 0), RS.feature.selection = c(0, 0, 
    0, 0, 0, 0, 0, 0, 0, 0, 0), RS.valid.acc = c(0.72889, 0.73333, 
    0.72636, 0.73864, 0.74231, 0.73764, 0.73238, 0.72875, 0.7248, 
    0.71654, 0.72124), RS.test.acc = c(0.72889, 0.73333, 0.72636, 
    0.73864, 0.74231, 0.73764, 0.72571, 0.72875, 0.72517, 0.68676, 
    0.70359), RS.train.time = c(0.0164, 0.0148, 0.0168, 0.031, 
    0.0193, 0.0183, 0.0225, 0.0239, 0.0225, 0.0233, 0.0238), 
    RS.n.support.vectors = c(50.2, 54.7, 62.2, 62.5, 99.2, 89.2, 
    109, 84.7, 113.8, 133.5, 140.2), RS.index = c(2, 1, 1, 1, 
    2, 1, 1010, 1, 855, 67, 1211), RS.n.solutions = c(1529, 1512, 
    1497, 1509, 1512, 1667, 2, 1491, 1, 7, 1), RS.generations = c(100, 
    100, 100, 100, 100, 100, 100, 100, 100, 100, 100), RS.n.evaluations = c(2500, 
    2500, 2500, 2500, 2500, 2500, 2500, 2500, 2500, 2500, 2500
    ), RS.cpu.time = c(7765.961, 7881.717, 7960.701, 7995.704, 
    8072.633, 8171.02100000001, 8119.288, 8497.037, 8418.61499999999, 
    8610.71600000001, 8627.625), DF.cost = c(1, 1, 1, 1, 1, 1, 
    1, 1, 1, 1, 1), DF.gamma = c(0.08333, 0.08333, 0.08333, 0.08333, 
    0.08333, 0.08333, 0.08333, 0.08333, 0.08333, 0.08333, 0.08333
    ), DF.data.balancing = c(0, 0, 0, 0, 0, 0, 0, 0, 0, 0, 0), 
    DF.feature.selection = c(0, 0, 0, 0, 0, 0, 0, 0, 0, 0, 0), 
    DF.valid.acc = c(0.72889, 0.73333, 0.72636, 0.73864, 0.74231, 
    0.73764, 0.7181, 0.72875, 0.71892, 0.71029, 0.71569), DF.test.acc = c(0.72889, 
    0.73333, 0.72636, 0.73864, 0.74231, 0.73764, 0.7181, 0.72875, 
    0.71892, 0.71029, 0.71569), DF.train.time = c(0.015, 0.0159, 
    0.0169, 0.0172, 0.0183, 0.019, 0.0195, 0.0209, 0.0206, 0.0231, 
    0.0225), DF.n.support.vectors = c(59, 62.6, 70, 74.3, 82.1, 
    85.3, 93.5, 97.2, 104.1, 109.2, 112.9), DF.index = c(1, 1, 
    1, 1, 1, 1, 1, 1, 1, 1, 1), DF.n.solutions = c(1, 1, 1, 1, 
    1, 1, 1, 1, 1, 1, 1), DF.generations = c(1, 1, 1, 1, 1, 1, 
    1, 1, 1, 1, 1), DF.n.evaluations = c(1, 1, 1, 1, 1, 1, 1, 
    1, 1, 1, 1), DF.cpu.time = c(3.035, 3.182, 3.164, 3.053, 
    3.302, 3.179, 3.406, 3.482, 3.233, 3.545, 3.403), SMBO.cost = c(0.891047866320006, 
    0.891047866320006, 0.891047866320006, 0.891047866320006, 
    0.891047866320006, 0.891047866320006, 0.891047866320006, 
    0.891047866320006, 0.891047866320006, 0.891047866320006, 
    0.891047866320006), SMBO.gamma = c(-1.52747446794645, -1.52747446794645, 
    -1.52747446794645, -1.52747446794645, -1.52747446794645, 
    -1.52747446794645, -1.52747446794645, -1.52747446794645, 
    -1.52747446794645, -1.52747446794645, -1.52747446794645), 
    SMBO.balanced.test.accuracy = c(0.556415343915344, 0.556415343915344, 
    0.556415343915344, 0.556415343915344, 0.556415343915344, 
    0.556415343915344, 0.556415343915344, 0.556415343915344, 
    0.556415343915344, 0.556415343915344, 0.556415343915344)), .Names = c("Sampling", 
"PSO.cost", "PSO.gamma", "PSO.data.balancing", "PSO.feature.selection", 
"PSO.valid.acc", "PSO.test.acc", "PSO.train.time", "PSO.n.support.vectors", 
"PSO.index", "PSO.n.solutions", "PSO.generations", "PSO.n.evaluations", 
"PSO.cpu.time", "RS.cost", "RS.gamma", "RS.data.balancing", "RS.feature.selection", 
"RS.valid.acc", "RS.test.acc", "RS.train.time", "RS.n.support.vectors", 
"RS.index", "RS.n.solutions", "RS.generations", "RS.n.evaluations", 
"RS.cpu.time", "DF.cost", "DF.gamma", "DF.data.balancing", "DF.feature.selection", 
"DF.valid.acc", "DF.test.acc", "DF.train.time", "DF.n.support.vectors", 
"DF.index", "DF.n.solutions", "DF.generations", "DF.n.evaluations", 
"DF.cpu.time", "SMBO.cost", "SMBO.gamma", "SMBO.balanced.test.accuracy"
), row.names = c(NA, -11L), class = "data.frame")
