new.sol <-
structure(list(Sampling = c(50, 55, 60, 65, 70, 75, 80, 85, 90, 
95, 100), PSO.cost = c(1.44907, 6.39854, 4.47505, 1, 0.32169, 
5.16046, 1, 1, 1, 1, 1), PSO.gamma = c(-1.54448, -1.56636, -0.99951, 
0.08333, -2.2394, -6.80547, 0.08333, 0.08333, 0.08333, 0.08333, 
0.08333), PSO.data.balancing = c(0, 0, 0, 0, 0, 0, 0, 0, 0, 0, 
0), PSO.feature.selection = c(0, 0, 0, 0, 0, 0, 0, 0, 0, 0, 0
), PSO.valid.acc = c(0.77028, 0.78495, 0.75636, 0.71393, 0.71923, 
0.73709, 0.70476, 0.72208, 0.73142, 0.74003, 0.71569), PSO.test.acc = c(0.75778, 
0.72939, 0.73727, 0.71393, 0.71859, 0.7294, 0.70476, 0.72208, 
0.73142, 0.74003, 0.71569), PSO.train.time = c(0.0158, 0.0158, 
0.0166, 0.0194, 0.0204, 0.0197, 0.0189, 0.0194, 0.0211, 0.021, 
0.0219), PSO.n.support.vectors = c(66.6, 74.5, 83.9, 74.8, 90.8, 
75.1, 92, 95.4, 99.1, 104.1, 114), PSO.index = c(225, 214, 884, 
1, 1776, 490, 1, 1, 1, 1, 1), PSO.n.solutions = c(111, 157, 97, 
1869, 7, 130, 1975, 1736, 1932, 2040, 1868), PSO.generations = c(100, 
100, 100, 100, 100, 100, 100, 100, 100, 100, 100), PSO.n.evaluations = c(2500, 
2500, 2500, 2500, 2500, 2500, 2500, 2500, 2500, 2500, 2500), 
    PSO.cpu.time = c(7174.059, 7209.364, 7273.073, 7279.415, 
    7295.90199999999, 7358.06999999999, 7432.212, 7662.27399999999, 
    7434.03200000001, 7320.77799999999, 7487.29399999999), RS.cost = c(1.10538, 
    6.75319, 8.85315, 0.19906, 0.43367, 4.52102, 0.98298, 13.31681, 
    -1.10314, 7.78869, 11.65908), RS.gamma = c(-1.68293, -1.57192, 
    -1.00964, -4.52425, -2.56338, -6.35148, -7.07317, 2.84285, 
    0.07437, 0.88815, -14.41915), RS.data.balancing = c(0, 0, 
    0, 0, 0, 0, 0, 0, 0, 0, 0), RS.feature.selection = c(0, 0, 
    0, 0, 0, 0, 0, 0, 0, 0, 0), RS.valid.acc = c(0.77028, 0.78495, 
    0.75636, 0.71393, 0.71923, 0.73709, 0.70476, 0.72208, 0.73142, 
    0.74003, 0.71569), RS.test.acc = c(0.73556, 0.72939, 0.73727, 
    0.71393, 0.71859, 0.73709, 0.70476, 0.72208, 0.73142, 0.74003, 
    0.71569), RS.train.time = c(0.0155, 0.0159, 0.0165, 0.0164, 
    0.0167, 0.0193, 0.0191, 0.0226, 0.0221, 0.0239, 0.0602), 
    RS.n.support.vectors = c(65.4, 74.5, 83.8, 71.2, 88.2, 75.6, 
    83.8, 120.8, 128, 135.2, 107), RS.index = c(101, 1229, 361, 
    1, 1685, 2172, 1, 1, 3, 1, 1), RS.n.solutions = c(4, 1, 10, 
    1382, 2, 2, 1552, 1432, 1508, 1587, 1556), RS.generations = c(100, 
    100, 100, 100, 100, 100, 100, 100, 100, 100, 100), RS.n.evaluations = c(2500, 
    2500, 2500, 2500, 2500, 2500, 2500, 2500, 2500, 2500, 2500
    ), RS.cpu.time = c(7194.554, 7152.929, 7286.896, 7358.972, 
    7411.484, 7420.932, 7546.22600000001, 7621.29399999999, 7643.10400000001, 
    7568.55900000001, 7679.29199999999), DF.cost = c(1, 1, 1, 
    1, 1, 1, 1, 1, 1, 1, 1), DF.gamma = c(0.08333, 0.08333, 0.08333, 
    0.08333, 0.08333, 0.08333, 0.08333, 0.08333, 0.08333, 0.08333, 
    0.08333), DF.data.balancing = c(0, 0, 0, 0, 0, 0, 0, 0, 0, 
    0, 0), DF.feature.selection = c(0, 0, 0, 0, 0, 0, 0, 0, 0, 
    0, 0), DF.valid.acc = c(0.76167, 0.75384, 0.74636, 0.71393, 
    0.71859, 0.72225, 0.70476, 0.72208, 0.73142, 0.74003, 0.71569
    ), DF.test.acc = c(0.76167, 0.75384, 0.74636, 0.71393, 0.71859, 
    0.72225, 0.70476, 0.72208, 0.73142, 0.74003, 0.71569), DF.train.time = c(0.0146, 
    0.0148, 0.0154, 0.0156, 0.0171, 0.0167, 0.0204, 0.0195, 0.019, 
    0.0203, 0.0209), DF.n.support.vectors = c(51.1, 57, 64.8, 
    74.8, 82, 86.7, 92, 95.4, 99.1, 104.1, 114), DF.index = c(1, 
    1, 1, 1, 1, 1, 1, 1, 1, 1, 1), DF.n.solutions = c(1, 1, 1, 
    1, 1, 1, 1, 1, 1, 1, 1), DF.generations = c(1, 1, 1, 1, 1, 
    1, 1, 1, 1, 1, 1), DF.n.evaluations = c(1, 1, 1, 1, 1, 1, 
    1, 1, 1, 1, 1), DF.cpu.time = c(2.954, 2.804, 2.877, 2.803, 
    2.916, 2.87, 2.984, 2.907, 2.951, 2.901, 2.934), SMBO.cost = c(1.5356207708182, 
    1.5356207708182, 1.5356207708182, 1.5356207708182, 1.5356207708182, 
    1.5356207708182, 1.5356207708182, 1.5356207708182, 1.5356207708182, 
    1.5356207708182, 1.5356207708182), SMBO.gamma = c(-1.61692044563766, 
    -1.61692044563766, -1.61692044563766, -1.61692044563766, 
    -1.61692044563766, -1.61692044563766, -1.61692044563766, 
    -1.61692044563766, -1.61692044563766, -1.61692044563766, 
    -1.61692044563766), SMBO.balanced.test.accuracy = c(0.566469407530454, 
    0.566469407530454, 0.566469407530454, 0.566469407530454, 
    0.566469407530454, 0.566469407530454, 0.566469407530454, 
    0.566469407530454, 0.566469407530454, 0.566469407530454, 
    0.566469407530454)), .Names = c("Sampling", "PSO.cost", "PSO.gamma", 
"PSO.data.balancing", "PSO.feature.selection", "PSO.valid.acc", 
"PSO.test.acc", "PSO.train.time", "PSO.n.support.vectors", "PSO.index", 
"PSO.n.solutions", "PSO.generations", "PSO.n.evaluations", "PSO.cpu.time", 
"RS.cost", "RS.gamma", "RS.data.balancing", "RS.feature.selection", 
"RS.valid.acc", "RS.test.acc", "RS.train.time", "RS.n.support.vectors", 
"RS.index", "RS.n.solutions", "RS.generations", "RS.n.evaluations", 
"RS.cpu.time", "DF.cost", "DF.gamma", "DF.data.balancing", "DF.feature.selection", 
"DF.valid.acc", "DF.test.acc", "DF.train.time", "DF.n.support.vectors", 
"DF.index", "DF.n.solutions", "DF.generations", "DF.n.evaluations", 
"DF.cpu.time", "SMBO.cost", "SMBO.gamma", "SMBO.balanced.test.accuracy"
), row.names = c(NA, -11L), class = "data.frame")
