new.sol <-
structure(list(Sampling = c(50, 55, 60, 65, 70, 75, 80, 85, 90, 
95, 100), PSO.cost = c(12.72684, 0.75919, 2.51518, 8.78945, 5.36235, 
0.52852, 6.3464, 2.84818, 1.53217, 7.71337, -1.6236), PSO.gamma = c(-10.45746, 
-4.30228, -4.68169, -7.67793, -9.57561, -5.44918, -11.73983, 
-7.51661, -4.90198, -14.99772, -5.39177), PSO.data.balancing = c(0, 
0, 0, 0, 0, 0, 0, 0, 0, 0, 0), PSO.feature.selection = c(0, 0, 
0, 0, 0, 0, 0, 0, 0, 0, 0), PSO.valid.acc = c(1, 1, 0.99091, 
1, 1, 1, 0.99333, 1, 0.99444, 0.98819, 0.99412), PSO.test.acc = c(0.98889, 
0.98, 0.99091, 0.99091, 0.99231, 0.98571, 1, 0.99375, 0.99375, 
0.96499, 0.98268), PSO.train.time = c(0.0139, 0.0144, 0.0138, 
0.0141, 0.0142, 0.0144, 0.0154, 0.0172, 0.0162, 0.019, 0.018), 
    PSO.n.support.vectors = c(20.5, 39, 31.9, 23.5, 32.4, 44.5, 
    44.5, 41.2, 45.8, 81.9, 90.2), PSO.index = c(21, 1910, 28, 
    2, 12, 29, 27, 18, 357, 81, 17), PSO.n.solutions = c(1861, 
    8, 940, 809, 1532, 346, 515, 79, 1141, 150, 329), PSO.generations = c(100, 
    100, 100, 100, 100, 100, 100, 100, 100, 100, 100), PSO.n.evaluations = c(2500, 
    2500, 2500, 2500, 2500, 2500, 2500, 2500, 2500, 2500, 2500
    ), PSO.cpu.time = c(6449.98, 6559.411, 6290.963, 6378.077, 
    6438.193, 6374.83199999999, 6436.863, 6444.83900000001, 6592.22500000001, 
    6520.549, 6622.389), RS.cost = c(10.64844, 4.17325, -0.01497, 
    11.92565, 4.48409, -0.12361, 9.90477, 4.37668, 0.9099, 3.30293, 
    -1.73184), RS.gamma = c(-7.9281, -6.91804, -4.95971, -7.57234, 
    -10.62121, -4.04073, -14.8905, -3.63028, -4.22702, -10.51857, 
    -5.60379), RS.data.balancing = c(0, 0, 0, 0, 0, 0, 0, 0, 
    0, 0, 0), RS.feature.selection = c(0, 0, 0, 0, 0, 0, 0, 0, 
    0, 0, 0), RS.valid.acc = c(1, 0.99, 0.99091, 1, 1, 1, 0.99333, 
    0.99375, 0.99444, 0.98819, 0.99412), RS.test.acc = c(0.98889, 
    0.98, 0.99091, 0.99091, 1, 0.97857, 0.9785, 0.99375, 0.98819, 
    0.96499, 0.98268), RS.train.time = c(0.0131, 0.0134, 0.0137, 
    0.0139, 0.0153, 0.0159, 0.0154, 0.0176, 0.0168, 0.018, 0.0198
    ), RS.n.support.vectors = c(21.1, 25, 43, 23.6, 49.7, 52, 
    40.2, 54.7, 53.7, 81.3, 95.7), RS.index = c(21, 12, 23, 7, 
    7, 179, 9, 11, 643, 335, 9), RS.n.solutions = c(484, 146, 
    26, 224, 588, 2, 64, 367, 12, 10, 85), RS.generations = c(100, 
    100, 100, 100, 100, 100, 100, 100, 100, 100, 100), RS.n.evaluations = c(2500, 
    2500, 2500, 2500, 2500, 2500, 2500, 2500, 2500, 2500, 2500
    ), RS.cpu.time = c(6492.704, 6512.464, 6495.215, 6449.561, 
    6301.573, 6531.643, 6488.023, 6500.004, 6573.66499999999, 
    6365.821, 6486.59399999998), DF.cost = c(1, 1, 1, 1, 1, 1, 
    1, 1, 1, 1, 1), DF.gamma = c(0.07692, 0.07692, 0.07692, 0.07692, 
    0.07692, 0.07692, 0.07692, 0.07692, 0.07692, 0.07692, 0.07692
    ), DF.data.balancing = c(0, 0, 0, 0, 0, 0, 0, 0, 0, 0, 0), 
    DF.feature.selection = c(0, 0, 0, 0, 0, 0, 0, 0, 0, 0, 0), 
    DF.valid.acc = c(0.97889, 0.98, 0.98258, 0.99167, 0.98397, 
    0.97802, 0.98516, 0.99375, 0.98778, 0.98199, 0.98856), DF.test.acc = c(0.97889, 
    0.98, 0.98258, 0.99167, 0.99167, 0.97088, 0.98516, 0.99375, 
    0.98153, 0.9761, 0.98856), DF.train.time = c(0.0145, 0.0148, 
    0.0154, 0.015, 0.0145, 0.0162, 0.0161, 0.0174, 0.0176, 0.0185, 
    0.018), DF.n.support.vectors = c(42.3, 45.4, 47.1, 49.8, 
    51.4, 52.6, 54.3, 57.9, 61.5, 63.1, 62.3), DF.index = c(1, 
    1, 1, 1, 1, 1, 1, 1, 1, 1, 1), DF.n.solutions = c(1, 1, 1, 
    1, 1, 1, 1, 1, 1, 1, 1), DF.generations = c(1, 1, 1, 1, 1, 
    1, 1, 1, 1, 1, 1), DF.n.evaluations = c(1, 1, 1, 1, 1, 1, 
    1, 1, 1, 1, 1), DF.cpu.time = c(2.612, 2.578, 2.61, 2.446, 
    2.488, 2.603, 2.595, 2.733, 2.674, 2.718, 2.611), SMBO.cost = c(0.536444950777805, 
    0.536444950777805, 0.536444950777805, 0.536444950777805, 
    0.536444950777805, 0.536444950777805, 0.536444950777805, 
    0.536444950777805, 0.536444950777805, 0.536444950777805, 
    0.536444950777805), SMBO.gamma = c(-6.02801037019382, -6.02801037019382, 
    -6.02801037019382, -6.02801037019382, -6.02801037019382, 
    -6.02801037019382, -6.02801037019382, -6.02801037019382, 
    -6.02801037019382, -6.02801037019382, -6.02801037019382), 
    SMBO.balanced.test.accuracy = c(1, 1, 1, 1, 1, 1, 1, 1, 1, 
    1, 1)), .Names = c("Sampling", "PSO.cost", "PSO.gamma", "PSO.data.balancing", 
"PSO.feature.selection", "PSO.valid.acc", "PSO.test.acc", "PSO.train.time", 
"PSO.n.support.vectors", "PSO.index", "PSO.n.solutions", "PSO.generations", 
"PSO.n.evaluations", "PSO.cpu.time", "RS.cost", "RS.gamma", "RS.data.balancing", 
"RS.feature.selection", "RS.valid.acc", "RS.test.acc", "RS.train.time", 
"RS.n.support.vectors", "RS.index", "RS.n.solutions", "RS.generations", 
"RS.n.evaluations", "RS.cpu.time", "DF.cost", "DF.gamma", "DF.data.balancing", 
"DF.feature.selection", "DF.valid.acc", "DF.test.acc", "DF.train.time", 
"DF.n.support.vectors", "DF.index", "DF.n.solutions", "DF.generations", 
"DF.n.evaluations", "DF.cpu.time", "SMBO.cost", "SMBO.gamma", 
"SMBO.balanced.test.accuracy"), row.names = c(NA, -11L), class = "data.frame")
