new.sol <-
structure(list(Sampling = c(50, 55, 60, 65, 70, 75, 80, 85, 90, 
95, 100), PSO.cost = c(0.43446, 14.6881, 3.25941, 3.74321, -1.30544, 
0.29791, -0.04922, -1.4608, 1, -1.52112, 0.71616), PSO.gamma = c(-5.17203, 
-6.77996, -10.73539, -11.07706, -6.78628, -5.48291, -4.94065, 
-5.56712, 0.07692, -6.01633, -5.57979), PSO.data.balancing = c(0, 
0, 0, 0, 0, 0, 0, 0, 0, 0, 0), PSO.feature.selection = c(0, 0, 
0, 0, 0, 0, 0, 0, 0, 0, 0), PSO.valid.acc = c(0.99, 0.99, 0.9798, 
0.98258, 0.99231, 0.99231, 0.99286, 0.99333, 0.99375, 1, 0.98889
), PSO.test.acc = c(0.99, 0.98, 0.9596, 0.98182, 0.99231, 0.97802, 
0.97952, 0.9675, 0.975, 0.98819, 0.98889), PSO.train.time = c(0.0144, 
0.0141, 0.0157, 0.0157, 0.0178, 0.0157, 0.0167, 0.0187, 0.0185, 
0.0199, 0.018), PSO.n.support.vectors = c(37.3, 26.1, 64.7, 64.6, 
85.9, 48.2, 52, 81.1, 59.4, 94.6, 52), PSO.index = c(102, 4, 
220, 5, 172, 134, 23, 1291, 1, 2497, 38), PSO.n.solutions = c(1006, 
1398, 166, 122, 1113, 638, 769, 88, 443, 1, 392), PSO.generations = c(100, 
100, 100, 100, 100, 100, 100, 100, 100, 100, 100), PSO.n.evaluations = c(2500, 
2500, 2500, 2500, 2500, 2500, 2500, 2500, 2500, 2500, 2500), 
    PSO.cpu.time = c(6859.462, 6826.376, 6880.348, 6906.347, 
    6883.344, 6867.55100000001, 6921.181, 6932.11900000001, 6967.89599999999, 
    6953.19100000001, 6998.98700000002), RS.cost = c(0.38279, 
    8.32743, -0.39327, 0.57989, -1.71453, 0.56114, -0.96239, 
    -1.67075, -0.31641, -1.66358, 0.80396), RS.gamma = c(-4.18326, 
    -7.66529, -7.0105, -7.86284, -6.43724, -5.51202, -4.8262, 
    -5.38613, -4.07848, -5.81107, -5.99164), RS.data.balancing = c(0, 
    0, 0, 0, 0, 0, 0, 0, 0, 0, 0), RS.feature.selection = c(0, 
    0, 0, 0, 0, 0, 0, 0, 0, 0, 0), RS.valid.acc = c(0.99, 0.99, 
    0.9798, 0.98258, 0.99231, 0.99231, 0.99286, 0.98708, 0.99375, 
    1, 0.98889), RS.test.acc = c(0.99, 0.98, 0.9596, 0.97273, 
    0.99231, 0.97802, 0.98619, 0.98667, 0.975, 0.98819, 0.98889
    ), RS.train.time = c(0.0148, 0.0144, 0.0153, 0.0156, 0.017, 
    0.0161, 0.0172, 0.0188, 0.0176, 0.0194, 0.018), RS.n.support.vectors = c(39, 
    24.4, 67.1, 65.7, 87.7, 46.5, 63.4, 82.4, 59.5, 94.8, 53.8
    ), RS.index = c(172, 1, 17, 234, 18, 1001, 141, 299, 67, 
    1019, 136), RS.n.solutions = c(7, 303, 27, 7, 7, 2, 12, 6, 
    23, 1, 53), RS.generations = c(100, 100, 100, 100, 100, 100, 
    100, 100, 100, 100, 100), RS.n.evaluations = c(2500, 2500, 
    2500, 2500, 2500, 2500, 2500, 2500, 2500, 2500, 2500), RS.cpu.time = c(6848.21, 
    6847.937, 6902.89200000001, 6884.197, 6869.59, 6895.925, 
    6919.693, 6954.965, 6979.409, 6978.75099999999, 7058.51700000002
    ), DF.cost = c(1, 1, 1, 1, 1, 1, 1, 1, 1, 1, 1), DF.gamma = c(0.07692, 
    0.07692, 0.07692, 0.07692, 0.07692, 0.07692, 0.07692, 0.07692, 
    0.07692, 0.07692, 0.07692), DF.data.balancing = c(0, 0, 0, 
    0, 0, 0, 0, 0, 0, 0, 0), DF.feature.selection = c(0, 0, 0, 
    0, 0, 0, 0, 0, 0, 0, 0), DF.valid.acc = c(0.98, 0.96889, 
    0.97182, 0.96515, 0.97552, 0.97747, 0.98619, 0.97417, 0.99375, 
    0.99375, 0.98301), DF.test.acc = c(0.99, 0.96889, 0.96273, 
    0.95606, 0.97628, 0.97033, 0.97952, 0.97417, 0.975, 0.98264, 
    0.98856), DF.train.time = c(0.0147, 0.015, 0.0154, 0.016, 
    0.0158, 0.0165, 0.0169, 0.017, 0.0184, 0.0186, 0.0187), DF.n.support.vectors = c(43.8, 
    46.7, 49, 49.4, 53, 53.2, 56.6, 56.6, 59.4, 61.3, 61.9), 
    DF.index = c(1, 1, 1, 1, 1, 1, 1, 1, 1, 1, 1), DF.n.solutions = c(1, 
    1, 1, 1, 1, 1, 1, 1, 1, 1, 1), DF.generations = c(1, 1, 1, 
    1, 1, 1, 1, 1, 1, 1, 1), DF.n.evaluations = c(1, 1, 1, 1, 
    1, 1, 1, 1, 1, 1, 1), DF.cpu.time = c(2.751, 2.751, 2.723, 
    2.718, 2.679, 2.734, 2.785, 2.734, 2.773, 2.768, 2.771), 
    SMBO.cost = c(-2.89892686986277, -2.89892686986277, -2.89892686986277, 
    -2.89892686986277, -2.89892686986277, -2.89892686986277, 
    -2.89892686986277, -2.89892686986277, -2.89892686986277, 
    -2.89892686986277, -2.89892686986277), SMBO.gamma = c(-5.35168409412384, 
    -5.35168409412384, -5.35168409412384, -5.35168409412384, 
    -5.35168409412384, -5.35168409412384, -5.35168409412384, 
    -5.35168409412384, -5.35168409412384, -5.35168409412384, 
    -5.35168409412384), SMBO.balanced.test.accuracy = c(1, 1, 
    1, 1, 1, 1, 1, 1, 1, 1, 1)), .Names = c("Sampling", "PSO.cost", 
"PSO.gamma", "PSO.data.balancing", "PSO.feature.selection", "PSO.valid.acc", 
"PSO.test.acc", "PSO.train.time", "PSO.n.support.vectors", "PSO.index", 
"PSO.n.solutions", "PSO.generations", "PSO.n.evaluations", "PSO.cpu.time", 
"RS.cost", "RS.gamma", "RS.data.balancing", "RS.feature.selection", 
"RS.valid.acc", "RS.test.acc", "RS.train.time", "RS.n.support.vectors", 
"RS.index", "RS.n.solutions", "RS.generations", "RS.n.evaluations", 
"RS.cpu.time", "DF.cost", "DF.gamma", "DF.data.balancing", "DF.feature.selection", 
"DF.valid.acc", "DF.test.acc", "DF.train.time", "DF.n.support.vectors", 
"DF.index", "DF.n.solutions", "DF.generations", "DF.n.evaluations", 
"DF.cpu.time", "SMBO.cost", "SMBO.gamma", "SMBO.balanced.test.accuracy"
), row.names = c(NA, -11L), class = "data.frame")
