new.sol <-
structure(list(Sampling = c(50, 55, 60, 65, 70, 75, 80, 85, 90, 
95, 100), PSO.cost = c(8.963, 3.47602, -1.54854, 6.95714, 4.45591, 
1, 0.84628, 6.36485, 9.36208, 10.77064, -0.00542), PSO.gamma = c(-4.14275, 
-11.78173, -5.8857, -4.366, -10.94475, 0.07692, -9.17008, -12.51635, 
-3.93849, -5.77984, -7.35332), PSO.data.balancing = c(0, 0, 0, 
0, 0, 0, 0, 0, 0, 0, 0), PSO.feature.selection = c(0, 0, 0, 0, 
0, 0, 0, 0, 0, 0, 0), PSO.valid.acc = c(1, 0.99, 0.98182, 0.99091, 
0.99231, 0.99286, 0.99286, 0.99333, 0.99375, 0.98824, 0.99444
), PSO.test.acc = c(0.98889, 0.98, 0.99091, 0.98258, 0.97692, 
0.99286, 0.97905, 0.98708, 0.9875, 0.98199, 0.98856), PSO.train.time = c(0.0132, 
0.0158, 0.0146, 0.0153, 0.0165, 0.0153, 0.0167, 0.0165, 0.0156, 
0.0153, 0.0185), PSO.n.support.vectors = c(36.1, 69, 68.4, 36.6, 
53.6, 51.5, 94.9, 56.7, 49.4, 31.1, 88.3), PSO.index = c(184, 
49, 2, 36, 36, 1, 57, 25, 15, 11, 45), PSO.n.solutions = c(96, 
123, 968, 1290, 390, 855, 49, 162, 1509, 1048, 225), PSO.generations = c(100, 
100, 100, 100, 100, 100, 100, 100, 100, 100, 100), PSO.n.evaluations = c(2500, 
2500, 2500, 2500, 2500, 2500, 2500, 2500, 2500, 2500, 2500), 
    PSO.cpu.time = c(6917.055, 6982.117, 6959.016, 6656.796, 
    6549.535, 6506.041, 6556.23299999999, 6569.74399999999, 6560.379, 
    6556.95199999999, 6756.01800000001), RS.cost = c(-0.78592, 
    7.00454, -0.30116, 5.56724, 3.86813, 1.39067, 0.87581, 8.06475, 
    11.23538, 3.89876, 2.44348), RS.gamma = c(-7.08662, -14.90987, 
    -5.46455, -4.20423, -10.82134, -6.62872, -6.88003, -13.42536, 
    -4.22951, -6.4012, -9.27534), RS.data.balancing = c(0, 0, 
    0, 0, 0, 0, 0, 0, 0, 0, 0), RS.feature.selection = c(0, 0, 
    0, 0, 0, 0, 0, 0, 0, 0, 0), RS.valid.acc = c(1, 0.99, 0.99091, 
    0.99091, 0.99231, 0.99286, 0.98619, 0.99333, 0.99375, 0.98824, 
    0.99444), RS.test.acc = c(0.98889, 0.98, 0.98182, 0.98258, 
    0.98462, 0.98516, 0.98619, 0.99333, 0.9875, 0.98199, 0.98301
    ), RS.train.time = c(0.0135, 0.0143, 0.0149, 0.014, 0.0151, 
    0.0145, 0.0161, 0.0159, 0.0159, 0.0153, 0.0181), RS.n.support.vectors = c(61.8, 
    64.3, 48.3, 37.9, 60.2, 44.9, 54.6, 46.1, 46.3, 32.5, 76.9
    ), RS.index = c(18, 157, 1608, 40, 37, 5, 7, 1, 4, 74, 37
    ), RS.n.solutions = c(15, 15, 1, 58, 68, 545, 437, 30, 284, 
    62, 23), RS.generations = c(100, 100, 100, 100, 100, 100, 
    100, 100, 100, 100, 100), RS.n.evaluations = c(2500, 2500, 
    2500, 2500, 2500, 2500, 2500, 2500, 2500, 2500, 2500), RS.cpu.time = c(6995.097, 
    6899.502, 6807.652, 6484.154, 6478.558, 6565.74699999999, 
    6576.011, 6575.13900000001, 6593.416, 6678.03999999999, 6626.56699999998
    ), DF.cost = c(1, 1, 1, 1, 1, 1, 1, 1, 1, 1, 1), DF.gamma = c(0.07692, 
    0.07692, 0.07692, 0.07692, 0.07692, 0.07692, 0.07692, 0.07692, 
    0.07692, 0.07692, 0.07692), DF.data.balancing = c(0, 0, 0, 
    0, 0, 0, 0, 0, 0, 0, 0), DF.feature.selection = c(0, 0, 0, 
    0, 0, 0, 0, 0, 0, 0, 0), DF.valid.acc = c(0.98889, 0.97091, 
    0.97273, 0.98258, 0.98462, 0.99286, 0.97905, 0.97417, 0.9875, 
    0.98787, 0.98392), DF.test.acc = c(0.98889, 0.97091, 0.98182, 
    0.98258, 0.97692, 0.99286, 0.97905, 0.98667, 0.98125, 0.99412, 
    0.98918), DF.train.time = c(0.0148, 0.0132, 0.0135, 0.0148, 
    0.0145, 0.0143, 0.0154, 0.0157, 0.0167, 0.0176, 0.0169), 
    DF.n.support.vectors = c(41.7, 43.6, 45.1, 49, 49.1, 51.5, 
    54.2, 56.6, 57.7, 59.6, 61.4), DF.index = c(1, 1, 1, 1, 1, 
    1, 1, 1, 1, 1, 1), DF.n.solutions = c(1, 1, 1, 1, 1, 1, 1, 
    1, 1, 1, 1), DF.generations = c(1, 1, 1, 1, 1, 1, 1, 1, 1, 
    1, 1), DF.n.evaluations = c(1, 1, 1, 1, 1, 1, 1, 1, 1, 1, 
    1), DF.cpu.time = c(2.82, 2.533, 2.556, 2.66, 2.558, 2.415, 
    2.535, 2.497, 2.594, 2.717, 2.613), SMBO.cost = c(-0.637072492539011, 
    -0.637072492539011, -0.637072492539011, -0.637072492539011, 
    -0.637072492539011, -0.637072492539011, -0.637072492539011, 
    -0.637072492539011, -0.637072492539011, -0.637072492539011, 
    -0.637072492539011), SMBO.gamma = c(-6.27395848709937, -6.27395848709937, 
    -6.27395848709937, -6.27395848709937, -6.27395848709937, 
    -6.27395848709937, -6.27395848709937, -6.27395848709937, 
    -6.27395848709937, -6.27395848709937, -6.27395848709937), 
    SMBO.balanced.test.accuracy = c(1, 1, 1, 1, 1, 1, 1, 1, 1, 
    1, 1)), .Names = c("Sampling", "PSO.cost", "PSO.gamma", "PSO.data.balancing", 
"PSO.feature.selection", "PSO.valid.acc", "PSO.test.acc", "PSO.train.time", 
"PSO.n.support.vectors", "PSO.index", "PSO.n.solutions", "PSO.generations", 
"PSO.n.evaluations", "PSO.cpu.time", "RS.cost", "RS.gamma", "RS.data.balancing", 
"RS.feature.selection", "RS.valid.acc", "RS.test.acc", "RS.train.time", 
"RS.n.support.vectors", "RS.index", "RS.n.solutions", "RS.generations", 
"RS.n.evaluations", "RS.cpu.time", "DF.cost", "DF.gamma", "DF.data.balancing", 
"DF.feature.selection", "DF.valid.acc", "DF.test.acc", "DF.train.time", 
"DF.n.support.vectors", "DF.index", "DF.n.solutions", "DF.generations", 
"DF.n.evaluations", "DF.cpu.time", "SMBO.cost", "SMBO.gamma", 
"SMBO.balanced.test.accuracy"), row.names = c(NA, -11L), class = "data.frame")
