full <-
structure(c(50, 55, 60, 65, 70, 75, 80, 85, 90, 95, 100, 1, 1.97116, 
0.50038, 0.40181, 2.7897, 2.06034, 2.20461, -0.25818, -1.37504, 
-2, 1.46623, 0.07692, -8.57898, -7.13628, -6.60407, -9.58853, 
-8.9196, -8.63318, -6.42226, -5.38032, -5.43663, -5.7947, 0, 
0, 0, 0, 0, 0, 0, 0, 0, 0, 0, 0, 0, 0, 0, 0, 0, 0, 0, 0, 0, 0, 
0.9775, 0.99, 0.99167, 1, 0.98397, 0.99231, 0.99286, 0.99375, 
0.99412, 0.99412, 0.98889, 0.9775, 0.97, 0.99167, 1, 0.98397, 
0.96319, 0.97136, 0.98042, 0.98235, 0.98824, 0.99444, 0.0149, 
0.0137, 0.014, 0.0159, 0.0159, 0.0172, 0.0165, 0.0186, 0.0181, 
0.0192, 0.0167, 39.2, 47.5, 51.6, 53, 60.8, 64.3, 60, 70.1, 80, 
96.6, 46.4, 1, 148, 28, 30, 8, 1630, 14, 474, 312, 325, 40, 461, 
156, 379, 513, 295, 10, 627, 106, 103, 72, 332, 100, 100, 100, 
100, 100, 100, 100, 100, 100, 100, 100, 2500, 2500, 2500, 2500, 
2500, 2500, 2500, 2500, 2500, 2500, 2500, 6425.79, 6275.081, 
6305.502, 6761.288, 7164.646, 7152.54000000001, 6749.848, 6774.44799999999, 
6784.09899999999, 6964.30900000001, 6558.22700000001, -1.35165, 
-0.22133, 1.43406, 0.24253, 2.83524, 1.8204, -1.79063, 0.08317, 
-1.30606, 2.42978, 3.55156, -3.84834, -5.49655, -8.70271, -6.01899, 
-9.77278, -8.65754, -4.92342, -6.81753, -6.10274, -8.08002, -10.72533, 
0, 0, 0, 0, 0, 0, 0, 0, 0, 0, 0, 0, 0, 0, 0, 0, 0, 0, 0, 0, 0, 
0, 0.9775, 0.99, 0.99167, 1, 0.98397, 0.99231, 0.99286, 0.99375, 
0.99412, 0.98856, 0.98889, 0.9775, 0.98, 0.99167, 1, 0.97628, 
0.96319, 0.98516, 0.98042, 0.98235, 0.9768, 0.98301, 0.0143, 
0.0128, 0.0139, 0.0149, 0.0168, 0.0161, 0.0167, 0.017, 0.019, 
0.0176, 0.0181, 48.4, 45.1, 61.3, 49.1, 62.8, 64.1, 77.1, 70.2, 
88.4, 52.1, 81.7, 227, 36, 116, 91, 141, 11, 385, 483, 260, 411, 
17, 17, 10, 51, 119, 35, 3, 7, 3, 4, 27, 83, 100, 100, 100, 100, 
100, 100, 100, 100, 100, 100, 100, 2500, 2500, 2500, 2500, 2500, 
2500, 2500, 2500, 2500, 2500, 2500, 6297.886, 6244.26, 6313.767, 
6865.882, 7172.799, 6936.67999999999, 6768.72500000001, 6999.633, 
7106.198, 6856.22299999998, 6662.86900000001, 1, 1, 1, 1, 1, 
1, 1, 1, 1, 1, 1, 0.07692, 0.07692, 0.07692, 0.07692, 0.07692, 
0.07692, 0.07692, 0.07692, 0.07692, 0.07692, 0.07692, 0, 0, 0, 
0, 0, 0, 0, 0, 0, 0, 0, 0, 0, 0, 0, 0, 0, 0, 0, 0, 0, 0, 0.9775, 
0.97, 0.97273, 0.98333, 0.97564, 0.97802, 0.97905, 0.98708, 0.98235, 
0.98235, 0.98333, 0.9775, 0.98, 0.98182, 0.98333, 0.96795, 0.97802, 
0.9719, 0.98042, 0.98235, 0.98824, 0.98889, 0.0131, 0.014, 0.0141, 
0.0157, 0.0162, 0.0161, 0.0163, 0.0176, 0.0181, 0.0178, 0.017, 
39.2, 42, 43.8, 47.5, 49.8, 52.4, 53.7, 57.6, 58.2, 59.9, 62.4, 
1, 1, 1, 1, 1, 1, 1, 1, 1, 1, 1, 1, 1, 1, 1, 1, 1, 1, 1, 1, 1, 
1, 1, 1, 1, 1, 1, 1, 1, 1, 1, 1, 1, 1, 1, 1, 1, 1, 1, 1, 1, 1, 
1, 1, 2.408, 2.518, 2.546, 2.749, 2.89, 2.674, 2.703, 2.917, 
2.999, 2.68, 2.469), .Dim = c(11L, 40L), .Dimnames = list(NULL, 
    c("Sampling", "PSO.cost", "PSO.gamma", "PSO.data.balancing", 
    "PSO.feature.selection", "PSO.valid.acc", "PSO.test.acc", 
    "PSO.train.time", "PSO.n.support.vectors", "PSO.index", "PSO.n.solutions", 
    "PSO.generations", "PSO.n.evaluations", "PSO.cpu.time", "RS.cost", 
    "RS.gamma", "RS.data.balancing", "RS.feature.selection", 
    "RS.valid.acc", "RS.test.acc", "RS.train.time", "RS.n.support.vectors", 
    "RS.index", "RS.n.solutions", "RS.generations", "RS.n.evaluations", 
    "RS.cpu.time", "DF.cost", "DF.gamma", "DF.data.balancing", 
    "DF.feature.selection", "DF.valid.acc", "DF.test.acc", "DF.train.time", 
    "DF.n.support.vectors", "DF.index", "DF.n.solutions", "DF.generations", 
    "DF.n.evaluations", "DF.cpu.time")))
