new.sol <-
structure(list(Sampling = c(50, 55, 60, 65, 70, 75, 80, 85, 90, 
95, 100), PSO.cost = c(9.32616, 9.08213, 13.07199, 1.712, -1.57537, 
6.15538, 1.998, 8.41472, -0.46534, 0.78678, 0.52695), PSO.gamma = c(-7.50812, 
-4.48521, -4.19311, -10.46688, -6.2016, -14.34275, -3.8417, -13.94623, 
-3.98071, -7.6303, -5.06693), PSO.data.balancing = c(0, 0, 0, 
0, 0, 0, 0, 0, 0, 0, 0), PSO.feature.selection = c(0, 0, 0, 0, 
0, 0, 0, 0, 0, 0, 0), PSO.valid.acc = c(0.99, 1, 1, 0.99167, 
1, 0.99231, 0.99333, 0.99333, 0.9875, 0.99375, 0.99444), PSO.test.acc = c(0.99, 
0.97889, 0.98091, 0.98333, 0.99167, 0.99231, 0.98667, 0.98708, 
0.9875, 0.98819, 0.98264), PSO.train.time = c(0.0127, 0.0126, 
0.0141, 0.0152, 0.014, 0.0146, 0.0146, 0.0149, 0.0148, 0.0155, 
0.015), PSO.n.support.vectors = c(24.5, 36.8, 41.4, 86.4, 83.2, 
88.6, 48.9, 49.6, 62, 75.8, 52.3), PSO.index = c(3, 26, 19, 13, 
605, 8, 3, 6, 119, 143, 381), PSO.n.solutions = c(2112, 1243, 
1342, 146, 74, 354, 1365, 680, 863, 327, 55), PSO.generations = c(100, 
100, 100, 100, 100, 100, 100, 100, 100, 100, 100), PSO.n.evaluations = c(2500, 
2500, 2500, 2500, 2500, 2500, 2500, 2500, 2500, 2500, 2500), 
    PSO.cpu.time = c(5815.224, 5641.656, 5670.481, 5608.288, 
    5491.994, 5422.176, 5406.976, 5437.413, 5513.23800000001, 
    5464.262, 5502.151), RS.cost = c(11.35914, 10.75708, 1.25813, 
    -1.59014, -1.55221, 1.43016, 7.56627, 9.6857, 0.53239, 2.14348, 
    0.41593), RS.gamma = c(-6.98974, -4.47795, -3.79261, -6.16629, 
    -6.21243, -8.66992, -4.09628, -14.40872, -5.13294, -6.38089, 
    -4.80938), RS.data.balancing = c(0, 0, 0, 0, 0, 0, 0, 0, 
    0, 0, 0), RS.feature.selection = c(0, 0, 0, 0, 0, 0, 0, 0, 
    0, 0, 0), RS.valid.acc = c(0.99, 1, 1, 0.99167, 1, 0.99231, 
    0.99333, 0.99333, 0.9875, 0.99375, 0.99444), RS.test.acc = c(0.99, 
    0.97889, 0.98182, 0.98333, 0.99167, 0.99231, 0.97952, 0.98667, 
    0.9875, 0.98194, 0.98264), RS.train.time = c(0.0123, 0.0121, 
    0.0123, 0.0143, 0.0139, 0.0137, 0.0139, 0.0139, 0.0142, 0.0138, 
    0.0147), RS.n.support.vectors = c(25.2, 36.8, 44.5, 76.4, 
    82.7, 71.5, 47, 42.4, 50.8, 41.1, 54.8), RS.index = c(5, 
    9, 54, 59, 910, 37, 10, 40, 67, 109, 662), RS.n.solutions = c(945, 
    80, 70, 39, 1, 60, 165, 74, 31, 13, 2), RS.generations = c(100, 
    100, 100, 100, 100, 100, 100, 100, 100, 100, 100), RS.n.evaluations = c(2500, 
    2500, 2500, 2500, 2500, 2500, 2500, 2500, 2500, 2500, 2500
    ), RS.cpu.time = c(5644.949, 5655.767, 5655.414, 5417.54, 
    5358.631, 5398.416, 5359.5, 5476.17200000001, 5598.86899999999, 
    5588.071, 5596.64700000001), DF.cost = c(1, 1, 1, 1, 1, 1, 
    1, 1, 1, 1, 1), DF.gamma = c(0.07692, 0.07692, 0.07692, 0.07692, 
    0.07692, 0.07692, 0.07692, 0.07692, 0.07692, 0.07692, 0.07692
    ), DF.data.balancing = c(0, 0, 0, 0, 0, 0, 0, 0, 0, 0, 0), 
    DF.feature.selection = c(0, 0, 0, 0, 0, 0, 0, 0, 0, 0, 0), 
    DF.valid.acc = c(0.97639, 0.97889, 0.99091, 0.975, 0.98452, 
    0.97795, 0.98667, 0.98, 0.98125, 0.98194, 0.98264), DF.test.acc = c(0.96639, 
    0.9798, 0.97273, 0.975, 0.99286, 0.98462, 0.98, 0.98042, 
    0.9875, 0.97639, 0.98889), DF.train.time = c(0.0132, 0.0135, 
    0.0138, 0.013, 0.0132, 0.0144, 0.014, 0.015, 0.0158, 0.015, 
    0.0156), DF.n.support.vectors = c(42.2, 44.4, 48.5, 50.5, 
    54, 56.4, 57.6, 57.2, 60, 60.3, 61.7), DF.index = c(1, 1, 
    1, 1, 1, 1, 1, 1, 1, 1, 1), DF.n.solutions = c(1, 1, 1, 1, 
    1, 1, 1, 1, 1, 1, 1), DF.generations = c(1, 1, 1, 1, 1, 1, 
    1, 1, 1, 1, 1), DF.n.evaluations = c(1, 1, 1, 1, 1, 1, 1, 
    1, 1, 1, 1), DF.cpu.time = c(2.365, 2.327, 2.371, 2.113, 
    2.118, 2.247, 2.14, 2.214, 2.245, 2.146, 2.19), SMBO.cost = c(2.6825258256885, 
    2.6825258256885, 2.6825258256885, 2.6825258256885, 2.6825258256885, 
    2.6825258256885, 2.6825258256885, 2.6825258256885, 2.6825258256885, 
    2.6825258256885, 2.6825258256885), SMBO.gamma = c(-6.23967322899317, 
    -6.23967322899317, -6.23967322899317, -6.23967322899317, 
    -6.23967322899317, -6.23967322899317, -6.23967322899317, 
    -6.23967322899317, -6.23967322899317, -6.23967322899317, 
    -6.23967322899317), SMBO.balanced.test.accuracy = c(0.995169082125604, 
    0.995169082125604, 0.995169082125604, 0.995169082125604, 
    0.995169082125604, 0.995169082125604, 0.995169082125604, 
    0.995169082125604, 0.995169082125604, 0.995169082125604, 
    0.995169082125604)), .Names = c("Sampling", "PSO.cost", "PSO.gamma", 
"PSO.data.balancing", "PSO.feature.selection", "PSO.valid.acc", 
"PSO.test.acc", "PSO.train.time", "PSO.n.support.vectors", "PSO.index", 
"PSO.n.solutions", "PSO.generations", "PSO.n.evaluations", "PSO.cpu.time", 
"RS.cost", "RS.gamma", "RS.data.balancing", "RS.feature.selection", 
"RS.valid.acc", "RS.test.acc", "RS.train.time", "RS.n.support.vectors", 
"RS.index", "RS.n.solutions", "RS.generations", "RS.n.evaluations", 
"RS.cpu.time", "DF.cost", "DF.gamma", "DF.data.balancing", "DF.feature.selection", 
"DF.valid.acc", "DF.test.acc", "DF.train.time", "DF.n.support.vectors", 
"DF.index", "DF.n.solutions", "DF.generations", "DF.n.evaluations", 
"DF.cpu.time", "SMBO.cost", "SMBO.gamma", "SMBO.balanced.test.accuracy"
), row.names = c(NA, -11L), class = "data.frame")
