new.sol <-
structure(list(Sampling = c(50, 55, 60, 65, 70, 75, 80, 85, 90, 
95, 100), PSO.cost = c(1, 9.31276, 12.69492, 12.27468, 6.97552, 
11.40143, -1.69155, -0.85464, 1, 6.14476, -2), PSO.gamma = c(0.07692, 
-7.00448, -8.05509, -7.5953, -14.15979, -14.57503, -3.9369, -6.77617, 
0.07692, -13.76914, -5.36345), PSO.data.balancing = c(0, 0, 0, 
0, 0, 0, 0, 0, 0, 0, 0), PSO.feature.selection = c(0, 0, 0, 0, 
0, 0, 0, 0, 0, 0, 0), PSO.valid.acc = c(0.98889, 0.99, 1, 1, 
0.99231, 0.99286, 0.99333, 0.99375, 0.99375, 0.99375, 0.99444
), PSO.test.acc = c(0.98889, 0.98889, 0.99091, 1, 0.99231, 0.97747, 
0.99333, 0.9875, 0.98162, 0.9875, 0.99444), PSO.train.time = c(0.015, 
0.0136, 0.0135, 0.0157, 0.0161, 0.0146, 0.017, 0.0203, 0.0194, 
0.0206, 0.0211), PSO.n.support.vectors = c(44, 22.5, 21.2, 23.4, 
65.8, 27.8, 73.5, 86.2, 59.5, 87.8, 99.2), PSO.index = c(1, 31, 
7, 6, 4, 4, 46, 12, 1, 232, 159), PSO.n.solutions = c(1637, 1461, 
1477, 530, 721, 388, 611, 801, 473, 177, 305), PSO.generations = c(100, 
100, 100, 100, 100, 100, 100, 100, 100, 100, 100), PSO.n.evaluations = c(2500, 
2500, 2500, 2500, 2500, 2500, 2500, 2500, 2500, 2500, 2500), 
    PSO.cpu.time = c(6300.023, 6244.634, 6714.057, 7918.429, 
    8164.904, 8186.89999999999, 8183.31, 8131.512, 8560.091, 
    8565.08599999998, 8448.484), RS.cost = c(11.42152, 5.716, 
    8.43246, 8.51675, 4.82774, 0.17858, -1.4985, 0.60541, 0.77534, 
    -1.99803, 1.2816), RS.gamma = c(-8.74642, -7.2959, -8.66482, 
    -7.07442, -11.79798, -5.12546, -3.73671, -8.51062, -5.00435, 
    -4.87697, -5.84349), RS.data.balancing = c(0, 0, 0, 0, 0, 
    0, 0, 0, 0, 0, 0), RS.feature.selection = c(0, 0, 0, 0, 0, 
    0, 0, 0, 0, 0, 0), RS.valid.acc = c(0.98889, 0.99, 1, 1, 
    0.99231, 0.99286, 0.99333, 0.99375, 0.99375, 0.99375, 0.99444
    ), RS.test.acc = c(0.98889, 0.98889, 1, 1, 0.98462, 0.99286, 
    0.99333, 0.98708, 0.98787, 0.99375, 0.98889), RS.train.time = c(0.0141, 
    0.0135, 0.0132, 0.015, 0.0172, 0.0164, 0.0178, 0.0187, 0.0183, 
    0.0206, 0.0163), RS.n.support.vectors = c(19, 21.7, 20.4, 
    23.8, 62.5, 50.3, 70.6, 90.3, 49.6, 91.2, 48.4), RS.index = c(1, 
    25, 32, 5, 22, 16, 253, 216, 26, 170, 312), RS.n.solutions = c(1164, 
    88, 71, 138, 172, 151, 7, 13, 46, 24, 11), RS.generations = c(100, 
    100, 100, 100, 100, 100, 100, 100, 100, 100, 100), RS.n.evaluations = c(2500, 
    2500, 2500, 2500, 2500, 2500, 2500, 2500, 2500, 2500, 2500
    ), RS.cpu.time = c(6279.794, 6253.721, 7947.923, 8039.378, 
    8198.45300000001, 8066.94, 8163.535, 8465.33, 8538.52499999999, 
    8571.37700000001, 8081.87), DF.cost = c(1, 1, 1, 1, 1, 1, 
    1, 1, 1, 1, 1), DF.gamma = c(0.07692, 0.07692, 0.07692, 0.07692, 
    0.07692, 0.07692, 0.07692, 0.07692, 0.07692, 0.07692, 0.07692
    ), DF.data.balancing = c(0, 0, 0, 0, 0, 0, 0, 0, 0, 0, 0), 
    DF.feature.selection = c(0, 0, 0, 0, 0, 0, 0, 0, 0, 0, 0), 
    DF.valid.acc = c(0.98889, 0.96889, 0.98091, 0.99091, 0.98397, 
    0.97747, 0.98667, 0.975, 0.99375, 0.98231, 0.98301), DF.test.acc = c(0.98889, 
    0.98889, 0.99, 0.98258, 0.99231, 0.99286, 0.98667, 0.97411, 
    0.98162, 0.98162, 0.98333), DF.train.time = c(0.0141, 0.0147, 
    0.016, 0.0151, 0.0158, 0.0171, 0.0176, 0.0183, 0.0183, 0.0189, 
    0.018), DF.n.support.vectors = c(44, 47.2, 47.1, 50.3, 51.4, 
    52.7, 54.1, 57.3, 59.5, 60.4, 62.2), DF.index = c(1, 1, 1, 
    1, 1, 1, 1, 1, 1, 1, 1), DF.n.solutions = c(1, 1, 1, 1, 1, 
    1, 1, 1, 1, 1, 1), DF.generations = c(1, 1, 1, 1, 1, 1, 1, 
    1, 1, 1, 1), DF.n.evaluations = c(1, 1, 1, 1, 1, 1, 1, 1, 
    1, 1, 1), DF.cpu.time = c(2.537, 2.482, 3.29, 3.112, 3.127, 
    3.387, 3.364, 3.36, 3.317, 3.453, 3.167), SMBO.cost = c(4.77543059943059, 
    4.77543059943059, 4.77543059943059, 4.77543059943059, 4.77543059943059, 
    4.77543059943059, 4.77543059943059, 4.77543059943059, 4.77543059943059, 
    4.77543059943059, 4.77543059943059), SMBO.gamma = c(-9.65652299916884, 
    -9.65652299916884, -9.65652299916884, -9.65652299916884, 
    -9.65652299916884, -9.65652299916884, -9.65652299916884, 
    -9.65652299916884, -9.65652299916884, -9.65652299916884, 
    -9.65652299916884), SMBO.balanced.test.accuracy = c(1, 1, 
    1, 1, 1, 1, 1, 1, 1, 1, 1)), .Names = c("Sampling", "PSO.cost", 
"PSO.gamma", "PSO.data.balancing", "PSO.feature.selection", "PSO.valid.acc", 
"PSO.test.acc", "PSO.train.time", "PSO.n.support.vectors", "PSO.index", 
"PSO.n.solutions", "PSO.generations", "PSO.n.evaluations", "PSO.cpu.time", 
"RS.cost", "RS.gamma", "RS.data.balancing", "RS.feature.selection", 
"RS.valid.acc", "RS.test.acc", "RS.train.time", "RS.n.support.vectors", 
"RS.index", "RS.n.solutions", "RS.generations", "RS.n.evaluations", 
"RS.cpu.time", "DF.cost", "DF.gamma", "DF.data.balancing", "DF.feature.selection", 
"DF.valid.acc", "DF.test.acc", "DF.train.time", "DF.n.support.vectors", 
"DF.index", "DF.n.solutions", "DF.generations", "DF.n.evaluations", 
"DF.cpu.time", "SMBO.cost", "SMBO.gamma", "SMBO.balanced.test.accuracy"
), row.names = c(NA, -11L), class = "data.frame")
