full <-
structure(c(50, 55, 60, 65, 70, 75, 80, 85, 90, 95, 100, 12.16697, 
10.65401, 4.46017, 1, 13.17069, -1.27629, 9.93196, 6.53978, -2, 
-2, 3.13652, -10.54388, -11.12245, -6.88588, 0.07692, -9.15057, 
-5.07225, -4.13571, -11.93754, -5.92102, -5.60799, -3.52071, 
0, 0, 0, 0, 0, 0, 0, 0, 0, 0, 0, 0, 0, 0, 0, 0, 0, 0, 0, 0, 0, 
0, 1, 0.99, 1, 0.99167, 0.99167, 0.99167, 0.99333, 0.99375, 0.99375, 
0.99333, 0.98918, 0.97639, 0.97091, 1, 0.98258, 0.97628, 0.985, 
0.98667, 0.98708, 0.98708, 0.98078, 0.98363, 0.0136, 0.0134, 
0.014, 0.0141, 0.0139, 0.0161, 0.0158, 0.0179, 0.0193, 0.0191, 
0.0181, 21, 20.7, 25.4, 51.7, 22.4, 65.2, 44.3, 46.8, 101.2, 
100.1, 61, 5, 3, 1111, 1, 4, 330, 2, 49, 136, 137, 2, 2091, 1835, 
50, 868, 1857, 498, 1152, 151, 856, 959, 1527, 100, 100, 100, 
100, 100, 100, 100, 100, 100, 100, 100, 2500, 2500, 2500, 2500, 
2500, 2500, 2500, 2500, 2500, 2500, 2500, 6357.533, 6218.69, 
6326.114, 6261.247, 6253.687, 6457.815, 6355.015, 6295.583, 6603.13800000001, 
6692.285, 6657.97500000002, 14.90765, 8.7398, 13.13081, 11.03817, 
3.56907, -0.7132, 0.06229, 3.61274, -0.32359, 0.02674, 11.98626, 
-12.38695, -4.65821, -3.18745, -3.56062, -5.95735, -5.0364, -4.91297, 
-8.01832, -6.7142, -4.76182, -3.20277, 0, 0, 0, 0, 0, 0, 0, 0, 
0, 0, 0, 0, 0, 0, 0, 0, 0, 0, 0, 0, 0, 0, 1, 0.99, 0.99091, 0.99167, 
0.99167, 0.99167, 0.99333, 0.99375, 0.99375, 0.98745, 0.98918, 
0.97639, 0.98091, 0.99091, 0.98258, 0.98397, 0.97833, 0.98667, 
0.99375, 0.99375, 0.98157, 0.97807, 0.0135, 0.014, 0.0157, 0.0145, 
0.0137, 0.0154, 0.0165, 0.0155, 0.0178, 0.0176, 0.0184, 21, 33.4, 
53.1, 50.5, 27.4, 56.9, 50.3, 37.9, 77.6, 57.2, 68, 1, 1, 5, 
6, 7, 11, 1, 97, 143, 172, 4, 364, 1024, 353, 260, 454, 3, 359, 
19, 37, 40, 140, 100, 100, 100, 100, 100, 100, 100, 100, 100, 
100, 100, 2500, 2500, 2500, 2500, 2500, 2500, 2500, 2500, 2500, 
2500, 2500, 6137.077, 6340.659, 6333.607, 6219.06, 6138.54300000001, 
6485.25599999999, 6474.986, 6501.87699999999, 6607.82799999999, 
6695.38, 6623.302, 1, 1, 1, 1, 1, 1, 1, 1, 1, 1, 1, 0.07692, 
0.07692, 0.07692, 0.07692, 0.07692, 0.07692, 0.07692, 0.07692, 
0.07692, 0.07692, 0.07692, 0, 0, 0, 0, 0, 0, 0, 0, 0, 0, 0, 0, 
0, 0, 0, 0, 0, 0, 0, 0, 0, 0, 0.96778, 0.97889, 0.99091, 0.99167, 
0.98333, 0.98397, 0.98619, 0.98042, 0.9812, 0.98157, 0.98363, 
0.96778, 0.9698, 0.99091, 0.98258, 0.99167, 0.99167, 0.98667, 
0.98042, 0.98787, 0.98157, 0.97251, 0.0124, 0.0144, 0.0143, 0.0154, 
0.0155, 0.0159, 0.0166, 0.0159, 0.0168, 0.018, 0.0186, 43, 45.5, 
48.1, 51.7, 51.9, 52.9, 55, 56.2, 59.1, 61.3, 62.9, 1, 1, 1, 
1, 1, 1, 1, 1, 1, 1, 1, 1, 1, 1, 1, 1, 1, 1, 1, 1, 1, 1, 1, 1, 
1, 1, 1, 1, 1, 1, 1, 1, 1, 1, 1, 1, 1, 1, 1, 1, 1, 1, 1, 1, 2.338, 
2.538, 2.571, 2.611, 2.486, 2.581, 2.577, 2.458, 2.528, 2.619, 
2.691), .Dim = c(11L, 40L), .Dimnames = list(NULL, c("Sampling", 
"PSO.cost", "PSO.gamma", "PSO.data.balancing", "PSO.feature.selection", 
"PSO.valid.acc", "PSO.test.acc", "PSO.train.time", "PSO.n.support.vectors", 
"PSO.index", "PSO.n.solutions", "PSO.generations", "PSO.n.evaluations", 
"PSO.cpu.time", "RS.cost", "RS.gamma", "RS.data.balancing", "RS.feature.selection", 
"RS.valid.acc", "RS.test.acc", "RS.train.time", "RS.n.support.vectors", 
"RS.index", "RS.n.solutions", "RS.generations", "RS.n.evaluations", 
"RS.cpu.time", "DF.cost", "DF.gamma", "DF.data.balancing", "DF.feature.selection", 
"DF.valid.acc", "DF.test.acc", "DF.train.time", "DF.n.support.vectors", 
"DF.index", "DF.n.solutions", "DF.generations", "DF.n.evaluations", 
"DF.cpu.time")))
