full <-
structure(c(50, 55, 60, 65, 70, 75, 80, 85, 90, 95, 100, 6.28183, 
6.70864, 3.13097, 1.87994, 4.21989, 8.2503, 1, 11.97015, -0.83699, 
2.30054, 1.29699, -4.20119, -12.09212, -5.95122, -3.9795, -11.1304, 
-4.80303, 0.07692, -4.5066, -4.66359, -6.02334, -4.67382, 0, 
0, 0, 0, 0, 0, 0, 0, 0, 0, 0, 0, 0, 0, 0, 0, 0, 0, 0, 0, 0, 0, 
0.99, 0.99, 1, 1, 1, 0.99231, 0.99333, 1, 0.98856, 0.99412, 0.99444, 
0.98, 0.98, 0.97273, 0.99167, 0.98397, 0.99231, 0.99333, 0.98042, 
0.98856, 0.9768, 0.98333, 0.0132, 0.0137, 0.0135, 0.0146, 0.0153, 
0.0159, 0.0167, 0.0147, 0.0182, 0.0177, 0.0175, 34.8, 38.1, 29.3, 
42, 63.8, 35.3, 55.8, 41.4, 66.7, 39.7, 48.3, 9, 3, 843, 3, 130, 
6, 1, 14, 7, 83, 124, 1514, 526, 85, 1136, 38, 750, 469, 1592, 
1255, 109, 712, 100, 100, 100, 100, 100, 100, 100, 100, 100, 
100, 100, 2500, 2500, 2500, 2500, 2500, 2500, 2500, 2500, 2500, 
2500, 2500, 6633.217, 6627.735, 6686.233, 6672.27800000001, 6840.399, 
6791.414, 7014.47099999999, 6782.897, 6652.285, 6750.56299999999, 
6805.27299999999, 12.04844, 5.35004, 2.98547, 2.04353, 7.20387, 
-1.38389, 8.67433, 5.14684, -0.48687, 8.01488, 0.98112, -3.66014, 
-4.00977, -6.0279, -4.23091, -13.829, -4.6385, -3.79273, -4.02362, 
-3.95414, -12.70797, -4.53782, 0, 0, 0, 0, 0, 0, 0, 0, 0, 0, 
0, 0, 0, 0, 0, 0, 0, 0, 0, 0, 0, 0, 0.99, 0.99, 1, 1, 0.99231, 
0.99231, 0.99333, 1, 0.98856, 0.99412, 0.99444, 0.98, 0.98, 0.96273, 
0.99167, 0.98397, 0.98462, 0.99333, 0.98708, 0.98268, 0.98824, 
0.98889, 0.0139, 0.0136, 0.0137, 0.0139, 0.0162, 0.0167, 0.0166, 
0.0178, 0.0184, 0.0168, 0.0176, 40.5, 36.5, 29.6, 39.6, 59.4, 
67.7, 49.1, 47.5, 63.4, 42.8, 50.4, 1, 5, 2134, 3, 8, 5, 4, 24, 
155, 40, 1766, 261, 281, 1, 114, 141, 193, 160, 146, 32, 25, 
3, 100, 100, 100, 100, 100, 100, 100, 100, 100, 100, 100, 2500, 
2500, 2500, 2500, 2500, 2500, 2500, 2500, 2500, 2500, 2500, 6621.427, 
6722.545, 6681.128, 6660.881, 6874.802, 7025.776, 6719.958, 6713.20600000001, 
6762.45299999999, 6757.89500000002, 6753.09900000002, 1, 1, 1, 
1, 1, 1, 1, 1, 1, 1, 1, 0.07692, 0.07692, 0.07692, 0.07692, 0.07692, 
0.07692, 0.07692, 0.07692, 0.07692, 0.07692, 0.07692, 0, 0, 0, 
0, 0, 0, 0, 0, 0, 0, 0, 0, 0, 0, 0, 0, 0, 0, 0, 0, 0, 0, 0.98, 
0.97889, 0.99091, 0.99167, 0.98397, 0.98462, 0.99333, 0.99375, 
0.98268, 0.98162, 0.98889, 0.98, 0.97889, 0.98182, 0.99167, 0.97628, 
0.97692, 0.99333, 0.98708, 0.98856, 0.97574, 0.98333, 0.0137, 
0.0151, 0.0147, 0.0158, 0.0166, 0.0162, 0.0157, 0.0166, 0.0186, 
0.0186, 0.017, 44, 45.3, 48.1, 50.2, 52.5, 55.4, 55.8, 58.4, 
60.6, 62.2, 63.4, 1, 1, 1, 1, 1, 1, 1, 1, 1, 1, 1, 1, 1, 1, 1, 
1, 1, 1, 1, 1, 1, 1, 1, 1, 1, 1, 1, 1, 1, 1, 1, 1, 1, 1, 1, 1, 
1, 1, 1, 1, 1, 1, 1, 1, 2.636, 2.917, 2.677, 2.819, 2.862, 2.773, 
2.562, 2.612, 2.834, 2.745, 2.566), .Dim = c(11L, 40L), .Dimnames = list(
    NULL, c("Sampling", "PSO.cost", "PSO.gamma", "PSO.data.balancing", 
    "PSO.feature.selection", "PSO.valid.acc", "PSO.test.acc", 
    "PSO.train.time", "PSO.n.support.vectors", "PSO.index", "PSO.n.solutions", 
    "PSO.generations", "PSO.n.evaluations", "PSO.cpu.time", "RS.cost", 
    "RS.gamma", "RS.data.balancing", "RS.feature.selection", 
    "RS.valid.acc", "RS.test.acc", "RS.train.time", "RS.n.support.vectors", 
    "RS.index", "RS.n.solutions", "RS.generations", "RS.n.evaluations", 
    "RS.cpu.time", "DF.cost", "DF.gamma", "DF.data.balancing", 
    "DF.feature.selection", "DF.valid.acc", "DF.test.acc", "DF.train.time", 
    "DF.n.support.vectors", "DF.index", "DF.n.solutions", "DF.generations", 
    "DF.n.evaluations", "DF.cpu.time")))
