new.sol <-
structure(list(Sampling = c(50, 55, 60, 65, 70, 75, 80, 85, 90, 
95, 100), PSO.cost = c(4.31903, 5.00083, 13.85644, 1, 9.8721, 
4.84891, 1.36431, 0.64952, 6.76485, 2.97387, -0.55357), PSO.gamma = c(-8.43363, 
-8.415, -12.28812, 0.07692, -3.21643, -11.51209, -4.1305, -4.50374, 
-11.7496, -8.27646, -4.34341), PSO.data.balancing = c(0, 0, 0, 
0, 0, 0, 0, 0, 0, 0, 0), PSO.feature.selection = c(0, 0, 0, 0, 
0, 0, 0, 0, 0, 0, 0), PSO.valid.acc = c(1, 0.99091, 0.99091, 
0.99167, 0.99286, 0.99231, 0.99333, 0.99333, 0.98787, 0.98787, 
0.98889), PSO.test.acc = c(0.9775, 0.99091, 0.96091, 0.99167, 
0.99286, 0.96978, 0.96516, 0.98667, 0.97537, 0.97574, 0.98889
), PSO.train.time = c(0.0129, 0.0163, 0.0167, 0.0202, 0.0205, 
0.0195, 0.0202, 0.0204, 0.0194, 0.02, 0.0226), PSO.n.support.vectors = c(26, 
23.9, 20.6, 49.4, 53.4, 63.2, 46.1, 47.1, 43.4, 49.8, 66.1), 
    PSO.index = c(21, 27, 13, 1, 69, 67, 87, 196, 184, 26, 41
    ), PSO.n.solutions = c(215, 975, 1619, 1148, 1202, 249, 410, 
    740, 132, 102, 367), PSO.generations = c(100, 100, 100, 100, 
    100, 100, 100, 100, 100, 100, 100), PSO.n.evaluations = c(2500, 
    2500, 2500, 2500, 2500, 2500, 2500, 2500, 2500, 2500, 2500
    ), PSO.cpu.time = c(6642.866, 9902.569, 9897.247, 10739.074, 
    10721.078, 10715.162, 10421.777, 10240.489, 10267.925, 10193.87, 
    10340.216), RS.cost = c(6.3701, 7.3583, 6.86783, 6.82211, 
    6.87802, 5.35891, 5.68157, 0.75594, 9.83871, 0.44416, -0.31416
    ), RS.gamma = c(-10.73368, -11.33072, -8.17525, -4.6872, 
    -3.21529, -12.00937, -12.29277, -7.63762, -14.78361, -6.95133, 
    -4.66398), RS.data.balancing = c(0, 0, 0, 0, 0, 0, 0, 0, 
    0, 0, 0), RS.feature.selection = c(0, 0, 0, 0, 0, 0, 0, 0, 
    0, 0, 0), RS.valid.acc = c(1, 0.99091, 0.99091, 0.99167, 
    0.99286, 0.99231, 0.99333, 0.99333, 0.98787, 0.98824, 0.98889
    ), RS.test.acc = c(0.9675, 0.9798, 0.98, 0.98258, 0.99286, 
    0.96978, 0.97952, 0.97994, 0.97537, 0.97643, 0.98889), RS.train.time = c(0.0127, 
    0.0165, 0.0166, 0.0198, 0.0207, 0.0205, 0.0207, 0.0208, 0.0213, 
    0.0218, 0.0227), RS.n.support.vectors = c(27.6, 26.8, 21.7, 
    32, 53.5, 62.8, 63.7, 71.9, 42.9, 70.7, 62.5), RS.index = c(114, 
    57, 2, 4, 24, 2, 36, 48, 24, 315, 15), RS.n.solutions = c(37, 
    165, 354, 403, 27, 39, 30, 14, 22, 3, 20), RS.generations = c(100, 
    100, 100, 100, 100, 100, 100, 100, 100, 100, 100), RS.n.evaluations = c(2500, 
    2500, 2500, 2500, 2500, 2500, 2500, 2500, 2500, 2500, 2500
    ), RS.cpu.time = c(7901.995, 9832.378, 10324.299, 10700.466, 
    10675.811, 10772.066, 10265.137, 10219.039, 10225.856, 10328.991, 
    10373.799), DF.cost = c(1, 1, 1, 1, 1, 1, 1, 1, 1, 1, 1), 
    DF.gamma = c(0.07692, 0.07692, 0.07692, 0.07692, 0.07692, 
    0.07692, 0.07692, 0.07692, 0.07692, 0.07692, 0.07692), DF.data.balancing = c(0, 
    0, 0, 0, 0, 0, 0, 0, 0, 0, 0), DF.feature.selection = c(0, 
    0, 0, 0, 0, 0, 0, 0, 0, 0, 0), DF.valid.acc = c(0.9875, 0.9798, 
    0.98, 0.99167, 0.97683, 0.97026, 0.98667, 0.98667, 0.97574, 
    0.9761, 0.98333), DF.test.acc = c(0.9875, 0.9798, 0.98, 0.99167, 
    0.98452, 0.96192, 0.98, 0.99333, 0.97574, 0.9761, 0.98889
    ), DF.train.time = c(0.0187, 0.018, 0.0204, 0.0187, 0.0205, 
    0.0203, 0.0213, 0.0224, 0.0208, 0.0232, 0.0233), DF.n.support.vectors = c(40.9, 
    44.6, 47.8, 49.4, 51.5, 53.7, 56.1, 57.1, 59.2, 61.4, 63.5
    ), DF.index = c(1, 1, 1, 1, 1, 1, 1, 1, 1, 1, 1), DF.n.solutions = c(1, 
    1, 1, 1, 1, 1, 1, 1, 1, 1, 1), DF.generations = c(1, 1, 1, 
    1, 1, 1, 1, 1, 1, 1, 1), DF.n.evaluations = c(1, 1, 1, 1, 
    1, 1, 1, 1, 1, 1, 1), DF.cpu.time = c(4.24, 3.751, 4.756, 
    3.899, 4.27, 4.149, 4.361, 4.524, 3.92, 4.603, 4.424), SMBO.cost = c(-0.322691828345997, 
    -0.322691828345997, -0.322691828345997, -0.322691828345997, 
    -0.322691828345997, -0.322691828345997, -0.322691828345997, 
    -0.322691828345997, -0.322691828345997, -0.322691828345997, 
    -0.322691828345997), SMBO.gamma = c(-4.34462691905683, -4.34462691905683, 
    -4.34462691905683, -4.34462691905683, -4.34462691905683, 
    -4.34462691905683, -4.34462691905683, -4.34462691905683, 
    -4.34462691905683, -4.34462691905683, -4.34462691905683), 
    SMBO.balanced.test.accuracy = c(1, 1, 1, 1, 1, 1, 1, 1, 1, 
    1, 1)), .Names = c("Sampling", "PSO.cost", "PSO.gamma", "PSO.data.balancing", 
"PSO.feature.selection", "PSO.valid.acc", "PSO.test.acc", "PSO.train.time", 
"PSO.n.support.vectors", "PSO.index", "PSO.n.solutions", "PSO.generations", 
"PSO.n.evaluations", "PSO.cpu.time", "RS.cost", "RS.gamma", "RS.data.balancing", 
"RS.feature.selection", "RS.valid.acc", "RS.test.acc", "RS.train.time", 
"RS.n.support.vectors", "RS.index", "RS.n.solutions", "RS.generations", 
"RS.n.evaluations", "RS.cpu.time", "DF.cost", "DF.gamma", "DF.data.balancing", 
"DF.feature.selection", "DF.valid.acc", "DF.test.acc", "DF.train.time", 
"DF.n.support.vectors", "DF.index", "DF.n.solutions", "DF.generations", 
"DF.n.evaluations", "DF.cpu.time", "SMBO.cost", "SMBO.gamma", 
"SMBO.balanced.test.accuracy"), row.names = c(NA, -11L), class = "data.frame")
