new.sol <-
structure(list(Sampling = c(50, 55, 60, 65, 70, 75, 80, 85, 90, 
95, 100), PSO.cost = c(-0.35357, 7.39547, 3.30901, 9.83375, 4.72185, 
1, -0.54345, -1.28404, -0.38141, 0.40084, 6.67025), PSO.gamma = c(-7.35352, 
-12.37716, -7.92303, -5.96326, -7.89447, 0.07692, -3.86517, -4.41777, 
-5.88082, -4.87387, -10.80534), PSO.data.balancing = c(0, 0, 
0, 0, 0, 0, 0, 0, 0, 0, 0), PSO.feature.selection = c(0, 0, 0, 
0, 0, 0, 0, 0, 0, 0, 0), PSO.valid.acc = c(0.98889, 0.99, 1, 
0.99167, 0.99167, 0.99231, 0.99286, 0.99333, 0.99333, 0.98889, 
0.99444), PSO.test.acc = c(0.98889, 0.99, 1, 0.97424, 0.98397, 
0.98516, 0.98571, 0.98667, 0.99333, 0.98889, 0.97708), PSO.train.time = c(0.0152, 
0.0126, 0.0138, 0.013, 0.0146, 0.0154, 0.0168, 0.0161, 0.0158, 
0.0174, 0.0161), PSO.n.support.vectors = c(63.7, 35.8, 35.1, 
28.7, 30.1, 54.6, 61, 70.3, 67.5, 52.8, 38.8), PSO.index = c(5, 
366, 5, 4, 2, 1, 20, 101, 17, 133, 118), PSO.n.solutions = c(1654, 
50, 695, 1680, 1850, 1020, 1262, 778, 1465, 539, 259), PSO.generations = c(100, 
100, 100, 100, 100, 100, 100, 100, 100, 100, 100), PSO.n.evaluations = c(2500, 
2500, 2500, 2500, 2500, 2500, 2500, 2500, 2500, 2500, 2500), 
    PSO.cpu.time = c(6089.37, 6141.488, 6260.444, 6113.46, 6165.487, 
    6253.38399999999, 6228.17599999999, 6018.27, 6464.586, 6603.20400000001, 
    6778.22900000001), RS.cost = c(12.58464, -0.87213, 3.35109, 
    14.5206, 4.65763, 1.99679, -1.12615, 0.47413, -1.26855, -0.23084, 
    -0.88054), RS.gamma = c(-13.18545, -3.16501, -8.53668, -13.02855, 
    -4.8518, -4.8662, -5.38573, -4.67917, -4.00028, -4.76369, 
    -5.81217), RS.data.balancing = c(0, 0, 0, 0, 0, 0, 0, 0, 
    0, 0, 0), RS.feature.selection = c(0, 0, 0, 0, 0, 0, 0, 0, 
    0, 0, 0), RS.valid.acc = c(0.98889, 0.99, 1, 0.99167, 0.99167, 
    0.99231, 0.99286, 0.99333, 0.99333, 0.98889, 0.99444), RS.test.acc = c(0.98889, 
    0.97, 0.99, 0.99167, 0.99167, 0.98516, 0.98571, 0.98, 0.99333, 
    0.98889, 0.98889), RS.train.time = c(0.0127, 0.0147, 0.014, 
    0.0142, 0.0148, 0.0142, 0.0162, 0.0156, 0.0186, 0.0167, 0.0189
    ), RS.n.support.vectors = c(22, 55.6, 39.4, 24.2, 34.6, 39.6, 
    73.7, 50.6, 70.9, 59.7, 79.6), RS.index = c(1, 90, 11, 1, 
    3, 5, 58, 100, 167, 112, 35), RS.n.solutions = c(844, 8, 
    177, 838, 779, 344, 51, 33, 70, 22, 32), RS.generations = c(100, 
    100, 100, 100, 100, 100, 100, 100, 100, 100, 100), RS.n.evaluations = c(2500, 
    2500, 2500, 2500, 2500, 2500, 2500, 2500, 2500, 2500, 2500
    ), RS.cpu.time = c(6192.3, 6052.236, 6167.685, 6265.285, 
    6227.343, 6306.69, 6138.495, 6171.02499999999, 6637.36, 6481.94500000001, 
    6645.03400000001), DF.cost = c(1, 1, 1, 1, 1, 1, 1, 1, 1, 
    1, 1), DF.gamma = c(0.07692, 0.07692, 0.07692, 0.07692, 0.07692, 
    0.07692, 0.07692, 0.07692, 0.07692, 0.07692, 0.07692), DF.data.balancing = c(0, 
    0, 0, 0, 0, 0, 0, 0, 0, 0, 0), DF.feature.selection = c(0, 
    0, 0, 0, 0, 0, 0, 0, 0, 0, 0), DF.valid.acc = c(0.97889, 
    0.98, 0.99, 0.98258, 0.98333, 0.99231, 0.98571, 0.98667, 
    0.98745, 0.98301, 0.98333), DF.test.acc = c(0.98889, 0.98, 
    0.98, 0.98333, 0.99167, 0.98516, 0.97857, 0.98, 0.98745, 
    0.98301, 0.98333), DF.train.time = c(0.0135, 0.0143, 0.0137, 
    0.0146, 0.0155, 0.0153, 0.0156, 0.0157, 0.0165, 0.0173, 0.018
    ), DF.n.support.vectors = c(43.9, 46.3, 49.9, 52, 52.6, 54.6, 
    58.1, 56.4, 58.3, 60.3, 62.1), DF.index = c(1, 1, 1, 1, 1, 
    1, 1, 1, 1, 1, 1), DF.n.solutions = c(1, 1, 1, 1, 1, 1, 1, 
    1, 1, 1, 1), DF.generations = c(1, 1, 1, 1, 1, 1, 1, 1, 1, 
    1, 1), DF.n.evaluations = c(1, 1, 1, 1, 1, 1, 1, 1, 1, 1, 
    1), DF.cpu.time = c(2.457, 2.469, 2.359, 2.52, 2.584, 2.516, 
    2.381, 2.392, 2.553, 2.642, 2.611), SMBO.cost = c(14.2634251562916, 
    14.2634251562916, 14.2634251562916, 14.2634251562916, 14.2634251562916, 
    14.2634251562916, 14.2634251562916, 14.2634251562916, 14.2634251562916, 
    14.2634251562916, 14.2634251562916), SMBO.gamma = c(-3.38977163953765, 
    -3.38977163953765, -3.38977163953765, -3.38977163953765, 
    -3.38977163953765, -3.38977163953765, -3.38977163953765, 
    -3.38977163953765, -3.38977163953765, -3.38977163953765, 
    -3.38977163953765), SMBO.balanced.test.accuracy = c(0.994949494949495, 
    0.994949494949495, 0.994949494949495, 0.994949494949495, 
    0.994949494949495, 0.994949494949495, 0.994949494949495, 
    0.994949494949495, 0.994949494949495, 0.994949494949495, 
    0.994949494949495)), .Names = c("Sampling", "PSO.cost", "PSO.gamma", 
"PSO.data.balancing", "PSO.feature.selection", "PSO.valid.acc", 
"PSO.test.acc", "PSO.train.time", "PSO.n.support.vectors", "PSO.index", 
"PSO.n.solutions", "PSO.generations", "PSO.n.evaluations", "PSO.cpu.time", 
"RS.cost", "RS.gamma", "RS.data.balancing", "RS.feature.selection", 
"RS.valid.acc", "RS.test.acc", "RS.train.time", "RS.n.support.vectors", 
"RS.index", "RS.n.solutions", "RS.generations", "RS.n.evaluations", 
"RS.cpu.time", "DF.cost", "DF.gamma", "DF.data.balancing", "DF.feature.selection", 
"DF.valid.acc", "DF.test.acc", "DF.train.time", "DF.n.support.vectors", 
"DF.index", "DF.n.solutions", "DF.generations", "DF.n.evaluations", 
"DF.cpu.time", "SMBO.cost", "SMBO.gamma", "SMBO.balanced.test.accuracy"
), row.names = c(NA, -11L), class = "data.frame")
