full <-
structure(c(50, 55, 60, 65, 70, 75, 80, 85, 90, 95, 100, -1.25137, 
4.52272, 0.31819, 1.79451, 1.93226, 9.9558, 4.66268, 5.65534, 
0.7309, 1, 1, -5.97479, -13.13263, -7.54173, -7.75765, -8.86521, 
-7.53255, -5.61801, -6.6658, -4.29046, 0.07692, 0.07692, 0, 0, 
0, 0, 0, 0, 0, 0, 0, 0, 0, 0, 0, 0, 0, 0, 0, 0, 0, 0, 0, 0, 0.98889, 
1, 0.99091, 0.98333, 1, 0.99167, 1, 0.99375, 0.99412, 0.99444, 
0.99474, 0.97889, 0.98, 0.99091, 0.975, 1, 0.99167, 0.98619, 
0.98708, 0.98745, 0.98889, 0.98918, 0.0169, 0.0168, 0.0159, 0.0171, 
0.0169, 0.0158, 0.0168, 0.0165, 0.0185, 0.0195, 0.0194, 57.7, 
72.7, 60.9, 48, 61.7, 25.9, 32.7, 28, 50.1, 62, 62.9, 5, 680, 
3, 4, 43, 2, 18, 23, 633, 1, 1, 612, 18, 1228, 908, 268, 1826, 
354, 1130, 308, 192, 230, 100, 100, 100, 100, 100, 100, 100, 
100, 100, 100, 100, 2500, 2500, 2500, 2500, 2500, 2500, 2500, 
2500, 2500, 2500, 2500, 7891.788, 8671.331, 8742.152, 8756.59, 
8740.276, 8572.007, 8565.79399999999, 8511.204, 8644.198, 8542.511, 
8509.92500000002, 2.25176, 4.12559, 4.03307, 7.6643, 6.03238, 
9.41271, 7.74343, 8.55426, 0.55911, -0.49732, 0.01302, -9.75994, 
-12.73495, -10.75091, -13.23942, -13.09418, -5.77109, -11.12268, 
-6.39663, -4.09508, -6.61831, -3.44568, 0, 0, 0, 0, 0, 0, 0, 
0, 0, 0, 0, 0, 0, 0, 0, 0, 0, 0, 0, 0, 0, 0, 0.98889, 1, 0.99091, 
0.98333, 1, 0.99167, 1, 0.99375, 0.99412, 0.99444, 0.99474, 0.96778, 
0.98, 0.99091, 0.96591, 1, 0.99167, 0.98619, 0.99333, 0.98745, 
0.98856, 0.98918, 0.0158, 0.0164, 0.0156, 0.0159, 0.017, 0.0164, 
0.016, 0.0176, 0.0175, 0.0197, 0.0195, 55.6, 72.7, 54.3, 42, 
62.7, 31, 29.8, 29.1, 53.3, 82.8, 66.6, 3, 1049, 1, 33, 12, 2, 
28, 41, 115, 7, 93, 142, 2, 365, 165, 62, 873, 103, 39, 6, 11, 
69, 100, 100, 100, 100, 100, 100, 100, 100, 100, 100, 100, 2500, 
2500, 2500, 2500, 2500, 2500, 2500, 2500, 2500, 2500, 2500, 8755.649, 
8779.966, 8543.745, 8741.205, 8609.37300000001, 8575.44100000001, 
8546.61700000001, 8625.64299999998, 8600.924, 8511.33499999999, 
8536.50700000001, 1, 1, 1, 1, 1, 1, 1, 1, 1, 1, 1, 0.07692, 0.07692, 
0.07692, 0.07692, 0.07692, 0.07692, 0.07692, 0.07692, 0.07692, 
0.07692, 0.07692, 0, 0, 0, 0, 0, 0, 0, 0, 0, 0, 0, 0, 0, 0, 0, 
0, 0, 0, 0, 0, 0, 0, 0.96389, 0.98, 0.97091, 0.97424, 0.98462, 
0.98333, 0.97905, 0.97994, 0.9749, 0.99444, 0.99474, 0.96528, 
0.97, 0.98091, 0.97424, 0.97692, 0.97619, 0.97905, 0.97994, 0.98157, 
0.98889, 0.98918, 0.0144, 0.0152, 0.0164, 0.0165, 0.0166, 0.0177, 
0.0175, 0.0181, 0.0186, 0.0185, 0.0182, 42.3, 44.3, 47.4, 49.2, 
50.5, 51.5, 54.4, 56.1, 59.1, 62, 62.9, 1, 1, 1, 1, 1, 1, 1, 
1, 1, 1, 1, 1, 1, 1, 1, 1, 1, 1, 1, 1, 1, 1, 1, 1, 1, 1, 1, 1, 
1, 1, 1, 1, 1, 1, 1, 1, 1, 1, 1, 1, 1, 1, 1, 1, 3.204, 3.33, 
3.509, 3.351, 3.392, 3.536, 3.336, 3.375, 3.373, 3.304, 3.283
), .Dim = c(11L, 40L), .Dimnames = list(NULL, c("Sampling", "PSO.cost", 
"PSO.gamma", "PSO.data.balancing", "PSO.feature.selection", "PSO.valid.acc", 
"PSO.test.acc", "PSO.train.time", "PSO.n.support.vectors", "PSO.index", 
"PSO.n.solutions", "PSO.generations", "PSO.n.evaluations", "PSO.cpu.time", 
"RS.cost", "RS.gamma", "RS.data.balancing", "RS.feature.selection", 
"RS.valid.acc", "RS.test.acc", "RS.train.time", "RS.n.support.vectors", 
"RS.index", "RS.n.solutions", "RS.generations", "RS.n.evaluations", 
"RS.cpu.time", "DF.cost", "DF.gamma", "DF.data.balancing", "DF.feature.selection", 
"DF.valid.acc", "DF.test.acc", "DF.train.time", "DF.n.support.vectors", 
"DF.index", "DF.n.solutions", "DF.generations", "DF.n.evaluations", 
"DF.cpu.time")))
