full <-
structure(c(50, 55, 60, 65, 70, 75, 80, 85, 90, 95, 100, 8.673, 
12.06462, 4.45174, 8.6576, 6.98135, 3.29664, 2.60224, 4.36867, 
8.23594, 1.67687, 5.63283, -5.99654, -6.34547, -6.16636, -6.43427, 
-11.26739, -4.92224, -5.10778, -9.25431, -8.46081, -7.26354, 
-10.78702, 0, 0, 0, 0, 0, 0, 0, 0, 0, 0, 0, 0, 0, 0, 0, 0, 0, 
0, 0, 0, 0, 0, 1, 1, 1, 0.99231, 1, 0.99333, 0.99286, 0.99333, 
0.99375, 0.98824, 0.99444, 0.98889, 1, 0.99, 1, 0.96786, 0.99333, 
0.99286, 0.99333, 0.96912, 0.98199, 0.99444, 0.0134, 0.0136, 
0.015, 0.0148, 0.015, 0.0148, 0.0157, 0.0164, 0.0155, 0.0173, 
0.0179, 21.3, 20.8, 23.9, 22.8, 30.5, 33.2, 33.7, 41, 21.1, 53.7, 
48.5, 62, 9, 48, 2, 36, 4, 314, 15, 2, 2, 33, 1550, 500, 1116, 
1169, 347, 1817, 271, 402, 1194, 764, 192, 100, 100, 100, 100, 
100, 100, 100, 100, 100, 100, 100, 2500, 2500, 2500, 2500, 2500, 
2500, 2500, 2500, 2500, 2500, 2500, 6259.559, 6315.21, 6346.201, 
6336.94100000001, 6275.439, 6263.626, 6263.92199999999, 6485.91399999999, 
6439.65000000001, 6599.982, 6614.156, 3.83378, 4.24216, 9.70544, 
7.24282, 6.68229, 11.37068, 2.84786, -0.38746, 4.28927, 7.2273, 
0.62486, -6.26643, -8.33894, -5.95298, -7.08114, -10.30753, -6.87281, 
-4.97737, -6.12171, -10.37575, -14.02226, -4.69441, 0, 0, 0, 
0, 0, 0, 0, 0, 0, 0, 0, 0, 0, 0, 0, 0, 0, 0, 0, 0, 0, 0, 1, 1, 
1, 0.99231, 1, 0.99333, 0.99286, 0.99333, 0.99375, 0.98824, 0.99444, 
1, 0.98, 0.99, 1, 0.97619, 0.98564, 0.99286, 0.99333, 0.98787, 
0.98199, 0.98333, 0.0126, 0.0132, 0.0145, 0.0147, 0.014, 0.0149, 
0.0144, 0.0174, 0.0177, 0.0187, 0.0183, 22.8, 27, 23.4, 22.1, 
26.2, 23.5, 34.8, 66.9, 56.7, 71.8, 53.6, 71, 55, 27, 16, 94, 
2, 2223, 96, 18, 32, 229, 107, 52, 60, 102, 57, 719, 1, 56, 241, 
221, 21, 100, 100, 100, 100, 100, 100, 100, 100, 100, 100, 100, 
2500, 2500, 2500, 2500, 2500, 2500, 2500, 2500, 2500, 2500, 2500, 
6398.27, 6357.007, 6416.788, 6351.788, 6337.33300000001, 6391.37199999999, 
6482.231, 6553.70699999999, 6624.039, 6648.367, 6778.38199999998, 
1, 1, 1, 1, 1, 1, 1, 1, 1, 1, 1, 0.07692, 0.07692, 0.07692, 0.07692, 
0.07692, 0.07692, 0.07692, 0.07692, 0.07692, 0.07692, 0.07692, 
0, 0, 0, 0, 0, 0, 0, 0, 0, 0, 0, 0, 0, 0, 0, 0, 0, 0, 0, 0, 0, 
0, 0.97778, 0.98, 0.98167, 0.98258, 0.97683, 0.98564, 0.97857, 
0.98667, 0.98125, 0.97643, 0.97778, 0.97778, 0.98, 0.98167, 0.98258, 
0.98452, 0.98564, 0.97857, 0.97375, 0.9875, 0.97643, 0.97778, 
0.0145, 0.0147, 0.015, 0.016, 0.016, 0.0154, 0.0176, 0.0167, 
0.0181, 0.019, 0.0196, 41.9, 44.4, 47.6, 47.8, 49, 50.9, 52.8, 
53.7, 55.6, 59.1, 62.8, 1, 1, 1, 1, 1, 1, 1, 1, 1, 1, 1, 1, 1, 
1, 1, 1, 1, 1, 1, 1, 1, 1, 1, 1, 1, 1, 1, 1, 1, 1, 1, 1, 1, 1, 
1, 1, 1, 1, 1, 1, 1, 1, 1, 1, 2.526, 2.583, 2.608, 2.58, 2.626, 
2.452, 2.649, 2.552, 2.636, 2.656, 2.694), .Dim = c(11L, 40L), .Dimnames = list(
    NULL, c("Sampling", "PSO.cost", "PSO.gamma", "PSO.data.balancing", 
    "PSO.feature.selection", "PSO.valid.acc", "PSO.test.acc", 
    "PSO.train.time", "PSO.n.support.vectors", "PSO.index", "PSO.n.solutions", 
    "PSO.generations", "PSO.n.evaluations", "PSO.cpu.time", "RS.cost", 
    "RS.gamma", "RS.data.balancing", "RS.feature.selection", 
    "RS.valid.acc", "RS.test.acc", "RS.train.time", "RS.n.support.vectors", 
    "RS.index", "RS.n.solutions", "RS.generations", "RS.n.evaluations", 
    "RS.cpu.time", "DF.cost", "DF.gamma", "DF.data.balancing", 
    "DF.feature.selection", "DF.valid.acc", "DF.test.acc", "DF.train.time", 
    "DF.n.support.vectors", "DF.index", "DF.n.solutions", "DF.generations", 
    "DF.n.evaluations", "DF.cpu.time")))
