new.sol <-
structure(list(Sampling = c(50, 55, 60, 65, 70, 75, 80, 85, 90, 
95, 100), PSO.cost = c(-1.03407, 7.48086, -2, 1, -0.52788, -0.19024, 
1, -2, -1.70255, 2.57781, 7.5959), PSO.gamma = c(-3.04815, -11.5721, 
-4.4665, 0.07692, -6.51141, -3.77541, 0.07692, -4.09787, -4.4586, 
-8.17121, -13.79055), PSO.data.balancing = c(0, 0, 0, 0, 0, 0, 
0, 0, 0, 0, 0), PSO.feature.selection = c(0, 0, 0, 0, 0, 0, 0, 
0, 0, 0, 0), PSO.valid.acc = c(0.98889, 0.97889, 0.99091, 0.99167, 
0.99231, 0.99167, 0.99286, 0.99286, 0.99333, 0.99412, 0.99444
), PSO.test.acc = c(0.98889, 0.96889, 0.99091, 0.98258, 0.98397, 
0.98452, 0.98619, 0.99286, 0.99333, 0.97643, 0.98301), PSO.train.time = c(0.0139, 
0.013, 0.0152, 0.0143, 0.0166, 0.016, 0.0164, 0.0177, 0.019, 
0.0169, 0.0188), PSO.n.support.vectors = c(54, 29.4, 69, 50.4, 
68.2, 54.1, 55.8, 80.3, 78.8, 53.1, 62.7), PSO.index = c(62, 
3, 80, 1, 89, 4, 1, 86, 3, 27, 29), PSO.n.solutions = c(683, 
1414, 954, 744, 571, 732, 641, 946, 955, 129, 207), PSO.generations = c(100, 
100, 100, 100, 100, 100, 100, 100, 100, 100, 100), PSO.n.evaluations = c(2500, 
2500, 2500, 2500, 2500, 2500, 2500, 2500, 2500, 2500, 2500), 
    PSO.cpu.time = c(6197.781, 6202.499, 6375.902, 6550.74200000001, 
    6397.68399999999, 6481.41300000001, 6555.03599999999, 6319.71100000001, 
    6648.67600000001, 6549.72500000001, 6322.58900000001), RS.cost = c(-0.52569, 
    -0.1621, -0.98565, -0.89924, -1.50612, -1.0774, 1.95511, 
    -1.89018, 0.23612, 6.94028, 0.7446), RS.gamma = c(-6.20875, 
    -5.3769, -5.17382, -3.39429, -5.15797, -5.55753, -3.35252, 
    -4.2854, -5.17155, -12.74109, -4.30157), RS.data.balancing = c(0, 
    0, 0, 0, 0, 0, 0, 0, 0, 0, 0), RS.feature.selection = c(0, 
    0, 0, 0, 0, 0, 0, 0, 0, 0, 0), RS.valid.acc = c(0.98889, 
    0.98889, 0.99091, 0.99167, 0.99231, 0.99167, 0.99286, 0.99286, 
    0.99333, 0.99412, 0.99444), RS.test.acc = c(0.97778, 0.97889, 
    0.98091, 0.98258, 0.98397, 0.99167, 0.98619, 0.99286, 0.99333, 
    0.97532, 0.98889), RS.train.time = c(0.0141, 0.0135, 0.015, 
    0.0165, 0.0158, 0.0162, 0.016, 0.0166, 0.0171, 0.0172, 0.0159
    ), RS.n.support.vectors = c(52, 45.3, 57.9, 59.4, 70.4, 68.1, 
    56.3, 77.8, 51.7, 54.1, 53.7), RS.index = c(178, 54, 102, 
    10, 255, 170, 30, 46, 132, 224, 151), RS.n.solutions = c(23, 
    24, 24, 78, 18, 15, 103, 4, 30, 28, 25), RS.generations = c(100, 
    100, 100, 100, 100, 100, 100, 100, 100, 100, 100), RS.n.evaluations = c(2500, 
    2500, 2500, 2500, 2500, 2500, 2500, 2500, 2500, 2500, 2500
    ), RS.cpu.time = c(6199.78, 6489.142, 6548.043, 6507.031, 
    6387.627, 6336.034, 6446.715, 6379.863, 6598.25099999999, 
    6580.962, 6025.67500000002), DF.cost = c(1, 1, 1, 1, 1, 1, 
    1, 1, 1, 1, 1), DF.gamma = c(0.07692, 0.07692, 0.07692, 0.07692, 
    0.07692, 0.07692, 0.07692, 0.07692, 0.07692, 0.07692, 0.07692
    ), DF.data.balancing = c(0, 0, 0, 0, 0, 0, 0, 0, 0, 0, 0), 
    DF.feature.selection = c(0, 0, 0, 0, 0, 0, 0, 0, 0, 0, 0), 
    DF.valid.acc = c(0.96778, 0.95889, 0.98091, 0.99167, 0.98462, 
    0.98397, 0.99286, 0.98661, 0.98, 0.98268, 0.98333), DF.test.acc = c(0.97889, 
    0.97889, 0.97091, 0.98258, 0.96795, 0.97683, 0.98619, 0.98619, 
    0.98667, 0.98268, 0.97778), DF.train.time = c(0.014, 0.0147, 
    0.0142, 0.0151, 0.0161, 0.0157, 0.0166, 0.0169, 0.0176, 0.0183, 
    0.0166), DF.n.support.vectors = c(43.7, 45.7, 48.9, 50.4, 
    53, 54.1, 55.8, 57.7, 58.7, 60.6, 61.8), DF.index = c(1, 
    1, 1, 1, 1, 1, 1, 1, 1, 1, 1), DF.n.solutions = c(1, 1, 1, 
    1, 1, 1, 1, 1, 1, 1, 1), DF.generations = c(1, 1, 1, 1, 1, 
    1, 1, 1, 1, 1, 1), DF.n.evaluations = c(1, 1, 1, 1, 1, 1, 
    1, 1, 1, 1, 1), DF.cpu.time = c(2.467, 2.651, 2.556, 2.611, 
    2.552, 2.553, 2.618, 2.586, 2.661, 2.681, 2.38), SMBO.cost = c(13.9202222541065, 
    13.9202222541065, 13.9202222541065, 13.9202222541065, 13.9202222541065, 
    13.9202222541065, 13.9202222541065, 13.9202222541065, 13.9202222541065, 
    13.9202222541065, 13.9202222541065), SMBO.gamma = c(-10.4596310523316, 
    -10.4596310523316, -10.4596310523316, -10.4596310523316, 
    -10.4596310523316, -10.4596310523316, -10.4596310523316, 
    -10.4596310523316, -10.4596310523316, -10.4596310523316, 
    -10.4596310523316), SMBO.balanced.test.accuracy = c(1, 1, 
    1, 1, 1, 1, 1, 1, 1, 1, 1)), .Names = c("Sampling", "PSO.cost", 
"PSO.gamma", "PSO.data.balancing", "PSO.feature.selection", "PSO.valid.acc", 
"PSO.test.acc", "PSO.train.time", "PSO.n.support.vectors", "PSO.index", 
"PSO.n.solutions", "PSO.generations", "PSO.n.evaluations", "PSO.cpu.time", 
"RS.cost", "RS.gamma", "RS.data.balancing", "RS.feature.selection", 
"RS.valid.acc", "RS.test.acc", "RS.train.time", "RS.n.support.vectors", 
"RS.index", "RS.n.solutions", "RS.generations", "RS.n.evaluations", 
"RS.cpu.time", "DF.cost", "DF.gamma", "DF.data.balancing", "DF.feature.selection", 
"DF.valid.acc", "DF.test.acc", "DF.train.time", "DF.n.support.vectors", 
"DF.index", "DF.n.solutions", "DF.generations", "DF.n.evaluations", 
"DF.cpu.time", "SMBO.cost", "SMBO.gamma", "SMBO.balanced.test.accuracy"
), row.names = c(NA, -11L), class = "data.frame")
