full <-
structure(c(50, 55, 60, 65, 70, 75, 80, 85, 90, 95, 100, 4.94704, 
10.39747, -0.47902, 0.27642, 7.10174, -0.22419, 0.63789, -1.89243, 
9.13457, 0.80256, -2, -8.64066, -8.28646, -4.44854, -6.58841, 
-13.72379, -6.55097, -5.35699, -5.81319, -14.28986, -5.9718, 
-4.99371, 0, 0, 0, 0, 0, 0, 0, 0, 0, 0, 0, 0, 0, 0, 0, 0, 0, 
0, 0, 0, 0, 0, 1, 0.99091, 0.98091, 0.99231, 0.99231, 0.99286, 
0.99333, 0.99333, 0.99375, 0.99412, 0.99444, 0.97639, 0.9698, 
0.98182, 0.98333, 0.99231, 0.99286, 0.97905, 0.98667, 0.9875, 
0.98199, 0.99444, 0.0129, 0.0125, 0.0134, 0.0136, 0.0138, 0.015, 
0.0147, 0.0175, 0.0153, 0.0164, 0.0183, 23.5, 20.7, 46.5, 54.4, 
58.4, 65.8, 45.4, 94.8, 45.2, 52.1, 94.7, 2, 5, 20, 788, 121, 
314, 78, 220, 15, 96, 193, 606, 1329, 647, 211, 95, 448, 510, 
400, 585, 1289, 1256, 100, 100, 100, 100, 100, 100, 100, 100, 
100, 100, 100, 2500, 2500, 2500, 2500, 2500, 2500, 2500, 2500, 
2500, 2500, 2500, 6062.147, 6074.791, 6105.426, 6118.946, 6086.012, 
6373.75399999999, 6281.73699999999, 6400.30499999999, 6278.13699999999, 
6410.321, 6384.14099999999, 4.45515, 11.86706, -0.36126, 0.11221, 
6.27343, 2.95406, 0.43582, 0.52552, 7.74225, -0.02184, 0.11766, 
-7.66586, -7.50108, -5.27672, -6.55043, -12.90024, -7.74392, 
-5.28413, -8.38361, -12.3686, -4.84891, -8.01683, 0, 0, 0, 0, 
0, 0, 0, 0, 0, 0, 0, 0, 0, 0, 0, 0, 0, 0, 0, 0, 0, 0, 1, 0.99091, 
0.98091, 0.99231, 0.99231, 0.99286, 0.99333, 0.99333, 0.99375, 
0.99412, 0.98889, 0.98889, 0.9573, 0.98182, 0.97628, 0.99231, 
0.98516, 0.98619, 0.98, 0.9875, 0.98787, 0.98889, 0.0118, 0.0131, 
0.0133, 0.0142, 0.0159, 0.0138, 0.0151, 0.0169, 0.0148, 0.0167, 
0.0185, 22.6, 21.5, 48, 55.7, 58.4, 38.4, 47.8, 88, 40.1, 57.7, 
99, 8, 3, 225, 299, 526, 68, 1310, 112, 14, 29, 30, 26, 201, 
10, 3, 3, 9, 2, 14, 134, 41, 20, 100, 100, 100, 100, 100, 100, 
100, 100, 100, 100, 100, 2500, 2500, 2500, 2500, 2500, 2500, 
2500, 2500, 2500, 2500, 2500, 6105.684, 6127.931, 6203.337, 6069.091, 
6375.214, 6340.458, 6334.042, 6327.023, 6348.90000000001, 6324.732, 
6377.34299999999, 1, 1, 1, 1, 1, 1, 1, 1, 1, 1, 1, 0.07692, 0.07692, 
0.07692, 0.07692, 0.07692, 0.07692, 0.07692, 0.07692, 0.07692, 
0.07692, 0.07692, 0, 0, 0, 0, 0, 0, 0, 0, 0, 0, 0, 0, 0, 0, 0, 
0, 0, 0, 0, 0, 0, 0, 0.98182, 0.93821, 0.95364, 0.96026, 0.97628, 
0.97802, 0.98, 0.98667, 0.98162, 0.98199, 0.98856, 0.98182, 0.95932, 
0.95364, 0.9595, 0.97628, 0.97802, 0.98619, 0.97952, 0.9875, 
0.98162, 0.98856, 0.0123, 0.0128, 0.013, 0.0141, 0.0143, 0.0151, 
0.0163, 0.0161, 0.016, 0.0164, 0.0166, 42.4, 43.8, 46.1, 49.5, 
51.1, 52.9, 53.3, 55.6, 58, 59.3, 62, 1, 1, 1, 1, 1, 1, 1, 1, 
1, 1, 1, 1, 1, 1, 1, 1, 1, 1, 1, 1, 1, 1, 1, 1, 1, 1, 1, 1, 1, 
1, 1, 1, 1, 1, 1, 1, 1, 1, 1, 1, 1, 1, 1, 1, 2.353, 2.391, 2.39, 
2.4, 2.453, 2.499, 2.692, 2.539, 2.468, 2.448, 2.457), .Dim = c(11L, 
40L), .Dimnames = list(NULL, c("Sampling", "PSO.cost", "PSO.gamma", 
"PSO.data.balancing", "PSO.feature.selection", "PSO.valid.acc", 
"PSO.test.acc", "PSO.train.time", "PSO.n.support.vectors", "PSO.index", 
"PSO.n.solutions", "PSO.generations", "PSO.n.evaluations", "PSO.cpu.time", 
"RS.cost", "RS.gamma", "RS.data.balancing", "RS.feature.selection", 
"RS.valid.acc", "RS.test.acc", "RS.train.time", "RS.n.support.vectors", 
"RS.index", "RS.n.solutions", "RS.generations", "RS.n.evaluations", 
"RS.cpu.time", "DF.cost", "DF.gamma", "DF.data.balancing", "DF.feature.selection", 
"DF.valid.acc", "DF.test.acc", "DF.train.time", "DF.n.support.vectors", 
"DF.index", "DF.n.solutions", "DF.generations", "DF.n.evaluations", 
"DF.cpu.time")))
