new.sol <-
structure(list(Sampling = c(50, 55, 60, 65, 70, 75, 80, 85, 90, 
95, 100), PSO.cost = c(5.33479, -1.68789, -0.04619, -1.31797, 
3.87385, 7.88209, 7.37819, 4.49184, 0.55523, 0.94626, -2), PSO.gamma = c(-2.59794, 
-4.53563, -5.96185, -3.2708, -3.45201, -15, -2.82557, -8.15863, 
-4.78028, -3.40496, -6.05285), PSO.data.balancing = c(0, 0, 0, 
0, 0, 0, 0, 0, 0, 0, 0), PSO.feature.selection = c(0, 0, 0, 0, 
0, 0, 0, 0, 0, 0, 0), PSO.valid.acc = c(1, 0.99, 1, 0.99167, 
0.99167, 0.985, 0.99333, 0.99333, 0.98787, 0.99412, 0.99412), 
    PSO.test.acc = c(0.9775, 0.99, 0.99091, 0.99167, 0.96667, 
    0.96833, 0.98667, 0.98042, 0.98787, 0.98824, 0.98824), PSO.train.time = c(0.0146, 
    0.0149, 0.015, 0.0161, 0.015, 0.0171, 0.0179, 0.0145, 0.0179, 
    0.0182, 0.0208), PSO.n.support.vectors = c(53.6, 59.5, 49.3, 
    62.8, 49.9, 66.9, 70, 34.6, 49.6, 62.2, 111.1), PSO.index = c(4, 
    2459, 74, 118, 84, 54, 42, 6, 314, 46, 86), PSO.n.solutions = c(1498, 
    1, 1252, 1195, 518, 328, 1594, 357, 340, 457, 153), PSO.generations = c(100, 
    100, 100, 100, 100, 100, 100, 100, 100, 100, 100), PSO.n.evaluations = c(2500, 
    2500, 2500, 2500, 2500, 2500, 2500, 2500, 2500, 2500, 2500
    ), PSO.cpu.time = c(6827.41, 6837.921, 7013.98, 6806.423, 
    6878.22300000001, 6818.753, 6815.806, 6795.626, 7060.073, 
    6932.31199999999, 6979.49099999998), RS.cost = c(4.88034, 
    0.75634, 0.40405, 2.09668, 9.20268, 6.92093, 4.9189, 7.14616, 
    1.38642, 10.71953, -1.798), RS.gamma = c(-4.46075, -4.75794, 
    -6.51329, -3.42682, -3.47611, -14.09912, -3.74879, -11.11625, 
    -4.66465, -2.89239, -6.23537), RS.data.balancing = c(0, 0, 
    0, 0, 0, 0, 0, 0, 0, 0, 0), RS.feature.selection = c(0, 0, 
    0, 0, 0, 0, 0, 0, 0, 0, 0), RS.valid.acc = c(1, 1, 1, 0.99167, 
    0.99167, 0.985, 0.99333, 0.99333, 0.98787, 0.99412, 0.99412
    ), RS.test.acc = c(0.99, 1, 0.99091, 0.98258, 0.96667, 0.96833, 
    0.99333, 0.98042, 0.98787, 0.98824, 0.98824), RS.train.time = c(0.0136, 
    0.015, 0.0135, 0.0145, 0.0163, 0.0168, 0.0155, 0.0153, 0.0171, 
    0.0195, 0.0215), RS.n.support.vectors = c(33.1, 37.3, 49.4, 
    48.4, 49.4, 68.1, 49.2, 35.3, 45.3, 75.3, 109.4), RS.index = c(3, 
    2486, 413, 2, 36, 3, 23, 20, 129, 113, 394), RS.n.solutions = c(447, 
    1, 16, 139, 20, 45, 154, 42, 11, 28, 8), RS.generations = c(100, 
    100, 100, 100, 100, 100, 100, 100, 100, 100, 100), RS.n.evaluations = c(2500, 
    2500, 2500, 2500, 2500, 2500, 2500, 2500, 2500, 2500, 2500
    ), RS.cpu.time = c(6846.156, 6946.729, 6766.932, 6809.28999999999, 
    6823.022, 6844.18699999999, 6751.783, 7095.251, 6916.629, 
    6916.81499999999, 7004.58799999999), DF.cost = c(1, 1, 1, 
    1, 1, 1, 1, 1, 1, 1, 1), DF.gamma = c(0.07692, 0.07692, 0.07692, 
    0.07692, 0.07692, 0.07692, 0.07692, 0.07692, 0.07692, 0.07692, 
    0.07692), DF.data.balancing = c(0, 0, 0, 0, 0, 0, 0, 0, 0, 
    0, 0), DF.feature.selection = c(0, 0, 0, 0, 0, 0, 0, 0, 0, 
    0, 0), DF.valid.acc = c(0.9875, 0.97778, 0.98167, 0.98167, 
    0.98333, 0.97619, 0.97952, 0.98042, 0.97537, 0.98235, 0.98301
    ), DF.test.acc = c(0.9875, 0.97889, 0.98167, 0.98167, 0.975, 
    0.95952, 0.98667, 0.97375, 0.98787, 0.98824, 0.98268), DF.train.time = c(0.0145, 
    0.0152, 0.0153, 0.0147, 0.0158, 0.0165, 0.0154, 0.0166, 0.0166, 
    0.0178, 0.0191), DF.n.support.vectors = c(42, 44, 45.1, 48.5, 
    49.9, 54, 54.7, 58.1, 58, 59.1, 62.9), DF.index = c(1, 1, 
    1, 1, 1, 1, 1, 1, 1, 1, 1), DF.n.solutions = c(1, 1, 1, 1, 
    1, 1, 1, 1, 1, 1, 1), DF.generations = c(1, 1, 1, 1, 1, 1, 
    1, 1, 1, 1, 1), DF.n.evaluations = c(1, 1, 1, 1, 1, 1, 1, 
    1, 1, 1, 1), DF.cpu.time = c(2.781, 2.776, 2.843, 2.648, 
    2.724, 2.773, 2.641, 2.818, 2.598, 2.784, 2.886), SMBO.cost = c(7.23225904157583, 
    7.23225904157583, 7.23225904157583, 7.23225904157583, 7.23225904157583, 
    7.23225904157583, 7.23225904157583, 7.23225904157583, 7.23225904157583, 
    7.23225904157583, 7.23225904157583), SMBO.gamma = c(-13.6995030978328, 
    -13.6995030978328, -13.6995030978328, -13.6995030978328, 
    -13.6995030978328, -13.6995030978328, -13.6995030978328, 
    -13.6995030978328, -13.6995030978328, -13.6995030978328, 
    -13.6995030978328), SMBO.balanced.test.accuracy = c(0.995169082125604, 
    0.995169082125604, 0.995169082125604, 0.995169082125604, 
    0.995169082125604, 0.995169082125604, 0.995169082125604, 
    0.995169082125604, 0.995169082125604, 0.995169082125604, 
    0.995169082125604)), .Names = c("Sampling", "PSO.cost", "PSO.gamma", 
"PSO.data.balancing", "PSO.feature.selection", "PSO.valid.acc", 
"PSO.test.acc", "PSO.train.time", "PSO.n.support.vectors", "PSO.index", 
"PSO.n.solutions", "PSO.generations", "PSO.n.evaluations", "PSO.cpu.time", 
"RS.cost", "RS.gamma", "RS.data.balancing", "RS.feature.selection", 
"RS.valid.acc", "RS.test.acc", "RS.train.time", "RS.n.support.vectors", 
"RS.index", "RS.n.solutions", "RS.generations", "RS.n.evaluations", 
"RS.cpu.time", "DF.cost", "DF.gamma", "DF.data.balancing", "DF.feature.selection", 
"DF.valid.acc", "DF.test.acc", "DF.train.time", "DF.n.support.vectors", 
"DF.index", "DF.n.solutions", "DF.generations", "DF.n.evaluations", 
"DF.cpu.time", "SMBO.cost", "SMBO.gamma", "SMBO.balanced.test.accuracy"
), row.names = c(NA, -11L), class = "data.frame")
