full <-
structure(c(50, 55, 60, 65, 70, 75, 80, 85, 90, 95, 100, -2, 
-2, 11.52722, 3.10993, 6.75067, 1.77061, 6.6731, 6.03171, 5.29355, 
1.30724, 2.65372, -5.22167, -5.86502, -15, -10.81373, -13.29428, 
-8.99174, -10.79105, -14.60197, -8.93012, -9.18359, -7.91594, 
0, 0, 0, 0, 0, 0, 0, 0, 0, 0, 0, 0, 0, 0, 0, 0, 0, 0, 0, 0, 0, 
0, 1, 1, 1, 1, 1, 1, 1, 0.98667, 0.99412, 0.99444, 0.99444, 0.9875, 
0.97778, 1, 0.98322, 0.98258, 0.98516, 0.99286, 0.98667, 0.9812, 
0.98787, 0.98856, 0.0144, 0.0148, 0.0137, 0.0148, 0.0149, 0.0164, 
0.0149, 0.0187, 0.0153, 0.0186, 0.0162, 63.8, 72.4, 27, 72.4, 
57.4, 70.4, 33.4, 101.9, 32.1, 93.7, 51.1, 731, 1000, 1909, 94, 
95, 62, 154, 247, 30, 8, 5, 443, 43, 21, 156, 238, 166, 39, 195, 
534, 587, 552, 100, 100, 100, 100, 100, 100, 100, 100, 100, 100, 
100, 2500, 2500, 2500, 2500, 2500, 2500, 2500, 2500, 2500, 2500, 
2500, 6158.93, 6110.727, 6168.133, 6126.397, 6187.771, 6294.06099999999, 
6258.092, 6208.94099999999, 5980.73, 6808.97, 6552.26399999998, 
-1.59918, 4.75609, -0.08473, 5.41259, 7.86248, -1.87231, 7.66908, 
0.61172, 5.85427, 2.04707, 4.40122, -5.87798, -9.76583, -7.8833, 
-13.05828, -14.45957, -5.83743, -11.79584, -8.17461, -10.8754, 
-10.04982, -9.49478, 0, 0, 0, 0, 0, 0, 0, 0, 0, 0, 0, 0, 0, 0, 
0, 0, 0, 0, 0, 0, 0, 0, 1, 0.98889, 1, 1, 1, 1, 1, 0.98708, 0.99412, 
0.99444, 0.99444, 0.9875, 0.97778, 0.99, 0.98322, 0.98258, 0.99286, 
0.99286, 1, 0.99333, 0.98787, 0.98301, 0.0137, 0.0129, 0.0148, 
0.0152, 0.0142, 0.0159, 0.0144, 0.0169, 0.0156, 0.02, 0.0171, 
63.7, 33.7, 73.8, 71.6, 58.1, 86.7, 33.5, 82.8, 43.6, 96.7, 48.9, 
1367, 21, 1005, 707, 179, 61, 52, 820, 17, 25, 16, 2, 65, 5, 
8, 25, 28, 5, 3, 55, 41, 35, 100, 100, 100, 100, 100, 100, 100, 
100, 100, 100, 100, 2500, 2500, 2500, 2500, 2500, 2500, 2500, 
2500, 2500, 2500, 2500, 6095.633, 6049.892, 6234.691, 6272.391, 
6174.481, 6310.967, 6238.891, 6205.95299999999, 6145.13900000001, 
6635.34299999999, 6708.15700000001, 1, 1, 1, 1, 1, 1, 1, 1, 1, 
1, 1, 0.07692, 0.07692, 0.07692, 0.07692, 0.07692, 0.07692, 0.07692, 
0.07692, 0.07692, 0.07692, 0.07692, 0, 0, 0, 0, 0, 0, 0, 0, 0, 
0, 0, 0, 0, 0, 0, 0, 0, 0, 0, 0, 0, 0, 0.96389, 0.97889, 0.98167, 
0.98322, 0.97564, 0.97857, 0.97905, 0.9675, 0.98708, 0.98787, 
0.98301, 0.96389, 0.97889, 0.98167, 0.98322, 0.97564, 0.97857, 
0.97905, 0.97417, 0.9812, 0.98787, 0.97745, 0.0127, 0.0138, 0.0145, 
0.0152, 0.0147, 0.0149, 0.0163, 0.0161, 0.0173, 0.0183, 0.0175, 
42.8, 43.5, 48.9, 49.5, 52, 52.7, 55.7, 56.4, 55.8, 59.3, 62.4, 
1, 1, 1, 1, 1, 1, 1, 1, 1, 1, 1, 1, 1, 1, 1, 1, 1, 1, 1, 1, 1, 
1, 1, 1, 1, 1, 1, 1, 1, 1, 1, 1, 1, 1, 1, 1, 1, 1, 1, 1, 1, 1, 
1, 1, 2.294, 2.43, 2.517, 2.568, 2.353, 2.411, 2.606, 2.402, 
2.741, 2.635, 2.594), .Dim = c(11L, 40L), .Dimnames = list(NULL, 
    c("Sampling", "PSO.cost", "PSO.gamma", "PSO.data.balancing", 
    "PSO.feature.selection", "PSO.valid.acc", "PSO.test.acc", 
    "PSO.train.time", "PSO.n.support.vectors", "PSO.index", "PSO.n.solutions", 
    "PSO.generations", "PSO.n.evaluations", "PSO.cpu.time", "RS.cost", 
    "RS.gamma", "RS.data.balancing", "RS.feature.selection", 
    "RS.valid.acc", "RS.test.acc", "RS.train.time", "RS.n.support.vectors", 
    "RS.index", "RS.n.solutions", "RS.generations", "RS.n.evaluations", 
    "RS.cpu.time", "DF.cost", "DF.gamma", "DF.data.balancing", 
    "DF.feature.selection", "DF.valid.acc", "DF.test.acc", "DF.train.time", 
    "DF.n.support.vectors", "DF.index", "DF.n.solutions", "DF.generations", 
    "DF.n.evaluations", "DF.cpu.time")))
