full <-
structure(c(50, 55, 60, 65, 70, 75, 80, 85, 90, 95, 100, 6.40708, 
1.81997, 1, 2.59438, 10.89831, 1, 3.19881, -0.96989, 6.14198, 
1.19131, -2, -3.36953, -5.89431, 0.07692, -6.86441, -7.54924, 
0.07692, -7.4639, -5.76622, -13.61377, -7.97221, -5.65621, 0, 
0, 0, 0, 0, 0, 0, 0, 0, 0, 0, 0, 0, 0, 0, 0, 0, 0, 0, 0, 0, 0, 
0.99, 1, 1, 1, 1, 1, 1, 0.99333, 0.99333, 0.99412, 0.99412, 1, 
0.97091, 0.99091, 0.99167, 0.99231, 0.98571, 1, 0.99333, 0.98083, 
0.98787, 0.98824, 0.0163, 0.0137, 0.0153, 0.0152, 0.0144, 0.0158, 
0.0149, 0.0169, 0.0172, 0.0176, 0.0195, 46.3, 32, 48, 32.6, 26.3, 
54.1, 35.9, 75.2, 82.2, 74, 104.8, 13, 283, 1, 95, 13, 1, 16, 
786, 123, 268, 66, 1631, 479, 405, 177, 1843, 1357, 498, 61, 
72, 416, 576, 100, 100, 100, 100, 100, 100, 100, 100, 100, 100, 
100, 2500, 2500, 2500, 2500, 2500, 2500, 2500, 2500, 2500, 2500, 
2500, 7006.008, 6753.881, 6771.775, 6981.185, 6642.616, 6609.579, 
6742.10100000001, 6885.317, 6814.97100000001, 6620.592, 6628.47900000002, 
0.22822, 1.73296, 0.85792, 1.1431, 14.72348, 4.27192, 7.16259, 
-0.64751, 7.49642, 0.11795, 0.73625, -4.22065, -5.60112, -5.77159, 
-5.0724, -12.59295, -5.00205, -11.81925, -5.98575, -14.76878, 
-6.77223, -5.57188, 0, 0, 0, 0, 0, 0, 0, 0, 0, 0, 0, 0, 0, 0, 
0, 0, 0, 0, 0, 0, 0, 0, 1, 1, 1, 1, 1, 1, 1, 0.98708, 0.99333, 
0.99412, 0.99412, 0.9875, 0.98, 0.99091, 0.98333, 0.99167, 1, 
0.98619, 0.98667, 0.97417, 0.98787, 0.98235, 0.0146, 0.0146, 
0.015, 0.0158, 0.0138, 0.015, 0.0155, 0.0177, 0.0168, 0.0174, 
0.0171, 39.6, 31.6, 38.3, 37.8, 22.6, 37.6, 37.8, 72.8, 79.2, 
74.2, 52, 146, 3, 32, 1038, 7, 3, 28, 2256, 144, 13, 287, 9, 
12, 99, 7, 463, 806, 135, 1, 6, 16, 11, 100, 100, 100, 100, 100, 
100, 100, 100, 100, 100, 100, 2500, 2500, 2500, 2500, 2500, 2500, 
2500, 2500, 2500, 2500, 2500, 6914.914, 6816.812, 6800.945, 6930.435, 
6567.318, 6637.064, 6922.56, 6946.82799999999, 6772.527, 6718.239, 
6762.20199999999, 1, 1, 1, 1, 1, 1, 1, 1, 1, 1, 1, 0.07692, 0.07692, 
0.07692, 0.07692, 0.07692, 0.07692, 0.07692, 0.07692, 0.07692, 
0.07692, 0.07692, 0, 0, 0, 0, 0, 0, 0, 0, 0, 0, 0, 0, 0, 0, 0, 
0, 0, 0, 0, 0, 0, 0, 0.9775, 0.98182, 1, 0.98333, 0.99231, 1, 
0.98667, 0.97375, 0.98042, 0.97643, 0.98268, 0.9875, 0.98182, 
0.99091, 0.975, 0.99231, 0.98571, 0.98, 0.98, 0.9675, 0.98199, 
0.98824, 0.015, 0.0146, 0.0157, 0.015, 0.0155, 0.0153, 0.0166, 
0.0166, 0.0173, 0.0171, 0.0183, 44.1, 46.3, 48, 49.6, 51.9, 54.1, 
56, 57.6, 60.1, 60.6, 63.1, 1, 1, 1, 1, 1, 1, 1, 1, 1, 1, 1, 
1, 1, 1, 1, 1, 1, 1, 1, 1, 1, 1, 1, 1, 1, 1, 1, 1, 1, 1, 1, 1, 
1, 1, 1, 1, 1, 1, 1, 1, 1, 1, 1, 1, 2.795, 2.711, 2.792, 2.684, 
2.686, 2.622, 2.629, 2.63, 2.682, 2.74, 2.764), .Dim = c(11L, 
40L), .Dimnames = list(NULL, c("Sampling", "PSO.cost", "PSO.gamma", 
"PSO.data.balancing", "PSO.feature.selection", "PSO.valid.acc", 
"PSO.test.acc", "PSO.train.time", "PSO.n.support.vectors", "PSO.index", 
"PSO.n.solutions", "PSO.generations", "PSO.n.evaluations", "PSO.cpu.time", 
"RS.cost", "RS.gamma", "RS.data.balancing", "RS.feature.selection", 
"RS.valid.acc", "RS.test.acc", "RS.train.time", "RS.n.support.vectors", 
"RS.index", "RS.n.solutions", "RS.generations", "RS.n.evaluations", 
"RS.cpu.time", "DF.cost", "DF.gamma", "DF.data.balancing", "DF.feature.selection", 
"DF.valid.acc", "DF.test.acc", "DF.train.time", "DF.n.support.vectors", 
"DF.index", "DF.n.solutions", "DF.generations", "DF.n.evaluations", 
"DF.cpu.time")))
