full <-
structure(c(50, 55, 60, 65, 70, 75, 80, 85, 90, 95, 100, 10.5957, 
13.42675, -0.80373, 12.85765, -2, -1.83179, -2, 1.31519, 9.57689, 
1.32677, -2, -5.96481, -3.32319, -3.55827, -3.53381, -4.66035, 
-3.91469, -5.53619, -8.52608, -3.20695, -5.07267, -5.30995, 0, 
0, 0, 0, 0, 0, 0, 0, 0, 0, 0, 0, 0, 0, 0, 0, 0, 0, 0, 0, 0, 0, 
0.98889, 1, 0.99, 0.99167, 0.99167, 0.99286, 0.99333, 0.99412, 
0.98778, 0.98856, 0.99444, 0.98889, 0.98, 0.98167, 0.99167, 0.98333, 
0.99286, 0.98564, 0.98078, 0.98222, 0.98301, 0.98889, 0.0125, 
0.0143, 0.0154, 0.0144, 0.0167, 0.0171, 0.0175, 0.0169, 0.016, 
0.0155, 0.0178, 23.6, 44.8, 54.1, 45.8, 72.8, 70.6, 87.7, 73.3, 
63.5, 44.1, 98.7, 8, 80, 31, 13, 676, 7, 193, 786, 20, 735, 54, 
1707, 852, 114, 1034, 536, 826, 511, 35, 1486, 205, 233, 100, 
100, 100, 100, 100, 100, 100, 100, 100, 100, 100, 2500, 2500, 
2500, 2500, 2500, 2500, 2500, 2500, 2500, 2500, 2500, 6324.371, 
6416.44, 6470.478, 6318.876, 6447.778, 6370.751, 6336.76400000001, 
6197.81499999999, 5966.64599999999, 6132.454, 6158.565, 0.8846, 
9.54003, -0.77662, 5.87834, -1.57261, -1.08179, -0.9327, 1.89626, 
-1.18141, -1.9304, 4.47425, -7.59168, -3.21356, -3.54595, -3.78228, 
-5.62492, -3.89786, -7.0658, -9.2715, -6.60293, -5.11921, -8.70549, 
0, 0, 0, 0, 0, 0, 0, 0, 0, 0, 0, 0, 0, 0, 0, 0, 0, 0, 0, 0, 0, 
0, 1, 1, 0.99, 0.99167, 0.98397, 0.99286, 0.98667, 0.98745, 0.99444, 
0.98819, 0.99444, 0.97639, 0.98, 0.98167, 0.99167, 0.96795, 0.99286, 
0.98667, 0.9749, 0.98333, 0.98819, 0.98856, 0.0144, 0.015, 0.0152, 
0.0151, 0.0163, 0.0158, 0.0178, 0.0154, 0.0181, 0.0184, 0.0154, 
48.2, 46.3, 53.6, 42.9, 73.8, 61, 90.4, 75.8, 95.4, 92.1, 39.3, 
1638, 12, 228, 86, 180, 2, 137, 38, 1207, 1662, 56, 1, 26, 2, 
66, 1, 60, 32, 34, 1, 1, 69, 100, 100, 100, 100, 100, 100, 100, 
100, 100, 100, 100, 2500, 2500, 2500, 2500, 2500, 2500, 2500, 
2500, 2500, 2500, 2500, 6306.542, 6481.493, 6253.636, 6569.487, 
6339.503, 6536.246, 6509.955, 5937.63800000001, 5990.53199999999, 
6182.66099999999, 6176.856, 1, 1, 1, 1, 1, 1, 1, 1, 1, 1, 1, 
0.07692, 0.07692, 0.07692, 0.07692, 0.07692, 0.07692, 0.07692, 
0.07692, 0.07692, 0.07692, 0.07692, 0, 0, 0, 0, 0, 0, 0, 0, 0, 
0, 0, 0, 0, 0, 0, 0, 0, 0, 0, 0, 0, 0, 0.97639, 0.98889, 0.98091, 
0.98258, 0.975, 0.98516, 0.97231, 0.9749, 0.97556, 0.97676, 0.98889, 
0.98889, 0.97889, 0.97333, 0.98258, 0.96667, 0.98516, 0.97231, 
0.98078, 0.97556, 0.97676, 0.98889, 0.015, 0.0137, 0.014, 0.015, 
0.0161, 0.016, 0.0165, 0.015, 0.0154, 0.0167, 0.0171, 42.8, 46.2, 
48.6, 49, 50.8, 51.8, 54.1, 56.9, 58.8, 59.1, 63.1, 1, 1, 1, 
1, 1, 1, 1, 1, 1, 1, 1, 1, 1, 1, 1, 1, 1, 1, 1, 1, 1, 1, 1, 1, 
1, 1, 1, 1, 1, 1, 1, 1, 1, 1, 1, 1, 1, 1, 1, 1, 1, 1, 1, 1, 2.681, 
2.548, 2.435, 2.462, 2.692, 2.456, 2.622, 2.347, 2.327, 2.459, 
2.489), .Dim = c(11L, 40L), .Dimnames = list(NULL, c("Sampling", 
"PSO.cost", "PSO.gamma", "PSO.data.balancing", "PSO.feature.selection", 
"PSO.valid.acc", "PSO.test.acc", "PSO.train.time", "PSO.n.support.vectors", 
"PSO.index", "PSO.n.solutions", "PSO.generations", "PSO.n.evaluations", 
"PSO.cpu.time", "RS.cost", "RS.gamma", "RS.data.balancing", "RS.feature.selection", 
"RS.valid.acc", "RS.test.acc", "RS.train.time", "RS.n.support.vectors", 
"RS.index", "RS.n.solutions", "RS.generations", "RS.n.evaluations", 
"RS.cpu.time", "DF.cost", "DF.gamma", "DF.data.balancing", "DF.feature.selection", 
"DF.valid.acc", "DF.test.acc", "DF.train.time", "DF.n.support.vectors", 
"DF.index", "DF.n.solutions", "DF.generations", "DF.n.evaluations", 
"DF.cpu.time")))
