new.sol <-
structure(list(Sampling = c(50, 55, 60, 65, 70, 75, 80, 85, 90, 
95, 100), PSO.cost = c(7.51401, 0.82511, 14.10649, 1, 10.07801, 
6.2108, -0.07809, 3.25054, 4.84289, 4.33345, -2), PSO.gamma = c(-10.56078, 
-5.30329, -7.98245, 0.07692, -14.88934, -11.04797, -6.80137, 
-10.60163, -11.07354, -10.81851, -5.14799), PSO.data.balancing = c(0, 
0, 0, 0, 0, 0, 0, 0, 0, 0, 0), PSO.feature.selection = c(0, 0, 
0, 0, 0, 0, 0, 0, 0, 0, 0), PSO.valid.acc = c(1, 0.98889, 1, 
0.99091, 0.99167, 0.98452, 0.99286, 0.99375, 1, 0.99444, 0.99444
), PSO.test.acc = c(0.97639, 0.97889, 1, 0.99091, 0.98333, 0.97692, 
0.97905, 0.98125, 0.98235, 0.97643, 0.98856), PSO.train.time = c(0.0132, 
0.0137, 0.0143, 0.0155, 0.0144, 0.0149, 0.0179, 0.0168, 0.0153, 
0.0175, 0.0204), PSO.n.support.vectors = c(22.2, 36, 23.3, 50.6, 
35.3, 38.8, 70.7, 77.9, 60.5, 67.9, 97.2), PSO.index = c(11, 
15, 5, 1, 3, 29, 467, 2049, 610, 26, 210), PSO.n.solutions = c(1442, 
1505, 2172, 1347, 520, 411, 95, 4, 47, 326, 885), PSO.generations = c(100, 
100, 100, 100, 100, 100, 100, 100, 100, 100, 100), PSO.n.evaluations = c(2500, 
2500, 2500, 2500, 2500, 2500, 2500, 2500, 2500, 2500, 2500), 
    PSO.cpu.time = c(5932.926, 6379.626, 6261.471, 6254.96, 6419.847, 
    6363.69999999999, 6279.44100000001, 6139.22700000001, 6373.895, 
    6536.83399999999, 6681.54700000001), RS.cost = c(7.81459, 
    14.61031, 11.32362, 8.5138, 4.68261, 3.31352, 6.30019, 3.5568, 
    6.20272, 7.73743, -1.6307), RS.gamma = c(-11.51979, -12.81148, 
    -10.73648, -9.44814, -10.07286, -6.48226, -9.94929, -10.89164, 
    -12.426, -14.46468, -4.95795), RS.data.balancing = c(0, 0, 
    0, 0, 0, 0, 0, 0, 0, 0, 0), RS.feature.selection = c(0, 0, 
    0, 0, 0, 0, 0, 0, 0, 0, 0), RS.valid.acc = c(1, 0.98889, 
    1, 0.99091, 0.99167, 0.98452, 0.98619, 0.99375, 1, 0.99444, 
    0.99444), RS.test.acc = c(0.98889, 1, 1, 0.99091, 0.98333, 
    0.96795, 0.97238, 0.98125, 0.98235, 0.98268, 0.98856), RS.train.time = c(0.0136, 
    0.0146, 0.0146, 0.0137, 0.0149, 0.0149, 0.0147, 0.0181, 0.0167, 
    0.0182, 0.0178), RS.n.support.vectors = c(24.1, 21.6, 22.4, 
    21.5, 40.8, 29.9, 31.1, 77.6, 60.5, 71.3, 86.4), RS.index = c(26, 
    6, 1, 9, 26, 102, 139, 433, 378, 155, 1356), RS.n.solutions = c(384, 
    871, 621, 811, 122, 53, 30, 5, 4, 51, 5), RS.generations = c(100, 
    100, 100, 100, 100, 100, 100, 100, 100, 100, 100), RS.n.evaluations = c(2500, 
    2500, 2500, 2500, 2500, 2500, 2500, 2500, 2500, 2500, 2500
    ), RS.cpu.time = c(6039.328, 6423.569, 6304.243, 6416.221, 
    6418.273, 6258.265, 6096.326, 6372.80899999999, 6463.41099999999, 
    6513.07299999999, 6381.21800000002), DF.cost = c(1, 1, 1, 
    1, 1, 1, 1, 1, 1, 1, 1), DF.gamma = c(0.07692, 0.07692, 0.07692, 
    0.07692, 0.07692, 0.07692, 0.07692, 0.07692, 0.07692, 0.07692, 
    0.07692), DF.data.balancing = c(0, 0, 0, 0, 0, 0, 0, 0, 0, 
    0, 0), DF.feature.selection = c(0, 0, 0, 0, 0, 0, 0, 0, 0, 
    0, 0), DF.valid.acc = c(0.96528, 0.97889, 0.99091, 0.99091, 
    0.97628, 0.9685, 0.97905, 0.98125, 0.98824, 0.97708, 0.97712
    ), DF.test.acc = c(0.96389, 0.97889, 0.98258, 0.99091, 0.97628, 
    0.98397, 0.97905, 0.98125, 0.9761, 0.98264, 0.98301), DF.train.time = c(0.0138, 
    0.0147, 0.015, 0.015, 0.0161, 0.0161, 0.0147, 0.0153, 0.0166, 
    0.0184, 0.0193), DF.n.support.vectors = c(44.2, 46.2, 48.7, 
    50.6, 54.5, 56.4, 58.7, 57.8, 59.3, 59.3, 62.7), DF.index = c(1, 
    1, 1, 1, 1, 1, 1, 1, 1, 1, 1), DF.n.solutions = c(1, 1, 1, 
    1, 1, 1, 1, 1, 1, 1, 1), DF.generations = c(1, 1, 1, 1, 1, 
    1, 1, 1, 1, 1, 1), DF.n.evaluations = c(1, 1, 1, 1, 1, 1, 
    1, 1, 1, 1, 1), DF.cpu.time = c(2.546, 2.533, 2.566, 2.546, 
    2.547, 2.557, 2.391, 2.461, 2.665, 2.612, 2.755), SMBO.cost = c(10.1157977240868, 
    10.1157977240868, 10.1157977240868, 10.1157977240868, 10.1157977240868, 
    10.1157977240868, 10.1157977240868, 10.1157977240868, 10.1157977240868, 
    10.1157977240868, 10.1157977240868), SMBO.gamma = c(-4.62031000521616, 
    -4.62031000521616, -4.62031000521616, -4.62031000521616, 
    -4.62031000521616, -4.62031000521616, -4.62031000521616, 
    -4.62031000521616, -4.62031000521616, -4.62031000521616, 
    -4.62031000521616), SMBO.balanced.test.accuracy = c(0.994708994708995, 
    0.994708994708995, 0.994708994708995, 0.994708994708995, 
    0.994708994708995, 0.994708994708995, 0.994708994708995, 
    0.994708994708995, 0.994708994708995, 0.994708994708995, 
    0.994708994708995)), .Names = c("Sampling", "PSO.cost", "PSO.gamma", 
"PSO.data.balancing", "PSO.feature.selection", "PSO.valid.acc", 
"PSO.test.acc", "PSO.train.time", "PSO.n.support.vectors", "PSO.index", 
"PSO.n.solutions", "PSO.generations", "PSO.n.evaluations", "PSO.cpu.time", 
"RS.cost", "RS.gamma", "RS.data.balancing", "RS.feature.selection", 
"RS.valid.acc", "RS.test.acc", "RS.train.time", "RS.n.support.vectors", 
"RS.index", "RS.n.solutions", "RS.generations", "RS.n.evaluations", 
"RS.cpu.time", "DF.cost", "DF.gamma", "DF.data.balancing", "DF.feature.selection", 
"DF.valid.acc", "DF.test.acc", "DF.train.time", "DF.n.support.vectors", 
"DF.index", "DF.n.solutions", "DF.generations", "DF.n.evaluations", 
"DF.cpu.time", "SMBO.cost", "SMBO.gamma", "SMBO.balanced.test.accuracy"
), row.names = c(NA, -11L), class = "data.frame")
