full <-
structure(c(50, 55, 60, 65, 70, 75, 80, 85, 90, 95, 100, 6.36042, 
1, 1, 1, 9.74948, 3.25802, 0.05573, 0.70076, 1, 1, 1.41638, -8.28707, 
0.07692, 0.07692, 0.07692, -14.69939, -7.82731, -5.59081, -5.78204, 
0.07692, 0.07692, -8.34711, 0, 0, 0, 0, 0, 0, 0, 0, 0, 0, 0, 
0, 0, 0, 0, 0, 0, 0, 0, 0, 0, 0, 1, 0.99, 0.98889, 1, 1, 0.98571, 
0.99286, 1, 1, 0.99333, 0.98885, 0.98889, 0.99, 0.98889, 0.98397, 
0.98462, 0.98516, 0.99286, 0.98708, 0.98708, 0.98856, 0.97186, 
0.0129, 0.0138, 0.0142, 0.013, 0.0137, 0.0145, 0.0152, 0.0148, 
0.0157, 0.0177, 0.0192, 22.2, 44.2, 46.2, 47.2, 36.2, 37.5, 54, 
48.4, 58.2, 59.6, 78.6, 28, 1, 1, 1, 11, 31, 2, 128, 1, 1, 11, 
1582, 1137, 855, 470, 340, 632, 959, 345, 368, 660, 623, 100, 
100, 100, 100, 100, 100, 100, 100, 100, 100, 100, 2500, 2500, 
2500, 2500, 2500, 2500, 2500, 2500, 2500, 2500, 2500, 6334.239, 
6220.764, 6231.696, 6243.215, 6247.192, 6220.03799999999, 6260.946, 
6063.307, 6225.075, 6319.53, 6489.84599999999, 11.96665, 14.69763, 
-0.30226, 11.72044, 2.51021, 4.39662, 0.30052, 0.10465, 0.02001, 
-1.44835, 5.08605, -8.1048, -4.6302, -3.91522, -4.6678, -9.52846, 
-8.88777, -4.64529, -4.48424, -4.16288, -5.12288, -11.04325, 
0, 0, 0, 0, 0, 0, 0, 0, 0, 0, 0, 0, 0, 0, 0, 0, 0, 0, 0, 0, 0, 
0, 1, 0.99, 0.98889, 1, 1, 0.98571, 0.99286, 1, 1, 0.99333, 0.98885, 
0.98889, 0.99, 0.98889, 0.99091, 0.98462, 0.98516, 0.99286, 0.99333, 
0.98708, 0.98745, 0.97774, 0.0129, 0.0131, 0.0142, 0.0142, 0.0148, 
0.0141, 0.0154, 0.0151, 0.0176, 0.0176, 0.0183, 21.5, 32, 45.4, 
34.6, 63.1, 36.1, 47.9, 52.6, 55.5, 80.4, 59.6, 45, 2, 8, 14, 
21, 45, 134, 210, 225, 166, 101, 104, 770, 513, 253, 88, 62, 
32, 4, 14, 24, 67, 100, 100, 100, 100, 100, 100, 100, 100, 100, 
100, 100, 2500, 2500, 2500, 2500, 2500, 2500, 2500, 2500, 2500, 
2500, 2500, 6378.611, 6267.025, 6261.584, 6236.845, 6244.577, 
6276.99099999999, 6298.25, 6180.97900000001, 6333.08100000001, 
6385.442, 6608.39999999999, 1, 1, 1, 1, 1, 1, 1, 1, 1, 1, 1, 
0.07692, 0.07692, 0.07692, 0.07692, 0.07692, 0.07692, 0.07692, 
0.07692, 0.07692, 0.07692, 0.07692, 0, 0, 0, 0, 0, 0, 0, 0, 0, 
0, 0, 0, 0, 0, 0, 0, 0, 0, 0, 0, 0, 0, 0.97778, 0.99, 0.98889, 
1, 0.99231, 0.97143, 0.98571, 0.99375, 1, 0.99333, 0.97157, 0.96528, 
0.99, 0.98889, 0.98397, 0.97692, 0.96374, 0.9719, 0.97417, 0.98708, 
0.98856, 0.98268, 0.0128, 0.0134, 0.0137, 0.0145, 0.0144, 0.0144, 
0.0155, 0.015, 0.0181, 0.0179, 0.0171, 41.4, 44.2, 46.2, 47.2, 
49.8, 54, 54.9, 57, 58.2, 59.6, 61.3, 1, 1, 1, 1, 1, 1, 1, 1, 
1, 1, 1, 1, 1, 1, 1, 1, 1, 1, 1, 1, 1, 1, 1, 1, 1, 1, 1, 1, 1, 
1, 1, 1, 1, 1, 1, 1, 1, 1, 1, 1, 1, 1, 1, 1, 2.395, 2.461, 2.454, 
2.578, 2.439, 2.403, 2.591, 2.352, 2.737, 2.637, 2.538), .Dim = c(11L, 
40L), .Dimnames = list(NULL, c("Sampling", "PSO.cost", "PSO.gamma", 
"PSO.data.balancing", "PSO.feature.selection", "PSO.valid.acc", 
"PSO.test.acc", "PSO.train.time", "PSO.n.support.vectors", "PSO.index", 
"PSO.n.solutions", "PSO.generations", "PSO.n.evaluations", "PSO.cpu.time", 
"RS.cost", "RS.gamma", "RS.data.balancing", "RS.feature.selection", 
"RS.valid.acc", "RS.test.acc", "RS.train.time", "RS.n.support.vectors", 
"RS.index", "RS.n.solutions", "RS.generations", "RS.n.evaluations", 
"RS.cpu.time", "DF.cost", "DF.gamma", "DF.data.balancing", "DF.feature.selection", 
"DF.valid.acc", "DF.test.acc", "DF.train.time", "DF.n.support.vectors", 
"DF.index", "DF.n.solutions", "DF.generations", "DF.n.evaluations", 
"DF.cpu.time")))
