new.sol <-
structure(list(Sampling = c(50, 55, 60, 65, 70, 75, 80, 85, 90, 
95, 100), PSO.cost = c(9.7863, 0.99644, 1, 1, 1.62141, 1, 0.77565, 
0.48385, 1, 8.85816, 0.81302), PSO.gamma = c(-8.82527, -6.56416, 
0.07692, 0.07692, -6.6125, 0.07692, -4.16682, -7.02365, 0.07692, 
-15, -4.52245), PSO.data.balancing = c(0, 0, 0, 0, 0, 0, 0, 0, 
0, 0, 0), PSO.feature.selection = c(0, 0, 0, 0, 0, 0, 0, 0, 0, 
0, 0), PSO.valid.acc = c(1, 1, 0.99, 0.99091, 0.99167, 1, 0.99286, 
1, 0.99333, 0.99412, 0.99444), PSO.test.acc = c(0.98889, 0.97889, 
0.99, 0.99091, 0.98397, 0.98452, 0.99286, 0.97375, 0.98708, 0.98824, 
0.98889), PSO.train.time = c(0.013, 0.0137, 0.016, 0.0149, 0.0154, 
0.0154, 0.016, 0.0176, 0.0173, 0.0206, 0.02), PSO.n.support.vectors = c(21.3, 
42.5, 50.5, 50.7, 41.4, 52.1, 47.8, 66.4, 57.6, 60.3, 51.4), 
    PSO.index = c(17, 444, 1, 1, 22, 1, 52, 2181, 1, 40, 1240
    ), PSO.n.solutions = c(1215, 284, 923, 1050, 888, 140, 328, 
    1, 346, 327, 26), PSO.generations = c(100, 100, 100, 100, 
    100, 100, 100, 100, 100, 100, 100), PSO.n.evaluations = c(2500, 
    2500, 2500, 2500, 2500, 2500, 2500, 2500, 2500, 2500, 2500
    ), PSO.cpu.time = c(6680.527, 6722.94, 6914.855, 6990.097, 
    6825, 6758.518, 6954.72500000001, 7011.595, 8967.19399999999, 
    9676.739, 9674.89300000001), RS.cost = c(11.00501, 5.16085, 
    1.05798, -0.75159, 1.01559, -0.00801, -1.12379, 0.56079, 
    4.13846, 5.95417, -0.35609), RS.gamma = c(-7.89761, -10.898, 
    -2.54888, -4.89709, -6.01165, -3.3705, -5.72554, -7.29728, 
    -9.58539, -12.16935, -5.5874), RS.data.balancing = c(0, 0, 
    0, 0, 0, 0, 0, 0, 0, 0, 0), RS.feature.selection = c(0, 0, 
    0, 0, 0, 0, 0, 0, 0, 0, 0), RS.valid.acc = c(1, 1, 0.99, 
    0.99091, 0.99167, 1, 0.98619, 1, 0.99333, 0.99412, 0.98889
    ), RS.test.acc = c(0.98889, 0.97889, 0.99, 0.99091, 0.98397, 
    0.98452, 0.97857, 0.98, 0.99333, 0.98824, 0.98333), RS.train.time = c(0.0129, 
    0.0135, 0.0167, 0.0158, 0.0146, 0.0159, 0.017, 0.017, 0.0205, 
    0.0209, 0.0209), RS.n.support.vectors = c(22, 40.9, 63.1, 
    55.9, 42.5, 56.2, 74.6, 69.7, 50, 61.4, 68.1), RS.index = c(17, 
    6, 1, 13, 30, 10, 8, 478, 98, 23, 34), RS.n.solutions = c(441, 
    22, 388, 291, 165, 18, 124, 11, 64, 52, 25), RS.generations = c(100, 
    100, 100, 100, 100, 100, 100, 100, 100, 100, 100), RS.n.evaluations = c(2500, 
    2500, 2500, 2500, 2500, 2500, 2500, 2500, 2500, 2500, 2500
    ), RS.cpu.time = c(6687.599, 6814.488, 6980.205, 6955.067, 
    6760.126, 6775.689, 6998.917, 7068.628, 9714.167, 9703.44899999999, 
    9827.07200000001), DF.cost = c(1, 1, 1, 1, 1, 1, 1, 1, 1, 
    1, 1), DF.gamma = c(0.07692, 0.07692, 0.07692, 0.07692, 0.07692, 
    0.07692, 0.07692, 0.07692, 0.07692, 0.07692, 0.07692), DF.data.balancing = c(0, 
    0, 0, 0, 0, 0, 0, 0, 0, 0, 0), DF.feature.selection = c(0, 
    0, 0, 0, 0, 0, 0, 0, 0, 0, 0), DF.valid.acc = c(0.98889, 
    0.99, 0.99, 0.99091, 0.98333, 1, 0.98619, 0.99333, 0.99333, 
    0.98856, 0.97778), DF.test.acc = c(0.98889, 0.99, 0.99, 0.99091, 
    0.99167, 0.98452, 0.99286, 0.98667, 0.98708, 0.98856, 0.97778
    ), DF.train.time = c(0.014, 0.0156, 0.0148, 0.0151, 0.0151, 
    0.0151, 0.0161, 0.017, 0.0197, 0.0208, 0.0218), DF.n.support.vectors = c(44.8, 
    46.4, 50.5, 50.7, 51.5, 52.1, 55, 56.6, 57.6, 59.5, 62.1), 
    DF.index = c(1, 1, 1, 1, 1, 1, 1, 1, 1, 1, 1), DF.n.solutions = c(1, 
    1, 1, 1, 1, 1, 1, 1, 1, 1, 1), DF.generations = c(1, 1, 1, 
    1, 1, 1, 1, 1, 1, 1, 1), DF.n.evaluations = c(1, 1, 1, 1, 
    1, 1, 1, 1, 1, 1, 1), DF.cpu.time = c(2.68, 2.867, 2.634, 
    2.767, 2.593, 2.644, 2.719, 2.826, 3.715, 3.964, 4.246), 
    SMBO.cost = c(13.8507369003781, 13.8507369003781, 13.8507369003781, 
    13.8507369003781, 13.8507369003781, 13.8507369003781, 13.8507369003781, 
    13.8507369003781, 13.8507369003781, 13.8507369003781, 13.8507369003781
    ), SMBO.gamma = c(-3.5145252502544, -3.5145252502544, -3.5145252502544, 
    -3.5145252502544, -3.5145252502544, -3.5145252502544, -3.5145252502544, 
    -3.5145252502544, -3.5145252502544, -3.5145252502544, -3.5145252502544
    ), SMBO.balanced.test.accuracy = c(0.995726495726496, 0.995726495726496, 
    0.995726495726496, 0.995726495726496, 0.995726495726496, 
    0.995726495726496, 0.995726495726496, 0.995726495726496, 
    0.995726495726496, 0.995726495726496, 0.995726495726496)), .Names = c("Sampling", 
"PSO.cost", "PSO.gamma", "PSO.data.balancing", "PSO.feature.selection", 
"PSO.valid.acc", "PSO.test.acc", "PSO.train.time", "PSO.n.support.vectors", 
"PSO.index", "PSO.n.solutions", "PSO.generations", "PSO.n.evaluations", 
"PSO.cpu.time", "RS.cost", "RS.gamma", "RS.data.balancing", "RS.feature.selection", 
"RS.valid.acc", "RS.test.acc", "RS.train.time", "RS.n.support.vectors", 
"RS.index", "RS.n.solutions", "RS.generations", "RS.n.evaluations", 
"RS.cpu.time", "DF.cost", "DF.gamma", "DF.data.balancing", "DF.feature.selection", 
"DF.valid.acc", "DF.test.acc", "DF.train.time", "DF.n.support.vectors", 
"DF.index", "DF.n.solutions", "DF.generations", "DF.n.evaluations", 
"DF.cpu.time", "SMBO.cost", "SMBO.gamma", "SMBO.balanced.test.accuracy"
), row.names = c(NA, -11L), class = "data.frame")
