full <-
structure(c(50, 55, 60, 65, 70, 75, 80, 85, 90, 95, 100, 0.0228, 
2.57424, 2.52231, 1, 0.82814, 0.7429, 1, 1.14246, 0.50268, -2, 
1.70381, -6.92739, -10.08689, -10.69179, 0.07692, -5.06375, -5.78512, 
0.07692, -5.67613, -4.47841, -5.26552, -4.10804, 0, 0, 0, 0, 
0, 0, 0, 0, 0, 0, 0, 0, 0, 0, 0, 0, 0, 0, 0, 0, 0, 0, 0.98889, 
0.99, 0.99091, 0.99091, 0.99167, 0.99231, 0.98619, 0.99375, 0.99412, 
0.99375, 0.99412, 0.97778, 0.98, 0.99091, 0.99091, 0.98333, 0.97747, 
0.97286, 0.98708, 0.99412, 0.98819, 0.98856, 0.0133, 0.014, 0.0144, 
0.0141, 0.0147, 0.0147, 0.0146, 0.0155, 0.0161, 0.0182, 0.0165, 
52.2, 59.6, 73.4, 49.4, 42.6, 47.4, 56.1, 44.5, 50.1, 94.8, 51.9, 
13, 347, 90, 1, 129, 153, 1, 201, 129, 70, 62, 513, 50, 278, 
946, 477, 436, 410, 666, 194, 655, 372, 100, 100, 100, 100, 100, 
100, 100, 100, 100, 100, 100, 2500, 2500, 2500, 2500, 2500, 2500, 
2500, 2500, 2500, 2500, 2500, 6443.376, 6384.252, 6521.982, 6521.617, 
6547.974, 6544.95099999999, 6654.30100000001, 6615.84600000001, 
6673.20699999999, 6691.611, 6674.03200000001, 2.90138, 4.18512, 
-1.05948, 8.11287, -0.58738, 1.03414, -0.52199, 0.59365, 0.08019, 
-0.76524, 3.37471, -10.38923, -11.73133, -6.99269, -2.78119, 
-3.65067, -5.6962, -7.25589, -4.84795, -4.097, -6.13418, -8.23852, 
0, 0, 0, 0, 0, 0, 0, 0, 0, 0, 0, 0, 0, 0, 0, 0, 0, 0, 0, 0, 0, 
0, 0.98889, 0.99, 0.99091, 0.99091, 0.99167, 0.99231, 0.98619, 
0.99375, 0.99412, 0.98819, 0.99412, 0.96667, 0.99, 0.99091, 0.99091, 
0.99167, 0.97033, 0.98619, 0.98708, 0.98787, 0.97014, 0.99412, 
0.0136, 0.0137, 0.0147, 0.0159, 0.0152, 0.0141, 0.0168, 0.0168, 
0.0161, 0.018, 0.0173, 56.3, 59.7, 75.3, 62.7, 56.5, 43, 83.7, 
48.4, 55.6, 81, 46.6, 97, 652, 333, 50, 70, 769, 57, 352, 1889, 
906, 15, 50, 4, 23, 242, 26, 15, 88, 8, 2, 4, 132, 100, 100, 
100, 100, 100, 100, 100, 100, 100, 100, 100, 2500, 2500, 2500, 
2500, 2500, 2500, 2500, 2500, 2500, 2500, 2500, 6389.625, 6431.545, 
6550.824, 6502.104, 6534.312, 6584.239, 6650.21799999999, 6667.295, 
6723.981, 6688.731, 6649.01800000001, 1, 1, 1, 1, 1, 1, 1, 1, 
1, 1, 1, 0.07692, 0.07692, 0.07692, 0.07692, 0.07692, 0.07692, 
0.07692, 0.07692, 0.07692, 0.07692, 0.07692, 0, 0, 0, 0, 0, 0, 
0, 0, 0, 0, 0, 0, 0, 0, 0, 0, 0, 0, 0, 0, 0, 0, 0.96778, 0.9598, 
0.96273, 0.99091, 0.98333, 0.98516, 0.98619, 0.98042, 0.98824, 
0.97083, 0.98885, 0.96667, 0.96889, 0.97182, 0.99091, 0.99167, 
0.97033, 0.97286, 0.98042, 0.98787, 0.98264, 0.9833, 0.0132, 
0.0133, 0.014, 0.0142, 0.0148, 0.0147, 0.0154, 0.0158, 0.0161, 
0.0176, 0.0186, 41, 44.2, 46.3, 49.4, 51.1, 52.7, 56.1, 56.5, 
58.5, 60.5, 62.3, 1, 1, 1, 1, 1, 1, 1, 1, 1, 1, 1, 1, 1, 1, 1, 
1, 1, 1, 1, 1, 1, 1, 1, 1, 1, 1, 1, 1, 1, 1, 1, 1, 1, 1, 1, 1, 
1, 1, 1, 1, 1, 1, 1, 1, 2.53, 2.513, 2.601, 2.671, 2.599, 2.565, 
2.591, 2.624, 2.606, 2.705, 2.811), .Dim = c(11L, 40L), .Dimnames = list(
    NULL, c("Sampling", "PSO.cost", "PSO.gamma", "PSO.data.balancing", 
    "PSO.feature.selection", "PSO.valid.acc", "PSO.test.acc", 
    "PSO.train.time", "PSO.n.support.vectors", "PSO.index", "PSO.n.solutions", 
    "PSO.generations", "PSO.n.evaluations", "PSO.cpu.time", "RS.cost", 
    "RS.gamma", "RS.data.balancing", "RS.feature.selection", 
    "RS.valid.acc", "RS.test.acc", "RS.train.time", "RS.n.support.vectors", 
    "RS.index", "RS.n.solutions", "RS.generations", "RS.n.evaluations", 
    "RS.cpu.time", "DF.cost", "DF.gamma", "DF.data.balancing", 
    "DF.feature.selection", "DF.valid.acc", "DF.test.acc", "DF.train.time", 
    "DF.n.support.vectors", "DF.index", "DF.n.solutions", "DF.generations", 
    "DF.n.evaluations", "DF.cpu.time")))
