full <-
structure(c(50, 55, 60, 65, 70, 75, 80, 85, 90, 95, 100, 1, 1, 
1, 1, 1, -1.73849, 9.90079, -2, 3.87285, -2, 1.16924, 0.07692, 
0.07692, 0.07692, 0.07692, 0.07692, -5.27625, -3.03722, -4.32636, 
-2.71601, -5.39368, -4.5145, 0, 0, 0, 0, 0, 0, 0, 0, 0, 0, 0, 
0, 0, 0, 0, 0, 0, 0, 0, 0, 0, 0, 1, 1, 1, 0.99091, 0.99167, 0.99231, 
0.98571, 0.98708, 0.98824, 0.99444, 0.99412, 1, 1, 1, 0.99091, 
0.99167, 0.98397, 0.98571, 0.98708, 0.9761, 0.99444, 0.9833, 
0.0142, 0.0139, 0.0141, 0.0147, 0.0153, 0.0168, 0.0164, 0.0172, 
0.0189, 0.019, 0.0164, 42.9, 44.3, 45.8, 47.8, 48.4, 75.8, 61, 
80.3, 77.8, 97.1, 48.1, 1, 1, 1, 1, 1, 711, 10, 236, 65, 73, 
129, 1793, 999, 1622, 1026, 1379, 73, 1166, 793, 551, 152, 726, 
100, 100, 100, 100, 100, 100, 100, 100, 100, 100, 100, 2500, 
2500, 2500, 2500, 2500, 2500, 2500, 2500, 2500, 2500, 2500, 6742.371, 
6762.926, 6787.389, 6762.463, 6748.856, 6723.44200000001, 6762.96299999999, 
6749.497, 6846.83900000001, 6785.924, 6796.212, 13.87026, 10.74817, 
9.8161, 8.48871, 5.26192, -1.46161, 11.44877, -0.93654, 9.91407, 
2.63697, 1.00774, -13.08589, -14.20104, -8.80857, -3.97132, -11.29486, 
-5.79725, -3.60117, -4.33959, -2.7885, -10.50718, -4.18527, 0, 
0, 0, 0, 0, 0, 0, 0, 0, 0, 0, 0, 0, 0, 0, 0, 0, 0, 0, 0, 0, 0, 
1, 1, 1, 0.99091, 0.99167, 0.99231, 0.98571, 0.98708, 0.98824, 
0.98889, 0.99412, 1, 1, 1, 0.99091, 0.98397, 0.97683, 0.98571, 
0.98708, 0.9761, 0.98301, 0.98301, 0.0135, 0.0133, 0.0136, 0.0146, 
0.015, 0.0164, 0.0163, 0.0163, 0.0182, 0.0185, 0.0169, 19.9, 
25, 22.6, 41.2, 47.5, 76.6, 51.4, 64.5, 76.3, 94.1, 53.3, 2, 
6, 1, 1, 3, 2354, 6, 374, 15, 112, 1497, 1397, 716, 1231, 301, 
1024, 1, 145, 11, 31, 54, 4, 100, 100, 100, 100, 100, 100, 100, 
100, 100, 100, 100, 2500, 2500, 2500, 2500, 2500, 2500, 2500, 
2500, 2500, 2500, 2500, 6760.78, 6775.805, 6768.62, 6748.13200000001, 
6742.587, 6784.223, 6794.337, 6885.568, 6765.03599999999, 6753.56700000001, 
6955.83300000001, 1, 1, 1, 1, 1, 1, 1, 1, 1, 1, 1, 0.07692, 0.07692, 
0.07692, 0.07692, 0.07692, 0.07692, 0.07692, 0.07692, 0.07692, 
0.07692, 0.07692, 0, 0, 0, 0, 0, 0, 0, 0, 0, 0, 0, 0, 0, 0, 0, 
0, 0, 0, 0, 0, 0, 0, 1, 1, 1, 0.99091, 0.99167, 0.97683, 0.97857, 
0.97994, 0.98235, 0.98231, 0.98885, 1, 1, 1, 0.99091, 0.99167, 
0.97683, 0.97857, 0.97994, 0.98235, 0.98819, 0.97774, 0.0138, 
0.0144, 0.0145, 0.0149, 0.0152, 0.0153, 0.016, 0.0167, 0.0171, 
0.0167, 0.0179, 42.9, 44.3, 45.8, 47.8, 48.4, 52.6, 54.3, 55.8, 
59.4, 59.6, 61.7, 1, 1, 1, 1, 1, 1, 1, 1, 1, 1, 1, 1, 1, 1, 1, 
1, 1, 1, 1, 1, 1, 1, 1, 1, 1, 1, 1, 1, 1, 1, 1, 1, 1, 1, 1, 1, 
1, 1, 1, 1, 1, 1, 1, 1, 2.695, 2.754, 2.723, 2.707, 2.714, 2.708, 
2.7, 2.735, 2.695, 2.652, 2.823), .Dim = c(11L, 40L), .Dimnames = list(
    NULL, c("Sampling", "PSO.cost", "PSO.gamma", "PSO.data.balancing", 
    "PSO.feature.selection", "PSO.valid.acc", "PSO.test.acc", 
    "PSO.train.time", "PSO.n.support.vectors", "PSO.index", "PSO.n.solutions", 
    "PSO.generations", "PSO.n.evaluations", "PSO.cpu.time", "RS.cost", 
    "RS.gamma", "RS.data.balancing", "RS.feature.selection", 
    "RS.valid.acc", "RS.test.acc", "RS.train.time", "RS.n.support.vectors", 
    "RS.index", "RS.n.solutions", "RS.generations", "RS.n.evaluations", 
    "RS.cpu.time", "DF.cost", "DF.gamma", "DF.data.balancing", 
    "DF.feature.selection", "DF.valid.acc", "DF.test.acc", "DF.train.time", 
    "DF.n.support.vectors", "DF.index", "DF.n.solutions", "DF.generations", 
    "DF.n.evaluations", "DF.cpu.time")))
