new.sol <-
structure(list(Sampling = c(50, 55, 60, 65, 70, 75, 80, 85, 90, 
95, 100), PSO.cost = c(4.94704, 10.39747, -0.47902, 0.27642, 
7.10174, -0.22419, 0.63789, -1.89243, 9.13457, 0.80256, -2), 
    PSO.gamma = c(-8.64066, -8.28646, -4.44854, -6.58841, -13.72379, 
    -6.55097, -5.35699, -5.81319, -14.28986, -5.9718, -4.99371
    ), PSO.data.balancing = c(0, 0, 0, 0, 0, 0, 0, 0, 0, 0, 0
    ), PSO.feature.selection = c(0, 0, 0, 0, 0, 0, 0, 0, 0, 0, 
    0), PSO.valid.acc = c(1, 0.99091, 0.98091, 0.99231, 0.99231, 
    0.99286, 0.99333, 0.99333, 0.99375, 0.99412, 0.99444), PSO.test.acc = c(0.97639, 
    0.9698, 0.98182, 0.98333, 0.99231, 0.99286, 0.97905, 0.98667, 
    0.9875, 0.98199, 0.99444), PSO.train.time = c(0.0129, 0.0125, 
    0.0134, 0.0136, 0.0138, 0.015, 0.0147, 0.0175, 0.0153, 0.0164, 
    0.0183), PSO.n.support.vectors = c(23.5, 20.7, 46.5, 54.4, 
    58.4, 65.8, 45.4, 94.8, 45.2, 52.1, 94.7), PSO.index = c(2, 
    5, 20, 788, 121, 314, 78, 220, 15, 96, 193), PSO.n.solutions = c(606, 
    1329, 647, 211, 95, 448, 510, 400, 585, 1289, 1256), PSO.generations = c(100, 
    100, 100, 100, 100, 100, 100, 100, 100, 100, 100), PSO.n.evaluations = c(2500, 
    2500, 2500, 2500, 2500, 2500, 2500, 2500, 2500, 2500, 2500
    ), PSO.cpu.time = c(6062.147, 6074.791, 6105.426, 6118.946, 
    6086.012, 6373.75399999999, 6281.73699999999, 6400.30499999999, 
    6278.13699999999, 6410.321, 6384.14099999999), RS.cost = c(4.45515, 
    11.86706, -0.36126, 0.11221, 6.27343, 2.95406, 0.43582, 0.52552, 
    7.74225, -0.02184, 0.11766), RS.gamma = c(-7.66586, -7.50108, 
    -5.27672, -6.55043, -12.90024, -7.74392, -5.28413, -8.38361, 
    -12.3686, -4.84891, -8.01683), RS.data.balancing = c(0, 0, 
    0, 0, 0, 0, 0, 0, 0, 0, 0), RS.feature.selection = c(0, 0, 
    0, 0, 0, 0, 0, 0, 0, 0, 0), RS.valid.acc = c(1, 0.99091, 
    0.98091, 0.99231, 0.99231, 0.99286, 0.99333, 0.99333, 0.99375, 
    0.99412, 0.98889), RS.test.acc = c(0.98889, 0.9573, 0.98182, 
    0.97628, 0.99231, 0.98516, 0.98619, 0.98, 0.9875, 0.98787, 
    0.98889), RS.train.time = c(0.0118, 0.0131, 0.0133, 0.0142, 
    0.0159, 0.0138, 0.0151, 0.0169, 0.0148, 0.0167, 0.0185), 
    RS.n.support.vectors = c(22.6, 21.5, 48, 55.7, 58.4, 38.4, 
    47.8, 88, 40.1, 57.7, 99), RS.index = c(8, 3, 225, 299, 526, 
    68, 1310, 112, 14, 29, 30), RS.n.solutions = c(26, 201, 10, 
    3, 3, 9, 2, 14, 134, 41, 20), RS.generations = c(100, 100, 
    100, 100, 100, 100, 100, 100, 100, 100, 100), RS.n.evaluations = c(2500, 
    2500, 2500, 2500, 2500, 2500, 2500, 2500, 2500, 2500, 2500
    ), RS.cpu.time = c(6105.684, 6127.931, 6203.337, 6069.091, 
    6375.214, 6340.458, 6334.042, 6327.023, 6348.90000000001, 
    6324.732, 6377.34299999999), DF.cost = c(1, 1, 1, 1, 1, 1, 
    1, 1, 1, 1, 1), DF.gamma = c(0.07692, 0.07692, 0.07692, 0.07692, 
    0.07692, 0.07692, 0.07692, 0.07692, 0.07692, 0.07692, 0.07692
    ), DF.data.balancing = c(0, 0, 0, 0, 0, 0, 0, 0, 0, 0, 0), 
    DF.feature.selection = c(0, 0, 0, 0, 0, 0, 0, 0, 0, 0, 0), 
    DF.valid.acc = c(0.98182, 0.93821, 0.95364, 0.96026, 0.97628, 
    0.97802, 0.98, 0.98667, 0.98162, 0.98199, 0.98856), DF.test.acc = c(0.98182, 
    0.95932, 0.95364, 0.9595, 0.97628, 0.97802, 0.98619, 0.97952, 
    0.9875, 0.98162, 0.98856), DF.train.time = c(0.0123, 0.0128, 
    0.013, 0.0141, 0.0143, 0.0151, 0.0163, 0.0161, 0.016, 0.0164, 
    0.0166), DF.n.support.vectors = c(42.4, 43.8, 46.1, 49.5, 
    51.1, 52.9, 53.3, 55.6, 58, 59.3, 62), DF.index = c(1, 1, 
    1, 1, 1, 1, 1, 1, 1, 1, 1), DF.n.solutions = c(1, 1, 1, 1, 
    1, 1, 1, 1, 1, 1, 1), DF.generations = c(1, 1, 1, 1, 1, 1, 
    1, 1, 1, 1, 1), DF.n.evaluations = c(1, 1, 1, 1, 1, 1, 1, 
    1, 1, 1, 1), DF.cpu.time = c(2.353, 2.391, 2.39, 2.4, 2.453, 
    2.499, 2.692, 2.539, 2.468, 2.448, 2.457), SMBO.cost = c(2.55326733752329, 
    2.55326733752329, 2.55326733752329, 2.55326733752329, 2.55326733752329, 
    2.55326733752329, 2.55326733752329, 2.55326733752329, 2.55326733752329, 
    2.55326733752329, 2.55326733752329), SMBO.gamma = c(-3.25200362026866, 
    -3.25200362026866, -3.25200362026866, -3.25200362026866, 
    -3.25200362026866, -3.25200362026866, -3.25200362026866, 
    -3.25200362026866, -3.25200362026866, -3.25200362026866, 
    -3.25200362026866), SMBO.balanced.test.accuracy = c(1, 1, 
    1, 1, 1, 1, 1, 1, 1, 1, 1)), .Names = c("Sampling", "PSO.cost", 
"PSO.gamma", "PSO.data.balancing", "PSO.feature.selection", "PSO.valid.acc", 
"PSO.test.acc", "PSO.train.time", "PSO.n.support.vectors", "PSO.index", 
"PSO.n.solutions", "PSO.generations", "PSO.n.evaluations", "PSO.cpu.time", 
"RS.cost", "RS.gamma", "RS.data.balancing", "RS.feature.selection", 
"RS.valid.acc", "RS.test.acc", "RS.train.time", "RS.n.support.vectors", 
"RS.index", "RS.n.solutions", "RS.generations", "RS.n.evaluations", 
"RS.cpu.time", "DF.cost", "DF.gamma", "DF.data.balancing", "DF.feature.selection", 
"DF.valid.acc", "DF.test.acc", "DF.train.time", "DF.n.support.vectors", 
"DF.index", "DF.n.solutions", "DF.generations", "DF.n.evaluations", 
"DF.cpu.time", "SMBO.cost", "SMBO.gamma", "SMBO.balanced.test.accuracy"
), row.names = c(NA, -11L), class = "data.frame")
