new.sol <-
structure(list(Sampling = c(50, 55, 60, 65, 70, 75, 80, 85, 90, 
95, 100), PSO.cost = c(7.98148, -0.24629, 4.3207, 1, 7.5939, 
1, 7.56736, 6.75585, 4.13343, 8.84632, 0.03423), PSO.gamma = c(-3.12117, 
-7.26008, -3.31729, 0.07692, -3.39524, 0.07692, -3.70799, -4.08573, 
-9.66338, -8.82547, -3.04874), PSO.data.balancing = c(0, 0, 0, 
0, 0, 0, 0, 0, 0, 0, 0), PSO.feature.selection = c(0, 0, 0, 0, 
0, 0, 0, 0, 0, 0, 0), PSO.valid.acc = c(0.9775, 0.99, 0.99091, 
0.98258, 0.99167, 0.99231, 0.99286, 0.99333, 0.99375, 1, 0.98889
), PSO.test.acc = c(0.9775, 0.98, 0.99091, 0.98258, 0.99167, 
0.98516, 0.99286, 0.99333, 0.98787, 0.99375, 0.98301), PSO.train.time = c(0.0128, 
0.0131, 0.0134, 0.0133, 0.0153, 0.0146, 0.0141, 0.0158, 0.0146, 
0.0135, 0.0174), PSO.n.support.vectors = c(48.8, 63.6, 50.1, 
50.9, 53.7, 54.7, 52.2, 48.6, 50, 27.6, 73.5), PSO.index = c(11, 
224, 30, 1, 13, 1, 12, 2, 5, 37, 209), PSO.n.solutions = c(1377, 
620, 236, 981, 681, 1001, 1652, 1830, 1346, 1641, 395), PSO.generations = c(100, 
100, 100, 100, 100, 100, 100, 100, 100, 100, 100), PSO.n.evaluations = c(2500, 
2500, 2500, 2500, 2500, 2500, 2500, 2500, 2500, 2500, 2500), 
    PSO.cpu.time = c(5570.689, 5735.137, 5753.481, 5730.546, 
    5844.577, 6091.288, 5835.00700000001, 5978.246, 5854.34999999999, 
    6099.292, 6077.85299999999), RS.cost = c(7.11027, 0.04783, 
    -0.4509, -1.18005, 13.00666, 10.65738, 4.92052, 11.93134, 
    6.89263, 8.36239, 0.96297), RS.gamma = c(-3.04902, -6.94021, 
    -7.23079, -3.4167, -8.80291, -2.65529, -8.03676, -3.13074, 
    -13.34412, -8.60848, -4.43007), RS.data.balancing = c(0, 
    0, 0, 0, 0, 0, 0, 0, 0, 0, 0), RS.feature.selection = c(0, 
    0, 0, 0, 0, 0, 0, 0, 0, 0, 0), RS.valid.acc = c(0.9775, 0.99, 
    0.99091, 0.98258, 0.99167, 0.99231, 0.99286, 0.99333, 0.99375, 
    1, 0.98889), RS.test.acc = c(0.9775, 0.99, 0.99091, 0.98258, 
    0.975, 0.98516, 0.98619, 0.98667, 0.98199, 0.99375, 0.98333
    ), RS.train.time = c(0.0134, 0.0131, 0.013, 0.0139, 0.0131, 
    0.0157, 0.0137, 0.017, 0.015, 0.0151, 0.0155), RS.n.support.vectors = c(49.5, 
    54.6, 71.1, 59.5, 24.4, 70, 29.5, 66, 64.1, 27.7, 51.5), 
    RS.index = c(6, 89, 6, 1, 10, 6, 17, 1, 5, 2, 60), RS.n.solutions = c(148, 
    17, 113, 708, 195, 338, 362, 1107, 737, 182, 10), RS.generations = c(100, 
    100, 100, 100, 100, 100, 100, 100, 100, 100, 100), RS.n.evaluations = c(2500, 
    2500, 2500, 2500, 2500, 2500, 2500, 2500, 2500, 2500, 2500
    ), RS.cpu.time = c(5737.477, 5740.585, 5725.23, 5760.215, 
    6117.081, 5927.88299999999, 5936.958, 6186.21000000001, 5892.765, 
    6171.46699999999, 6134.09), DF.cost = c(1, 1, 1, 1, 1, 1, 
    1, 1, 1, 1, 1), DF.gamma = c(0.07692, 0.07692, 0.07692, 0.07692, 
    0.07692, 0.07692, 0.07692, 0.07692, 0.07692, 0.07692, 0.07692
    ), DF.data.balancing = c(0, 0, 0, 0, 0, 0, 0, 0, 0, 0, 0), 
    DF.feature.selection = c(0, 0, 0, 0, 0, 0, 0, 0, 0, 0, 0), 
    DF.valid.acc = c(0.9675, 0.96889, 0.97091, 0.98258, 0.98333, 
    0.99231, 0.98571, 0.98708, 0.98162, 0.9875, 0.98301), DF.test.acc = c(0.9675, 
    0.98, 0.98091, 0.98258, 0.99167, 0.98516, 0.98571, 0.98042, 
    0.98162, 0.9875, 0.98301), DF.train.time = c(0.0122, 0.0126, 
    0.013, 0.0137, 0.0144, 0.014, 0.0159, 0.016, 0.016, 0.0169, 
    0.0169), DF.n.support.vectors = c(43.6, 45.7, 47.9, 50.9, 
    52.5, 54.7, 58, 57.9, 60.5, 60, 61.7), DF.index = c(1, 1, 
    1, 1, 1, 1, 1, 1, 1, 1, 1), DF.n.solutions = c(1, 1, 1, 1, 
    1, 1, 1, 1, 1, 1, 1), DF.generations = c(1, 1, 1, 1, 1, 1, 
    1, 1, 1, 1, 1), DF.n.evaluations = c(1, 1, 1, 1, 1, 1, 1, 
    1, 1, 1, 1), DF.cpu.time = c(2.273, 2.288, 2.276, 2.365, 
    2.425, 2.285, 2.487, 2.374, 2.396, 2.535, 2.473), SMBO.cost = c(-0.675809506702353, 
    -0.675809506702353, -0.675809506702353, -0.675809506702353, 
    -0.675809506702353, -0.675809506702353, -0.675809506702353, 
    -0.675809506702353, -0.675809506702353, -0.675809506702353, 
    -0.675809506702353), SMBO.gamma = c(-7.00853575059693, -7.00853575059693, 
    -7.00853575059693, -7.00853575059693, -7.00853575059693, 
    -7.00853575059693, -7.00853575059693, -7.00853575059693, 
    -7.00853575059693, -7.00853575059693, -7.00853575059693), 
    SMBO.balanced.test.accuracy = c(1, 1, 1, 1, 1, 1, 1, 1, 1, 
    1, 1)), .Names = c("Sampling", "PSO.cost", "PSO.gamma", "PSO.data.balancing", 
"PSO.feature.selection", "PSO.valid.acc", "PSO.test.acc", "PSO.train.time", 
"PSO.n.support.vectors", "PSO.index", "PSO.n.solutions", "PSO.generations", 
"PSO.n.evaluations", "PSO.cpu.time", "RS.cost", "RS.gamma", "RS.data.balancing", 
"RS.feature.selection", "RS.valid.acc", "RS.test.acc", "RS.train.time", 
"RS.n.support.vectors", "RS.index", "RS.n.solutions", "RS.generations", 
"RS.n.evaluations", "RS.cpu.time", "DF.cost", "DF.gamma", "DF.data.balancing", 
"DF.feature.selection", "DF.valid.acc", "DF.test.acc", "DF.train.time", 
"DF.n.support.vectors", "DF.index", "DF.n.solutions", "DF.generations", 
"DF.n.evaluations", "DF.cpu.time", "SMBO.cost", "SMBO.gamma", 
"SMBO.balanced.test.accuracy"), row.names = c(NA, -11L), class = "data.frame")
