new.sol <-
structure(list(Sampling = c(50, 55, 60, 65, 70, 75, 80, 85, 90, 
95, 100), PSO.cost = c(2.88287, 1, -1.25414, -1.41737, 1.41136, 
10.36819, 0.7977, 2.42929, 0.98215, 1.67809, -2), PSO.gamma = c(-5.33861, 
0.07692, -6.1959, -5.52425, -5.32523, -14.65647, -4.73377, -4.82188, 
-4.96489, -5.74523, -6.34486), PSO.data.balancing = c(0, 0, 0, 
0, 0, 0, 0, 0, 0, 0, 0), PSO.feature.selection = c(0, 0, 0, 0, 
0, 0, 0, 0, 0, 0, 0), PSO.valid.acc = c(1, 0.97889, 0.99, 0.99091, 
0.99231, 0.99231, 0.99231, 0.98667, 0.99412, 0.99444, 0.98889
), PSO.test.acc = c(0.99, 0.97889, 0.99, 0.98258, 0.99231, 0.98462, 
0.99231, 0.98667, 0.99412, 0.99444, 0.97807), PSO.train.time = c(0.0139, 
0.0151, 0.0161, 0.016, 0.0162, 0.0162, 0.0144, 0.0144, 0.0152, 
0.0153, 0.0214), PSO.n.support.vectors = c(29.3, 45.2, 69.1, 
67, 38.3, 35, 46.9, 39.3, 46.2, 42, 116.7), PSO.index = c(1464, 
1, 85, 81, 185, 39, 8, 6, 4, 150, 43), PSO.n.solutions = c(36, 
252, 716, 541, 492, 260, 960, 477, 470, 671, 433), PSO.generations = c(100, 
100, 100, 100, 100, 100, 100, 100, 100, 100, 100), PSO.n.evaluations = c(2500, 
2500, 2500, 2500, 2500, 2500, 2500, 2500, 2500, 2500, 2500), 
    PSO.cpu.time = c(6435.818, 6700.418, 6735.354, 6610.69, 6588.096, 
    6441.977, 6383.60800000001, 6261.06300000001, 6333.19899999999, 
    6223.022, 6428.98899999999), RS.cost = c(3.05384, 4.88469, 
    -1.9071, -0.45275, -0.41599, 9.41589, 1.44404, 2.63207, -1.97047, 
    1.56622, 6.79331), RS.gamma = c(-5.45036, -12.58502, -5.12987, 
    -6.51973, -4.4865, -13.77811, -5.14709, -3.39142, -5.41562, 
    -5.25016, -13.11558), RS.data.balancing = c(0, 0, 0, 0, 0, 
    0, 0, 0, 0, 0, 0), RS.feature.selection = c(0, 0, 0, 0, 0, 
    0, 0, 0, 0, 0, 0), RS.valid.acc = c(1, 0.97889, 0.99, 0.99091, 
    0.99231, 0.99231, 0.99231, 0.98667, 0.99412, 0.99444, 0.98889
    ), RS.test.acc = c(0.99, 0.9798, 0.97167, 0.98258, 0.98397, 
    0.98462, 0.99231, 0.98, 0.98824, 0.99444, 0.97745), RS.train.time = c(0.0133, 
    0.0156, 0.0163, 0.0157, 0.0168, 0.0159, 0.0154, 0.0163, 0.0176, 
    0.0152, 0.0172), RS.n.support.vectors = c(29, 64.3, 69.8, 
    62.4, 53.5, 35.7, 39.7, 59.6, 92.8, 40.9, 65.6), RS.index = c(2230, 
    28, 133, 94, 118, 7, 11, 6, 166, 457, 40), RS.n.solutions = c(1, 
    180, 15, 36, 17, 68, 40, 170, 17, 12, 40), RS.generations = c(100, 
    100, 100, 100, 100, 100, 100, 100, 100, 100, 100), RS.n.evaluations = c(2500, 
    2500, 2500, 2500, 2500, 2500, 2500, 2500, 2500, 2500, 2500
    ), RS.cpu.time = c(6507.262, 6738.73, 6692.15100000001, 6585.313, 
    6587.7, 6338.053, 6337.60400000001, 6359.895, 6268.44899999999, 
    6393.28200000001, 6354.81400000001), DF.cost = c(1, 1, 1, 
    1, 1, 1, 1, 1, 1, 1, 1), DF.gamma = c(0.07692, 0.07692, 0.07692, 
    0.07692, 0.07692, 0.07692, 0.07692, 0.07692, 0.07692, 0.07692, 
    0.07692), DF.data.balancing = c(0, 0, 0, 0, 0, 0, 0, 0, 0, 
    0, 0), DF.feature.selection = c(0, 0, 0, 0, 0, 0, 0, 0, 0, 
    0, 0), DF.valid.acc = c(0.99, 0.97889, 0.97091, 0.98182, 
    0.98462, 0.97747, 0.98516, 0.98, 0.98787, 0.97778, 0.9833
    ), DF.test.acc = c(0.99, 0.97889, 0.97091, 0.97348, 0.98462, 
    0.98516, 0.98516, 0.98, 0.98787, 0.97778, 0.97774), DF.train.time = c(0.015, 
    0.0149, 0.0145, 0.0162, 0.015, 0.0154, 0.0158, 0.0152, 0.0156, 
    0.0175, 0.0162), DF.n.support.vectors = c(44.9, 45.2, 47.4, 
    49.2, 52.3, 55.6, 56.2, 58.9, 59.8, 59.7, 61.8), DF.index = c(1, 
    1, 1, 1, 1, 1, 1, 1, 1, 1, 1), DF.n.solutions = c(1, 1, 1, 
    1, 1, 1, 1, 1, 1, 1, 1), DF.generations = c(1, 1, 1, 1, 1, 
    1, 1, 1, 1, 1, 1), DF.n.evaluations = c(1, 1, 1, 1, 1, 1, 
    1, 1, 1, 1, 1), DF.cpu.time = c(2.576, 2.648, 2.623, 2.756, 
    2.533, 2.504, 2.568, 2.383, 2.36, 2.623, 2.409), SMBO.cost = c(-1.71103086126036, 
    -1.71103086126036, -1.71103086126036, -1.71103086126036, 
    -1.71103086126036, -1.71103086126036, -1.71103086126036, 
    -1.71103086126036, -1.71103086126036, -1.71103086126036, 
    -1.71103086126036), SMBO.gamma = c(-5.45741342607478, -5.45741342607478, 
    -5.45741342607478, -5.45741342607478, -5.45741342607478, 
    -5.45741342607478, -5.45741342607478, -5.45741342607478, 
    -5.45741342607478, -5.45741342607478, -5.45741342607478), 
    SMBO.balanced.test.accuracy = c(1, 1, 1, 1, 1, 1, 1, 1, 1, 
    1, 1)), .Names = c("Sampling", "PSO.cost", "PSO.gamma", "PSO.data.balancing", 
"PSO.feature.selection", "PSO.valid.acc", "PSO.test.acc", "PSO.train.time", 
"PSO.n.support.vectors", "PSO.index", "PSO.n.solutions", "PSO.generations", 
"PSO.n.evaluations", "PSO.cpu.time", "RS.cost", "RS.gamma", "RS.data.balancing", 
"RS.feature.selection", "RS.valid.acc", "RS.test.acc", "RS.train.time", 
"RS.n.support.vectors", "RS.index", "RS.n.solutions", "RS.generations", 
"RS.n.evaluations", "RS.cpu.time", "DF.cost", "DF.gamma", "DF.data.balancing", 
"DF.feature.selection", "DF.valid.acc", "DF.test.acc", "DF.train.time", 
"DF.n.support.vectors", "DF.index", "DF.n.solutions", "DF.generations", 
"DF.n.evaluations", "DF.cpu.time", "SMBO.cost", "SMBO.gamma", 
"SMBO.balanced.test.accuracy"), row.names = c(NA, -11L), class = "data.frame")
