new.sol <-
structure(list(Sampling = c(50, 55, 60, 65, 70, 75, 80, 85, 90, 
95, 100), PSO.cost = c(-0.90516, 0.59006, 1, -0.33356, 1.13837, 
0.6693, 1.57114, -1.23007, 1.31393, -0.19754, 0.96167), PSO.gamma = c(-5.9, 
-4.27021, 0.07692, -4.80971, -6.27801, -8.69983, -7.14655, -4.99987, 
-8.51288, -4.14497, -4.57309), PSO.data.balancing = c(0, 0, 0, 
0, 0, 0, 0, 0, 0, 0, 0), PSO.feature.selection = c(0, 0, 0, 0, 
0, 0, 0, 0, 0, 0, 0), PSO.valid.acc = c(1, 0.99, 0.98182, 0.99167, 
0.99167, 0.98516, 1, 0.99412, 0.99375, 0.99412, 0.99444), PSO.test.acc = c(0.96667, 
0.96889, 0.99091, 0.98258, 0.96731, 0.96978, 0.99286, 0.98745, 
0.97537, 0.98787, 0.98333), PSO.train.time = c(0.0142, 0.0144, 
0.0144, 0.0159, 0.015, 0.0172, 0.0158, 0.0166, 0.0183, 0.0169, 
0.0167), PSO.n.support.vectors = c(54, 42.5, 48.8, 52.5, 44.6, 
87.4, 49.6, 70.7, 78.4, 58.6, 49.2), PSO.index = c(1836, 51, 
1, 162, 696, 1106, 280, 88, 312, 19, 245), PSO.n.solutions = c(28, 
1127, 785, 567, 52, 237, 533, 742, 144, 890, 802), PSO.generations = c(100, 
100, 100, 100, 100, 100, 100, 100, 100, 100, 100), PSO.n.evaluations = c(2500, 
2500, 2500, 2500, 2500, 2500, 2500, 2500, 2500, 2500, 2500), 
    PSO.cpu.time = c(6283.083, 6222.041, 6266.36, 6296.093, 6337.484, 
    6586.744, 6515.772, 6410.545, 6431.348, 6370.159, 6444.79599999999
    ), RS.cost = c(-0.98513, -0.39921, -0.15645, -0.24854, 1.91985, 
    -0.64547, 1.93313, -1.7173, -1.22766, 1.10489, 0.99741), 
    RS.gamma = c(-6.01521, -4.31387, -7.8405, -5.00547, -4.93523, 
    -6.72805, -7.50404, -5.24917, -6.05211, -5.09571, -4.86472
    ), RS.data.balancing = c(0, 0, 0, 0, 0, 0, 0, 0, 0, 0, 0), 
    RS.feature.selection = c(0, 0, 0, 0, 0, 0, 0, 0, 0, 0, 0), 
    RS.valid.acc = c(0.98889, 0.99, 0.98258, 0.99167, 0.98333, 
    0.98516, 1, 0.99412, 0.99375, 0.99412, 0.99444), RS.test.acc = c(0.95556, 
    0.99, 0.96439, 0.98258, 0.96731, 0.98516, 0.99286, 0.98078, 
    0.97458, 0.99412, 0.97745), RS.train.time = c(0.014, 0.0147, 
    0.0158, 0.015, 0.0147, 0.0163, 0.016, 0.0175, 0.0179, 0.0151, 
    0.016), RS.n.support.vectors = c(55.7, 46.6, 73.5, 51.7, 
    36.5, 77.4, 49.1, 82.6, 85.3, 45.7, 48.6), RS.index = c(43, 
    34, 1280, 392, 2, 17, 554, 68, 304, 9, 641), RS.n.solutions = c(3, 
    36, 2, 14, 77, 59, 6, 7, 4, 18, 4), RS.generations = c(100, 
    100, 100, 100, 100, 100, 100, 100, 100, 100, 100), RS.n.evaluations = c(2500, 
    2500, 2500, 2500, 2500, 2500, 2500, 2500, 2500, 2500, 2500
    ), RS.cpu.time = c(6282.8, 6278.78, 6284.057, 6280.351, 6562.855, 
    6591.478, 6458.59600000001, 6436.549, 6456.55, 6412.894, 
    6316.18900000001), DF.cost = c(1, 1, 1, 1, 1, 1, 1, 1, 1, 
    1, 1), DF.gamma = c(0.07692, 0.07692, 0.07692, 0.07692, 0.07692, 
    0.07692, 0.07692, 0.07692, 0.07692, 0.07692, 0.07692), DF.data.balancing = c(0, 
    0, 0, 0, 0, 0, 0, 0, 0, 0, 0), DF.feature.selection = c(0, 
    0, 0, 0, 0, 0, 0, 0, 0, 0, 0), DF.valid.acc = c(0.96528, 
    0.97889, 0.98182, 0.97348, 0.97564, 0.96978, 0.97143, 0.98078, 
    0.97417, 0.98235, 0.98301), DF.test.acc = c(0.97778, 0.96889, 
    0.99091, 0.95606, 0.97564, 0.97747, 0.97857, 0.96745, 0.97417, 
    0.98824, 0.98301), DF.train.time = c(0.014, 0.0143, 0.0147, 
    0.0145, 0.0158, 0.0162, 0.0148, 0.0158, 0.0173, 0.0162, 0.0173
    ), DF.n.support.vectors = c(44.2, 46.1, 48.8, 52, 53.1, 54, 
    55.3, 57.3, 59.6, 59.6, 62.5), DF.index = c(1, 1, 1, 1, 1, 
    1, 1, 1, 1, 1, 1), DF.n.solutions = c(1, 1, 1, 1, 1, 1, 1, 
    1, 1, 1, 1), DF.generations = c(1, 1, 1, 1, 1, 1, 1, 1, 1, 
    1, 1), DF.n.evaluations = c(1, 1, 1, 1, 1, 1, 1, 1, 1, 1, 
    1), DF.cpu.time = c(2.476, 2.61, 2.644, 2.42, 2.63, 2.694, 
    2.334, 2.415, 2.64, 2.475, 2.488), SMBO.cost = c(9.92674663531598, 
    9.92674663531598, 9.92674663531598, 9.92674663531598, 9.92674663531598, 
    9.92674663531598, 9.92674663531598, 9.92674663531598, 9.92674663531598, 
    9.92674663531598, 9.92674663531598), SMBO.gamma = c(-14.7989960300266, 
    -14.7989960300266, -14.7989960300266, -14.7989960300266, 
    -14.7989960300266, -14.7989960300266, -14.7989960300266, 
    -14.7989960300266, -14.7989960300266, -14.7989960300266, 
    -14.7989960300266), SMBO.balanced.test.accuracy = c(0.994444444444444, 
    0.994444444444444, 0.994444444444444, 0.994444444444444, 
    0.994444444444444, 0.994444444444444, 0.994444444444444, 
    0.994444444444444, 0.994444444444444, 0.994444444444444, 
    0.994444444444444)), .Names = c("Sampling", "PSO.cost", "PSO.gamma", 
"PSO.data.balancing", "PSO.feature.selection", "PSO.valid.acc", 
"PSO.test.acc", "PSO.train.time", "PSO.n.support.vectors", "PSO.index", 
"PSO.n.solutions", "PSO.generations", "PSO.n.evaluations", "PSO.cpu.time", 
"RS.cost", "RS.gamma", "RS.data.balancing", "RS.feature.selection", 
"RS.valid.acc", "RS.test.acc", "RS.train.time", "RS.n.support.vectors", 
"RS.index", "RS.n.solutions", "RS.generations", "RS.n.evaluations", 
"RS.cpu.time", "DF.cost", "DF.gamma", "DF.data.balancing", "DF.feature.selection", 
"DF.valid.acc", "DF.test.acc", "DF.train.time", "DF.n.support.vectors", 
"DF.index", "DF.n.solutions", "DF.generations", "DF.n.evaluations", 
"DF.cpu.time", "SMBO.cost", "SMBO.gamma", "SMBO.balanced.test.accuracy"
), row.names = c(NA, -11L), class = "data.frame")
