new.sol <-
structure(list(Sampling = c(50, 55, 60, 65, 70, 75, 80, 85, 90, 
95, 100), PSO.cost = c(-1.57702, -0.68344, -0.97752, 6.712, -1.54628, 
0.68741, -0.1997, 0.62035, -2, -1.99393, 0.87294), PSO.gamma = c(-6.29004, 
-7.6, -4.48692, -15, -6.15359, -9.04075, -4.88063, -5.76176, 
-6.25361, -5.82741, -4.557), PSO.data.balancing = c(0, 0, 0, 
0, 0, 0, 0, 0, 0, 0, 0), PSO.feature.selection = c(0, 0, 0, 0, 
0, 0, 0, 0, 0, 0, 0), PSO.valid.acc = c(1, 1, 1, 0.98333, 0.97683, 
0.98516, 0.99286, 0.99333, 0.99375, 0.99375, 0.99444), PSO.test.acc = c(1, 
0.99, 1, 0.98333, 0.96774, 0.97802, 0.96476, 0.97375, 0.9875, 
0.98787, 0.98363), PSO.train.time = c(0.0149, 0.015, 0.0147, 
0.0168, 0.0173, 0.0183, 0.0165, 0.0172, 0.0202, 0.02, 0.0174), 
    PSO.n.support.vectors = c(66, 74, 51.1, 82.1, 82.7, 92.5, 
    54.2, 51.4, 109, 103.4, 52.2), PSO.index = c(23, 171, 4, 
    432, 165, 76, 481, 167, 54, 229, 143), PSO.n.solutions = c(1239, 
    407, 784, 137, 605, 229, 72, 592, 642, 621, 736), PSO.generations = c(100, 
    100, 100, 100, 100, 100, 100, 100, 100, 100, 100), PSO.n.evaluations = c(2500, 
    2500, 2500, 2500, 2500, 2500, 2500, 2500, 2500, 2500, 2500
    ), PSO.cpu.time = c(6562.621, 6525.886, 6520.656, 6476.43199999999, 
    6762.851, 6789.019, 6765.98, 6760.00099999999, 6848.00799999999, 
    6883.393, 6829.274), RS.cost = c(-0.45334, 2.89023, -0.22021, 
    -1.49315, -1.43656, 0.32809, -0.11081, 0.83456, -1.67541, 
    -1.90076, 0.58719), RS.gamma = c(-7.45275, -11.20968, -5.44832, 
    -6.51994, -6.3321, -8.7621, -7.74386, -6.07167, -5.76749, 
    -5.96062, -4.8994), RS.data.balancing = c(0, 0, 0, 0, 0, 
    0, 0, 0, 0, 0, 0), RS.feature.selection = c(0, 0, 0, 0, 0, 
    0, 0, 0, 0, 0, 0), RS.valid.acc = c(1, 1, 1, 0.99167, 0.97683, 
    0.98516, 0.98619, 0.99333, 0.99375, 0.99375, 0.99444), RS.test.acc = c(0.99, 
    0.99, 0.99091, 1, 0.95941, 0.97802, 0.97905, 0.97375, 0.99375, 
    0.98787, 0.98363), RS.train.time = c(0.0151, 0.0156, 0.0141, 
    0.0167, 0.0166, 0.0173, 0.0183, 0.0168, 0.0189, 0.0207, 0.0176
    ), RS.n.support.vectors = c(64.1, 72.9, 47.8, 82.5, 83.9, 
    93.6, 87.7, 51.3, 91.7, 103.8, 52.7), RS.index = c(35, 45, 
    119, 368, 786, 19, 69, 62, 704, 176, 395), RS.n.solutions = c(83, 
    40, 33, 1, 7, 30, 32, 3, 2, 9, 14), RS.generations = c(100, 
    100, 100, 100, 100, 100, 100, 100, 100, 100, 100), RS.n.evaluations = c(2500, 
    2500, 2500, 2500, 2500, 2500, 2500, 2500, 2500, 2500, 2500
    ), RS.cpu.time = c(6532.41, 6536.755, 6548.964, 6494.193, 
    6788.05700000001, 6767.632, 6811.04299999999, 6789.24099999999, 
    6840.48699999999, 6817.76400000001, 6856.408), DF.cost = c(1, 
    1, 1, 1, 1, 1, 1, 1, 1, 1, 1), DF.gamma = c(0.07692, 0.07692, 
    0.07692, 0.07692, 0.07692, 0.07692, 0.07692, 0.07692, 0.07692, 
    0.07692, 0.07692), DF.data.balancing = c(0, 0, 0, 0, 0, 0, 
    0, 0, 0, 0, 0), DF.feature.selection = c(0, 0, 0, 0, 0, 0, 
    0, 0, 0, 0, 0), DF.valid.acc = c(0.99, 0.98, 0.99091, 0.96439, 
    0.95746, 0.96264, 0.97143, 0.96708, 0.98083, 0.98199, 0.98333
    ), DF.test.acc = c(0.97889, 0.98, 0.99167, 0.97348, 0.96515, 
    0.96264, 0.96476, 0.98, 0.98708, 0.9761, 0.97807), DF.train.time = c(0.0141, 
    0.0141, 0.0154, 0.0159, 0.0169, 0.0163, 0.0168, 0.0175, 0.0177, 
    0.0179, 0.0188), DF.n.support.vectors = c(40.6, 43.4, 45.9, 
    49.4, 53.1, 55, 56.1, 58.5, 59, 60.6, 62.3), DF.index = c(1, 
    1, 1, 1, 1, 1, 1, 1, 1, 1, 1), DF.n.solutions = c(1, 1, 1, 
    1, 1, 1, 1, 1, 1, 1, 1), DF.generations = c(1, 1, 1, 1, 1, 
    1, 1, 1, 1, 1, 1), DF.n.evaluations = c(1, 1, 1, 1, 1, 1, 
    1, 1, 1, 1, 1), DF.cpu.time = c(2.536, 2.556, 2.608, 2.722, 
    2.73, 2.685, 2.727, 2.742, 2.727, 2.735, 2.696), SMBO.cost = c(6.07814172935905, 
    6.07814172935905, 6.07814172935905, 6.07814172935905, 6.07814172935905, 
    6.07814172935905, 6.07814172935905, 6.07814172935905, 6.07814172935905, 
    6.07814172935905, 6.07814172935905), SMBO.gamma = c(-3.57005309885019, 
    -3.57005309885019, -3.57005309885019, -3.57005309885019, 
    -3.57005309885019, -3.57005309885019, -3.57005309885019, 
    -3.57005309885019, -3.57005309885019, -3.57005309885019, 
    -3.57005309885019), SMBO.balanced.test.accuracy = c(0.995884773662551, 
    0.995884773662551, 0.995884773662551, 0.995884773662551, 
    0.995884773662551, 0.995884773662551, 0.995884773662551, 
    0.995884773662551, 0.995884773662551, 0.995884773662551, 
    0.995884773662551)), .Names = c("Sampling", "PSO.cost", "PSO.gamma", 
"PSO.data.balancing", "PSO.feature.selection", "PSO.valid.acc", 
"PSO.test.acc", "PSO.train.time", "PSO.n.support.vectors", "PSO.index", 
"PSO.n.solutions", "PSO.generations", "PSO.n.evaluations", "PSO.cpu.time", 
"RS.cost", "RS.gamma", "RS.data.balancing", "RS.feature.selection", 
"RS.valid.acc", "RS.test.acc", "RS.train.time", "RS.n.support.vectors", 
"RS.index", "RS.n.solutions", "RS.generations", "RS.n.evaluations", 
"RS.cpu.time", "DF.cost", "DF.gamma", "DF.data.balancing", "DF.feature.selection", 
"DF.valid.acc", "DF.test.acc", "DF.train.time", "DF.n.support.vectors", 
"DF.index", "DF.n.solutions", "DF.generations", "DF.n.evaluations", 
"DF.cpu.time", "SMBO.cost", "SMBO.gamma", "SMBO.balanced.test.accuracy"
), row.names = c(NA, -11L), class = "data.frame")
