new.sol <-
structure(list(Sampling = c(50, 55, 60, 65, 70, 75, 80, 85, 90, 
95, 100), PSO.cost = c(2.65179, 10.05975, 6.89906, 4.54203, -0.40687, 
-0.64813, 3.90339, -1.3253, -1.3646, 0.75213, 0.88747), PSO.gamma = c(-4.44039, 
-4.5463, -4.69809, -4.21415, -4.75516, -5.50258, -3.61724, -4.92902, 
-6.39341, -4.4499, -3.3048), PSO.data.balancing = c(0, 0, 0, 
0, 0, 0, 0, 0, 0, 0, 0), PSO.feature.selection = c(0, 0, 0, 0, 
0, 0, 0, 0, 0, 0, 0), PSO.valid.acc = c(1, 1, 1, 1, 1, 1, 1, 
1, 1, 0.99444, 0.98889), PSO.test.acc = c(0.97639, 1, 0.99, 0.99167, 
0.98397, 0.99231, 0.99333, 0.98708, 0.99375, 0.98819, 0.98889
), PSO.train.time = c(0.0147, 0.0133, 0.0136, 0.0147, 0.0148, 
0.0157, 0.0164, 0.0165, 0.0191, 0.0163, 0.0195), PSO.n.support.vectors = c(33.1, 
33, 32.4, 42.4, 51.3, 60.1, 51.6, 71.4, 94.4, 51.5, 65.4), PSO.index = c(48, 
14, 20, 4, 6, 332, 22, 297, 511, 2163, 27), PSO.n.solutions = c(408, 
1550, 1553, 1559, 1074, 230, 1396, 457, 31, 3, 532), PSO.generations = c(100, 
100, 100, 100, 100, 100, 100, 100, 100, 100, 100), PSO.n.evaluations = c(2500, 
2500, 2500, 2500, 2500, 2500, 2500, 2500, 2500, 2500, 2500), 
    PSO.cpu.time = c(6373.172, 6248.243, 6184.531, 6231.544, 
    6137.20699999999, 6222.573, 6265.292, 6336.44900000001, 6399.462, 
    6346.041, 6485.06199999999), RS.cost = c(8.21898, 12.99688, 
    13.76543, 1.83445, 0.31469, -0.04778, 1.85, -1.58271, 1.0951, 
    1.52733, 10.94391), RS.gamma = c(-4.43985, -4.07528, -3.83743, 
    -3.26378, -4.78264, -6.37162, -3.73785, -4.6777, -9.0845, 
    -5.24932, -2.81772), RS.data.balancing = c(0, 0, 0, 0, 0, 
    0, 0, 0, 0, 0, 0), RS.feature.selection = c(0, 0, 0, 0, 0, 
    0, 0, 0, 0, 0, 0), RS.valid.acc = c(1, 1, 1, 1, 1, 1, 1, 
    1, 0.99375, 0.99444, 0.98889), RS.test.acc = c(0.97639, 1, 
    0.99, 0.99091, 0.98397, 0.99231, 0.99333, 0.9875, 0.98787, 
    0.98819, 0.98889), RS.train.time = c(0.0139, 0.0137, 0.0143, 
    0.0165, 0.0146, 0.0155, 0.0159, 0.0179, 0.019, 0.0156, 0.02
    ), RS.n.support.vectors = c(33.1, 38, 41.8, 53.3, 46.3, 60.7, 
    49.6, 74.4, 93.8, 42.6, 77.5), RS.index = c(352, 2, 6, 4, 
    48, 311, 56, 144, 262, 40, 75), RS.n.solutions = c(5, 190, 
    203, 135, 21, 6, 87, 3, 5, 6, 51), RS.generations = c(100, 
    100, 100, 100, 100, 100, 100, 100, 100, 100, 100), RS.n.evaluations = c(2500, 
    2500, 2500, 2500, 2500, 2500, 2500, 2500, 2500, 2500, 2500
    ), RS.cpu.time = c(6313.215, 6259.417, 6199.407, 6186.50999999999, 
    6210.343, 6290.341, 6351.186, 6404.44099999999, 6504.285, 
    6459.686, 6529.53599999999), DF.cost = c(1, 1, 1, 1, 1, 1, 
    1, 1, 1, 1, 1), DF.gamma = c(0.07692, 0.07692, 0.07692, 0.07692, 
    0.07692, 0.07692, 0.07692, 0.07692, 0.07692, 0.07692, 0.07692
    ), DF.data.balancing = c(0, 0, 0, 0, 0, 0, 0, 0, 0, 0, 0), 
    DF.feature.selection = c(0, 0, 0, 0, 0, 0, 0, 0, 0, 0, 0), 
    DF.valid.acc = c(0.9875, 0.99, 0.99, 0.99167, 0.99167, 0.99286, 
    0.98667, 0.97994, 0.98125, 0.98194, 0.98333), DF.test.acc = c(0.97639, 
    0.99, 0.98091, 0.98333, 0.97488, 0.99286, 0.99333, 0.98036, 
    0.9875, 0.9875, 0.98333), DF.train.time = c(0.014, 0.0139, 
    0.0146, 0.015, 0.0153, 0.0156, 0.016, 0.0165, 0.017, 0.0183, 
    0.0177), DF.n.support.vectors = c(43.1, 44.7, 47.8, 50.4, 
    52.1, 55.4, 56, 58.9, 58.1, 60.3, 62.1), DF.index = c(1, 
    1, 1, 1, 1, 1, 1, 1, 1, 1, 1), DF.n.solutions = c(1, 1, 1, 
    1, 1, 1, 1, 1, 1, 1, 1), DF.generations = c(1, 1, 1, 1, 1, 
    1, 1, 1, 1, 1, 1), DF.n.evaluations = c(1, 1, 1, 1, 1, 1, 
    1, 1, 1, 1, 1), DF.cpu.time = c(2.456, 2.458, 2.479, 2.452, 
    2.474, 2.415, 2.456, 2.466, 2.49, 2.592, 2.499), SMBO.cost = c(-0.193725363474804, 
    -0.193725363474804, -0.193725363474804, -0.193725363474804, 
    -0.193725363474804, -0.193725363474804, -0.193725363474804, 
    -0.193725363474804, -0.193725363474804, -0.193725363474804, 
    -0.193725363474804), SMBO.gamma = c(-8.60955332736236, -8.60955332736236, 
    -8.60955332736236, -8.60955332736236, -8.60955332736236, 
    -8.60955332736236, -8.60955332736236, -8.60955332736236, 
    -8.60955332736236, -8.60955332736236, -8.60955332736236), 
    SMBO.balanced.test.accuracy = c(0.995884773662551, 0.995884773662551, 
    0.995884773662551, 0.995884773662551, 0.995884773662551, 
    0.995884773662551, 0.995884773662551, 0.995884773662551, 
    0.995884773662551, 0.995884773662551, 0.995884773662551)), .Names = c("Sampling", 
"PSO.cost", "PSO.gamma", "PSO.data.balancing", "PSO.feature.selection", 
"PSO.valid.acc", "PSO.test.acc", "PSO.train.time", "PSO.n.support.vectors", 
"PSO.index", "PSO.n.solutions", "PSO.generations", "PSO.n.evaluations", 
"PSO.cpu.time", "RS.cost", "RS.gamma", "RS.data.balancing", "RS.feature.selection", 
"RS.valid.acc", "RS.test.acc", "RS.train.time", "RS.n.support.vectors", 
"RS.index", "RS.n.solutions", "RS.generations", "RS.n.evaluations", 
"RS.cpu.time", "DF.cost", "DF.gamma", "DF.data.balancing", "DF.feature.selection", 
"DF.valid.acc", "DF.test.acc", "DF.train.time", "DF.n.support.vectors", 
"DF.index", "DF.n.solutions", "DF.generations", "DF.n.evaluations", 
"DF.cpu.time", "SMBO.cost", "SMBO.gamma", "SMBO.balanced.test.accuracy"
), row.names = c(NA, -11L), class = "data.frame")
