full <-
structure(c(50, 55, 60, 65, 70, 75, 80, 85, 90, 95, 100, 6.30329, 
9.73358, 1, 6.37578, 0.76119, 0.32353, 10.18331, 13.66813, 2.52204, 
0.90876, 0.52559, -4.89023, -14.13291, 0.07692, -10.88193, -4.10485, 
-4.07473, -3.28271, -3.47233, -3.23699, -5.3978, -7.5523, 0, 
0, 0, 0, 0, 0, 0, 0, 0, 0, 0, 0, 0, 0, 0, 0, 0, 0, 0, 0, 0, 0, 
1, 1, 1, 1, 1, 0.99333, 0.99333, 0.99375, 1, 1, 0.99444, 1, 0.98889, 
0.99, 0.98258, 1, 1, 0.97905, 0.98708, 0.99375, 0.98819, 0.98363, 
0.0135, 0.0129, 0.0145, 0.0145, 0.0153, 0.0161, 0.0167, 0.0172, 
0.0178, 0.0169, 0.0189, 31.1, 28.2, 48.3, 31.9, 44.1, 50.2, 57.9, 
57.1, 63.2, 47, 82.2, 23, 5, 1, 81, 35, 439, 31, 2, 86, 80, 97, 
883, 491, 327, 101, 302, 130, 1400, 1342, 686, 756, 351, 100, 
100, 100, 100, 100, 100, 100, 100, 100, 100, 100, 2500, 2500, 
2500, 2500, 2500, 2500, 2500, 2500, 2500, 2500, 2500, 6431.796, 
6559.655, 6609.887, 6694.487, 6682.933, 6729.599, 6820.666, 6922.946, 
6899.66800000001, 6849.985, 6907.46599999999, 7.1001, 7.97271, 
0.23355, 7.57307, 0.5739, -1.45817, 14.62715, 1.20639, 10.60381, 
1.23139, -0.11877, -4.98302, -12.41733, -5.84001, -12.08652, 
-4.35824, -5.35103, -3.53712, -4.4853, -3.25935, -5.2678, -7.01625, 
0, 0, 0, 0, 0, 0, 0, 0, 0, 0, 0, 0, 0, 0, 0, 0, 0, 0, 0, 0, 0, 
0, 1, 1, 1, 1, 1, 0.99286, 0.99333, 1, 1, 1, 0.99444, 1, 0.98889, 
0.99, 0.98258, 0.99231, 0.98571, 0.97905, 0.99333, 0.99375, 0.98819, 
0.98363, 0.0133, 0.0135, 0.014, 0.0147, 0.015, 0.0167, 0.0166, 
0.0164, 0.0177, 0.0164, 0.0191, 30.7, 28.6, 44.8, 31.9, 43.8, 
71.4, 53.3, 46.1, 62.4, 43.9, 84.8, 29, 17, 229, 26, 205, 262, 
10, 1304, 115, 220, 134, 221, 58, 14, 11, 10, 3, 103, 1, 37, 
9, 12, 100, 100, 100, 100, 100, 100, 100, 100, 100, 100, 100, 
2500, 2500, 2500, 2500, 2500, 2500, 2500, 2500, 2500, 2500, 2500, 
6469.23, 6580.414, 6650.046, 6687.968, 6716.688, 6750.00900000001, 
6917.79400000001, 6935.68799999999, 6927.327, 6948.55900000001, 
6969.10499999998, 1, 1, 1, 1, 1, 1, 1, 1, 1, 1, 1, 0.07692, 0.07692, 
0.07692, 0.07692, 0.07692, 0.07692, 0.07692, 0.07692, 0.07692, 
0.07692, 0.07692, 0, 0, 0, 0, 0, 0, 0, 0, 0, 0, 0, 0, 0, 0, 0, 
0, 0, 0, 0, 0, 0, 0, 0.99, 0.96889, 1, 0.98258, 0.98462, 0.9785, 
0.98619, 0.99286, 0.99375, 0.99444, 0.98889, 0.98889, 0.98, 0.99, 
0.98258, 0.98462, 0.99231, 0.99286, 0.98619, 0.99375, 0.98819, 
0.98889, 0.0134, 0.014, 0.0149, 0.0149, 0.0159, 0.0162, 0.0168, 
0.0172, 0.0179, 0.0173, 0.0171, 42.9, 46.6, 48.3, 50.2, 50.6, 
53.7, 54, 54.9, 56.6, 58.6, 62.6, 1, 1, 1, 1, 1, 1, 1, 1, 1, 
1, 1, 1, 1, 1, 1, 1, 1, 1, 1, 1, 1, 1, 1, 1, 1, 1, 1, 1, 1, 1, 
1, 1, 1, 1, 1, 1, 1, 1, 1, 1, 1, 1, 1, 1, 2.54, 2.639, 2.683, 
2.581, 2.714, 2.742, 2.802, 2.752, 2.774, 2.726, 2.525), .Dim = c(11L, 
40L), .Dimnames = list(NULL, c("Sampling", "PSO.cost", "PSO.gamma", 
"PSO.data.balancing", "PSO.feature.selection", "PSO.valid.acc", 
"PSO.test.acc", "PSO.train.time", "PSO.n.support.vectors", "PSO.index", 
"PSO.n.solutions", "PSO.generations", "PSO.n.evaluations", "PSO.cpu.time", 
"RS.cost", "RS.gamma", "RS.data.balancing", "RS.feature.selection", 
"RS.valid.acc", "RS.test.acc", "RS.train.time", "RS.n.support.vectors", 
"RS.index", "RS.n.solutions", "RS.generations", "RS.n.evaluations", 
"RS.cpu.time", "DF.cost", "DF.gamma", "DF.data.balancing", "DF.feature.selection", 
"DF.valid.acc", "DF.test.acc", "DF.train.time", "DF.n.support.vectors", 
"DF.index", "DF.n.solutions", "DF.generations", "DF.n.evaluations", 
"DF.cpu.time")))
