full <-
structure(c(50, 55, 60, 65, 70, 75, 80, 85, 90, 95, 100, 1, -0.48087, 
0.0287, -2, 0.51929, 0.01721, 2.7877, 0.68741, 0.02615, 1.45876, 
6.21762, 0.07692, -3.65408, -7.19337, -4.61684, -2.94744, -5.63436, 
-11.75105, -3.98625, -4.67314, -6.00415, -12.70921, 0, 0, 0, 
0, 0, 0, 0, 0, 0, 0, 0, 0, 0, 0, 0, 0, 0, 0, 0, 0, 0, 0, 0.99, 
0.98889, 1, 1, 0.98462, 0.98571, 0.98667, 0.99333, 0.99333, 0.99375, 
0.99444, 0.97889, 0.97889, 0.99091, 0.99091, 0.96859, 0.97143, 
0.97952, 0.98667, 0.98, 0.98787, 0.98856, 0.0145, 0.0135, 0.0143, 
0.0143, 0.0158, 0.0137, 0.018, 0.0144, 0.0158, 0.0159, 0.0179, 
41.3, 47.2, 61.6, 69.9, 59, 53, 104.7, 51.4, 56.3, 46.8, 69.2, 
1, 564, 417, 182, 205, 396, 107, 100, 109, 121, 22, 399, 101, 
377, 511, 636, 182, 203, 451, 113, 475, 491, 100, 100, 100, 100, 
100, 100, 100, 100, 100, 100, 100, 2500, 2500, 2500, 2500, 2500, 
2500, 2500, 2500, 2500, 2500, 2500, 6157.055, 6336.458, 6162.513, 
6238.334, 6328.175, 6179.73299999999, 6426.378, 6305.16499999999, 
6427.25199999999, 6422.89599999999, 6432.531, 14.34362, -0.49282, 
-0.90055, -1.6526, 0.25331, 0.45492, 1.75978, 1.77449, -1.95609, 
0.94912, 5.57898, -3.52516, -3.65938, -6.15149, -5.22134, -2.87125, 
-6.92647, -10.70263, -5.57189, -4.92793, -5.72995, -10.90845, 
0, 0, 0, 0, 0, 0, 0, 0, 0, 0, 0, 0, 0, 0, 0, 0, 0, 0, 0, 0, 0, 
0, 0.99, 0.98889, 1, 1, 0.98462, 0.98571, 0.98667, 0.99333, 0.99333, 
0.99375, 0.99444, 0.97889, 0.97889, 1, 0.99091, 0.96859, 0.97857, 
0.97952, 0.98, 0.99333, 0.98231, 1, 0.0138, 0.0138, 0.0131, 0.0151, 
0.0163, 0.0156, 0.0182, 0.0147, 0.0176, 0.0168, 0.0163, 39.8, 
47.3, 62.1, 68, 61.9, 60.5, 104.5, 39.6, 86.2, 50, 51, 9, 1638, 
172, 595, 503, 46, 78, 28, 45, 136, 85, 63, 1, 7, 1, 3, 8, 15, 
8, 10, 9, 80, 100, 100, 100, 100, 100, 100, 100, 100, 100, 100, 
100, 2500, 2500, 2500, 2500, 2500, 2500, 2500, 2500, 2500, 2500, 
2500, 6272.27, 6292.238, 6136.254, 6121.088, 6292.04399999999, 
6389.50099999999, 6289.523, 6443.65100000001, 6467.03200000001, 
6503.64, 6492.14199999999, 1, 1, 1, 1, 1, 1, 1, 1, 1, 1, 1, 0.07692, 
0.07692, 0.07692, 0.07692, 0.07692, 0.07692, 0.07692, 0.07692, 
0.07692, 0.07692, 0.07692, 0, 0, 0, 0, 0, 0, 0, 0, 0, 0, 0, 0, 
0, 0, 0, 0, 0, 0, 0, 0, 0, 0, 0.99, 0.97889, 0.98258, 0.99091, 
0.96795, 0.96969, 0.97333, 0.98667, 0.98, 0.97055, 0.98918, 0.97889, 
0.97889, 1, 0.97348, 0.96859, 0.98571, 0.97286, 0.98667, 0.98, 
0.97643, 0.98889, 0.0135, 0.0132, 0.0143, 0.0148, 0.015, 0.0158, 
0.0143, 0.0168, 0.0166, 0.0169, 0.0175, 41.3, 44.3, 46, 48.5, 
52, 53.9, 57.2, 57, 59.5, 60.5, 61.8, 1, 1, 1, 1, 1, 1, 1, 1, 
1, 1, 1, 1, 1, 1, 1, 1, 1, 1, 1, 1, 1, 1, 1, 1, 1, 1, 1, 1, 1, 
1, 1, 1, 1, 1, 1, 1, 1, 1, 1, 1, 1, 1, 1, 1, 2.488, 2.45, 2.532, 
2.528, 2.526, 2.567, 2.352, 2.554, 2.605, 2.599, 2.607), .Dim = c(11L, 
40L), .Dimnames = list(NULL, c("Sampling", "PSO.cost", "PSO.gamma", 
"PSO.data.balancing", "PSO.feature.selection", "PSO.valid.acc", 
"PSO.test.acc", "PSO.train.time", "PSO.n.support.vectors", "PSO.index", 
"PSO.n.solutions", "PSO.generations", "PSO.n.evaluations", "PSO.cpu.time", 
"RS.cost", "RS.gamma", "RS.data.balancing", "RS.feature.selection", 
"RS.valid.acc", "RS.test.acc", "RS.train.time", "RS.n.support.vectors", 
"RS.index", "RS.n.solutions", "RS.generations", "RS.n.evaluations", 
"RS.cpu.time", "DF.cost", "DF.gamma", "DF.data.balancing", "DF.feature.selection", 
"DF.valid.acc", "DF.test.acc", "DF.train.time", "DF.n.support.vectors", 
"DF.index", "DF.n.solutions", "DF.generations", "DF.n.evaluations", 
"DF.cpu.time")))
