new.sol <-
structure(list(Sampling = c(50, 55, 60, 65, 70, 75, 80, 85, 90, 
95, 100), PSO.cost = c(1, 8.72732, 0.81716, 0.02594, 7.38401, 
0.67085, 0.17993, 1.11203, 0.11635, -0.17206, -0.02457), PSO.gamma = c(0.33333, 
-4.40001, 0.89511, 0.91987, -3.43145, 1.17914, 0.91132, -0.12842, 
1.58303, 1.12259, 1.1958), PSO.data.balancing = c(0, 0, 0, 0, 
0, 0, 0, 0, 0, 0, 0), PSO.feature.selection = c(0, 0, 0, 0, 0, 
0, 0, 0, 0, 0, 0), PSO.valid.acc = c(0.89994, 0.89759, 0.90617, 
0.9073, 0.90836, 0.91032, 0.914, 0.9135, 0.9183, 0.91846, 0.92088
), PSO.test.acc = c(0.89994, 0.89184, 0.90361, 0.90485, 0.90163, 
0.90612, 0.91207, 0.91351, 0.91569, 0.91764, 0.91931), PSO.train.time = c(0.0503, 
0.3006, 0.0811, 0.0948, 0.2349, 0.1263, 0.119, 0.1131, 0.195, 
0.1781, 0.1902), PSO.n.support.vectors = c(148.5, 147.8, 267.1, 
281.2, 172.1, 330.7, 320.3, 248.7, 440.6, 389, 402.6), PSO.index = c(1, 
790, 342, 1907, 793, 1634, 369, 327, 262, 677, 1042), PSO.n.solutions = c(1754, 
42, 72, 5, 16, 72, 536, 223, 698, 353, 193), PSO.generations = c(100, 
100, 100, 100, 100, 100, 100, 100, 100, 100, 100), PSO.n.evaluations = c(2500, 
2500, 2500, 2500, 2500, 2500, 2500, 2500, 2500, 2500, 2500), 
    PSO.cpu.time = c(13257.883, 14360.022, 12360.237, 10030.998, 
    14323.418, 10294.066, 10182.059, 13650.552, 17819.884, 14245.362, 
    22619.331), RS.cost = c(12.12655, 8.79579, 0.96987, -0.52204, 
    8.44512, 0.68447, 0.21209, 1.12852, 0.35162, -0.04382, 0.07347
    ), RS.gamma = c(-10.5949, -4.43489, 0.75323, 0.61982, -3.73708, 
    1.2027, 0.8609, -0.36338, 1.79842, 1.25962, 1.50604), RS.data.balancing = c(0, 
    0, 0, 0, 0, 0, 0, 0, 0, 0, 0), RS.feature.selection = c(0, 
    0, 0, 0, 0, 0, 0, 0, 0, 0, 0), RS.valid.acc = c(0.89994, 
    0.89759, 0.90487, 0.9061, 0.90836, 0.91032, 0.914, 0.9135, 
    0.91831, 0.91846, 0.92088), RS.test.acc = c(0.89994, 0.89184, 
    0.90096, 0.9061, 0.90276, 0.90507, 0.91207, 0.91259, 0.91395, 
    0.91764, 0.91932), RS.train.time = c(0.6082, 0.3016, 0.0782, 
    0.084, 0.3445, 0.1213, 0.1225, 0.111, 0.2102, 0.1865, 0.2443
    ), RS.n.support.vectors = c(170.1, 147.1, 252, 255.1, 170.3, 
    334.2, 313.6, 241.4, 477.8, 406.1, 455.8), RS.index = c(4, 
    741, 1093, 227, 1057, 135, 572, 161, 1518, 167, 103), RS.n.solutions = c(1572, 
    1, 1, 8, 2, 1, 1, 6, 1, 1, 1), RS.generations = c(100, 100, 
    100, 100, 100, 100, 100, 100, 100, 100, 100), RS.n.evaluations = c(2500, 
    2500, 2500, 2500, 2500, 2500, 2500, 2500, 2500, 2500, 2500
    ), RS.cpu.time = c(12039.084, 13885.219, 14515.439, 15627.773, 
    16421.619, 18985.614, 19550.584, 23470.918, 23871.414, 27208.133, 
    29430.528), DF.cost = c(1, 1, 1, 1, 1, 1, 1, 1, 1, 1, 1), 
    DF.gamma = c(0.33333, 0.33333, 0.33333, 0.33333, 0.33333, 
    0.33333, 0.33333, 0.33333, 0.33333, 0.33333, 0.33333), DF.data.balancing = c(0, 
    0, 0, 0, 0, 0, 0, 0, 0, 0, 0), DF.feature.selection = c(0, 
    0, 0, 0, 0, 0, 0, 0, 0, 0, 0), DF.valid.acc = c(0.89994, 
    0.89618, 0.90355, 0.90251, 0.90609, 0.90712, 0.91104, 0.91076, 
    0.91309, 0.91353, 0.91618), DF.test.acc = c(0.89994, 0.89618, 
    0.90355, 0.90251, 0.90609, 0.90711, 0.91008, 0.91076, 0.91222, 
    0.91353, 0.91618), DF.train.time = c(0.0485, 0.0601, 0.0712, 
    0.0775, 0.085, 0.0961, 0.1099, 0.1246, 0.1287, 0.1421, 0.1474
    ), DF.n.support.vectors = c(148.5, 174.2, 179.8, 194, 205.6, 
    212.3, 228.8, 243.7, 244.9, 252.2, 256.4), DF.index = c(1, 
    1, 1, 1, 1, 1, 1, 1, 1, 1, 1), DF.n.solutions = c(1, 1, 1, 
    1, 1, 1, 1, 1, 1, 1, 1), DF.generations = c(1, 1, 1, 1, 1, 
    1, 1, 1, 1, 1, 1), DF.n.evaluations = c(1, 1, 1, 1, 1, 1, 
    1, 1, 1, 1, 1), DF.cpu.time = c(3.016, 3.079, 3.273, 3.306, 
    3.212, 3.312, 3.478, 3.666, 4.366, 4.531, 3.826), SMBO.cost = c(12.6557687078865, 
    12.6557687078865, 12.6557687078865, 12.6557687078865, 12.6557687078865, 
    12.6557687078865, 12.6557687078865, 12.6557687078865, 12.6557687078865, 
    12.6557687078865, 12.6557687078865), SMBO.gamma = c(-1.05385249557876, 
    -1.05385249557876, -1.05385249557876, -1.05385249557876, 
    -1.05385249557876, -1.05385249557876, -1.05385249557876, 
    -1.05385249557876, -1.05385249557876, -1.05385249557876, 
    -1.05385249557876), SMBO.balanced.test.accuracy = c(0.356654008994538, 
    0.356654008994538, 0.356654008994538, 0.356654008994538, 
    0.356654008994538, 0.356654008994538, 0.356654008994538, 
    0.356654008994538, 0.356654008994538, 0.356654008994538, 
    0.356654008994538)), .Names = c("Sampling", "PSO.cost", "PSO.gamma", 
"PSO.data.balancing", "PSO.feature.selection", "PSO.valid.acc", 
"PSO.test.acc", "PSO.train.time", "PSO.n.support.vectors", "PSO.index", 
"PSO.n.solutions", "PSO.generations", "PSO.n.evaluations", "PSO.cpu.time", 
"RS.cost", "RS.gamma", "RS.data.balancing", "RS.feature.selection", 
"RS.valid.acc", "RS.test.acc", "RS.train.time", "RS.n.support.vectors", 
"RS.index", "RS.n.solutions", "RS.generations", "RS.n.evaluations", 
"RS.cpu.time", "DF.cost", "DF.gamma", "DF.data.balancing", "DF.feature.selection", 
"DF.valid.acc", "DF.test.acc", "DF.train.time", "DF.n.support.vectors", 
"DF.index", "DF.n.solutions", "DF.generations", "DF.n.evaluations", 
"DF.cpu.time", "SMBO.cost", "SMBO.gamma", "SMBO.balanced.test.accuracy"
), row.names = c(NA, -11L), class = "data.frame")
