new.sol <-
structure(list(Sampling = c(50, 55, 60, 65, 70, 75, 80, 85, 90, 
95, 100), PSO.cost = c(7.82063, 12.27706, 0.40073, 1, 6.76335, 
1.72971, 13.34126, 1.9808, 0.98216, -0.11725, 0.09444), PSO.gamma = c(-6.26107, 
-6.20253, -1.03882, 0.33333, -5.30191, 0.52845, -7.17924, -2.41843, 
-1.24179, 0.54488, -0.0737), PSO.data.balancing = c(0, 0, 0, 
0, 0, 0, 0, 0, 0, 0, 0), PSO.feature.selection = c(0, 0, 0, 0, 
0, 0, 0, 0, 0, 0, 0), PSO.valid.acc = c(0.91381, 0.91603, 0.92049, 
0.92425, 0.92402, 0.92487, 0.92276, 0.92088, 0.92091, 0.92094, 
0.92246), PSO.test.acc = c(0.91222, 0.91176, 0.92049, 0.92425, 
0.92291, 0.9207, 0.92276, 0.91903, 0.91829, 0.91848, 0.92168), 
    PSO.train.time = c(0.117, 0.5119, 0.0637, 0.067, 0.2591, 
    0.098, 2.9004, 0.1219, 0.1249, 0.1437, 0.1475), PSO.n.support.vectors = c(121.2, 
    115.3, 170.7, 162.6, 196.9, 249.5, 154.2, 198.2, 229.8, 321.3, 
    284.7), PSO.index = c(234, 124, 41, 1, 40, 832, 9, 95, 638, 
    264, 777), PSO.n.solutions = c(311, 115, 79, 196, 581, 148, 
    595, 374, 102, 1028, 261), PSO.generations = c(100, 100, 
    100, 100, 100, 100, 100, 100, 100, 100, 100), PSO.n.evaluations = c(2500, 
    2500, 2500, 2500, 2500, 2500, 2500, 2500, 2500, 2500, 2500
    ), PSO.cpu.time = c(11018.985, 19617.631, 17290.57, 17586.897, 
    14257.852, 16349.976, 31614.847, 13938.998, 18859.075, 10410.693, 
    13281.335), RS.cost = c(7.76156, 6.28414, 0.61074, -0.31779, 
    11.60347, 1.99814, 8.86068, 3.45276, 1.01852, 0.66503, -0.22303
    ), RS.gamma = c(-5.98932, -3.87226, -0.76786, 1.0659, -7.09837, 
    0.34845, -5.67119, -3.28741, -1.24901, -0.37971, 0.6898), 
    RS.data.balancing = c(0, 0, 0, 0, 0, 0, 0, 0, 0, 0, 0), RS.feature.selection = c(0, 
    0, 0, 0, 0, 0, 0, 0, 0, 0, 0), RS.valid.acc = c(0.91381, 
    0.91603, 0.92049, 0.92425, 0.92402, 0.92487, 0.92276, 0.92088, 
    0.92091, 0.9193, 0.92168), RS.test.acc = c(0.91222, 0.91317, 
    0.92049, 0.92425, 0.92291, 0.9207, 0.92276, 0.91903, 0.91829, 
    0.91847, 0.92168), RS.train.time = c(0.1111, 0.0832, 0.066, 
    0.1024, 1.3772, 0.0908, 0.5986, 0.153, 0.1245, 0.1353, 0.1708
    ), RS.n.support.vectors = c(118.2, 119.1, 176, 289.6, 163.8, 
    227.7, 200.5, 194, 229, 256.7, 344.4), RS.index = c(60, 932, 
    817, 6, 35, 1127, 28, 22, 2072, 2333, 203), RS.n.solutions = c(11, 
    4, 4, 86, 53, 4, 61, 16, 1, 6, 4), RS.generations = c(100, 
    100, 100, 100, 100, 100, 100, 100, 100, 100, 100), RS.n.evaluations = c(2500, 
    2500, 2500, 2500, 2500, 2500, 2500, 2500, 2500, 2500, 2500
    ), RS.cpu.time = c(9837.719, 10330.893, 11409.681, 12008.891, 
    14253.532, 14930.797, 16058.72, 17568.662, 20842.659, 24177.691, 
    26528.201), DF.cost = c(1, 1, 1, 1, 1, 1, 1, 1, 1, 1, 1), 
    DF.gamma = c(0.33333, 0.33333, 0.33333, 0.33333, 0.33333, 
    0.33333, 0.33333, 0.33333, 0.33333, 0.33333, 0.33333), DF.data.balancing = c(0, 
    0, 0, 0, 0, 0, 0, 0, 0, 0, 0), DF.feature.selection = c(0, 
    0, 0, 0, 0, 0, 0, 0, 0, 0, 0), DF.valid.acc = c(0.91225, 
    0.9146, 0.91918, 0.92425, 0.92178, 0.92278, 0.91984, 0.91903, 
    0.9183, 0.91682, 0.9162), DF.test.acc = c(0.91225, 0.9146, 
    0.91918, 0.92425, 0.92179, 0.92279, 0.92179, 0.91903, 0.92005, 
    0.91764, 0.9162), DF.train.time = c(0.0478, 0.0549, 0.0639, 
    0.0671, 0.0781, 0.09, 0.0983, 0.1073, 0.128, 0.1383, 0.1545
    ), DF.n.support.vectors = c(139.9, 152.1, 163.7, 162.6, 179.6, 
    197.5, 209.3, 222.3, 233.9, 245.5, 259.6), DF.index = c(1, 
    1, 1, 1, 1, 1, 1, 1, 1, 1, 1), DF.n.solutions = c(1, 1, 1, 
    1, 1, 1, 1, 1, 1, 1, 1), DF.generations = c(1, 1, 1, 1, 1, 
    1, 1, 1, 1, 1, 1), DF.n.evaluations = c(1, 1, 1, 1, 1, 1, 
    1, 1, 1, 1, 1), DF.cpu.time = c(3.195, 3.237, 3.232, 3.282, 
    3.425, 3.436, 3.397, 3.57, 3.857, 3.821, 4.18), SMBO.cost = c(5.3615222325793, 
    5.3615222325793, 5.3615222325793, 5.3615222325793, 5.3615222325793, 
    5.3615222325793, 5.3615222325793, 5.3615222325793, 5.3615222325793, 
    5.3615222325793, 5.3615222325793), SMBO.gamma = c(0.412600977797702, 
    0.412600977797702, 0.412600977797702, 0.412600977797702, 
    0.412600977797702, 0.412600977797702, 0.412600977797702, 
    0.412600977797702, 0.412600977797702, 0.412600977797702, 
    0.412600977797702), SMBO.balanced.test.accuracy = c(0.335372266793815, 
    0.335372266793815, 0.335372266793815, 0.335372266793815, 
    0.335372266793815, 0.335372266793815, 0.335372266793815, 
    0.335372266793815, 0.335372266793815, 0.335372266793815, 
    0.335372266793815)), .Names = c("Sampling", "PSO.cost", "PSO.gamma", 
"PSO.data.balancing", "PSO.feature.selection", "PSO.valid.acc", 
"PSO.test.acc", "PSO.train.time", "PSO.n.support.vectors", "PSO.index", 
"PSO.n.solutions", "PSO.generations", "PSO.n.evaluations", "PSO.cpu.time", 
"RS.cost", "RS.gamma", "RS.data.balancing", "RS.feature.selection", 
"RS.valid.acc", "RS.test.acc", "RS.train.time", "RS.n.support.vectors", 
"RS.index", "RS.n.solutions", "RS.generations", "RS.n.evaluations", 
"RS.cpu.time", "DF.cost", "DF.gamma", "DF.data.balancing", "DF.feature.selection", 
"DF.valid.acc", "DF.test.acc", "DF.train.time", "DF.n.support.vectors", 
"DF.index", "DF.n.solutions", "DF.generations", "DF.n.evaluations", 
"DF.cpu.time", "SMBO.cost", "SMBO.gamma", "SMBO.balanced.test.accuracy"
), row.names = c(NA, -11L), class = "data.frame")
