new.sol <-
structure(list(Sampling = c(50, 55, 60, 65, 70, 75, 80, 85, 90, 
95, 100), PSO.cost = c(14.13328, 2.82879, 0.38251, 0.21067, 8.99482, 
-0.1577, 0.10066, 0.11649, 0.27892, 0.34895, 0.13885), PSO.gamma = c(-8.18445, 
-14.76173, 2.17337, 0.95736, -7.94019, 1.43872, 1.33688, 0.84513, 
1.00876, 0.33315, 1.47113), PSO.data.balancing = c(0, 0, 0, 0, 
0, 0, 0, 0, 0, 0, 0), PSO.feature.selection = c(0, 0, 0, 0, 0, 
0, 0, 0, 0, 0, 0), PSO.valid.acc = c(0.90921, 0.90896, 0.91798, 
0.91815, 0.91734, 0.91762, 0.92077, 0.91719, 0.91914, 0.91853, 
0.92166), PSO.test.acc = c(0.90606, 0.90896, 0.91273, 0.91573, 
0.91734, 0.91762, 0.92176, 0.91536, 0.9174, 0.9144, 0.9201), 
    PSO.train.time = c(1.4083, 0.0278, 0.1351, 0.0856, 0.4712, 
    0.129, 0.1323, 0.1255, 0.1502, 0.129, 0.1996), PSO.n.support.vectors = c(114.3, 
    83.5, 417.8, 281.1, 305.2, 367.2, 374.3, 329.6, 365, 300.7, 
    449.7), PSO.index = c(149, 2, 1302, 1215, 2, 1490, 1557, 
    967, 651, 1402, 510), PSO.n.solutions = c(102, 2253, 107, 
    68, 2072, 21, 92, 237, 535, 49, 560), PSO.generations = c(100, 
    100, 100, 100, 100, 100, 100, 100, 100, 100, 100), PSO.n.evaluations = c(2500, 
    2500, 2500, 2500, 2500, 2500, 2500, 2500, 2500, 2500, 2500
    ), PSO.cpu.time = c(13686.872, 9853.288, 10119.679, 10414.625, 
    15631.438, 11755.284, 12492.759, 14272.568, 16265.87, 16796.853, 
    11917.706), RS.cost = c(0.45461, 0.28816, 0.08219, 0.24573, 
    0.09603, 0.16681, 0.61681, 0.07519, -0.05198, 0.71944, 0.14557
    ), RS.gamma = c(-1.35229, 1.47761, 0.60366, 0.93816, 0.87023, 
    1.81908, 2.64466, 0.52879, 1.40868, -0.41648, 0.90829), RS.data.balancing = c(0, 
    0, 0, 0, 0, 0, 0, 0, 0, 0, 0), RS.feature.selection = c(0, 
    0, 0, 0, 0, 0, 0, 0, 0, 0, 0), RS.valid.acc = c(0.90921, 
    0.91039, 0.9167, 0.91696, 0.91844, 0.91762, 0.9198, 0.91628, 
    0.91914, 0.91771, 0.92087), RS.test.acc = c(0.90921, 0.91176, 
    0.9128, 0.91573, 0.91846, 0.91655, 0.91783, 0.91443, 0.91914, 
    0.91686, 0.91853), RS.train.time = c(0.0417, 0.0851, 0.0695, 
    0.0882, 0.0936, 0.1549, 0.286, 0.1169, 0.1659, 0.1306, 0.1569
    ), RS.n.support.vectors = c(134.7, 308.7, 238.3, 279.7, 287.7, 
    435.7, 597.4, 297.6, 418.5, 256.9, 372.2), RS.index = c(184, 
    1670, 2150, 2420, 1516, 1797, 634, 772, 200, 77, 114), RS.n.solutions = c(20, 
    1, 1, 1, 3, 1, 1, 1, 7, 3, 2), RS.generations = c(100, 100, 
    100, 100, 100, 100, 100, 100, 100, 100, 100), RS.n.evaluations = c(2500, 
    2500, 2500, 2500, 2500, 2500, 2500, 2500, 2500, 2500, 2500
    ), RS.cpu.time = c(10347.653, 11221.768, 12815.907, 13901.232, 
    14475.429, 17332.769, 21515.127, 23433.663, 22893.253, 26220.348, 
    27583.053), DF.cost = c(1, 1, 1, 1, 1, 1, 1, 1, 1, 1, 1), 
    DF.gamma = c(0.33333, 0.33333, 0.33333, 0.33333, 0.33333, 
    0.33333, 0.33333, 0.33333, 0.33333, 0.33333, 0.33333), DF.data.balancing = c(0, 
    0, 0, 0, 0, 0, 0, 0, 0, 0, 0), DF.feature.selection = c(0, 
    0, 0, 0, 0, 0, 0, 0, 0, 0, 0), DF.valid.acc = c(0.90765, 
    0.9061, 0.91403, 0.91457, 0.91622, 0.91659, 0.91783, 0.9144, 
    0.91566, 0.91438, 0.91775), DF.test.acc = c(0.90765, 0.90753, 
    0.91403, 0.91457, 0.91734, 0.91556, 0.91685, 0.9144, 0.91566, 
    0.91438, 0.91619), DF.train.time = c(0.0438, 0.047, 0.0574, 
    0.0628, 0.0706, 0.0891, 0.0966, 0.108, 0.1165, 0.13, 0.1457
    ), DF.n.support.vectors = c(135.6, 143.5, 158.4, 164, 179, 
    199.7, 208.4, 223, 239.5, 247.3, 265.7), DF.index = c(1, 
    1, 1, 1, 1, 1, 1, 1, 1, 1, 1), DF.n.solutions = c(1, 1, 1, 
    1, 1, 1, 1, 1, 1, 1, 1), DF.generations = c(1, 1, 1, 1, 1, 
    1, 1, 1, 1, 1, 1), DF.n.evaluations = c(1, 1, 1, 1, 1, 1, 
    1, 1, 1, 1, 1), DF.cpu.time = c(2.825, 2.686, 2.879, 3.012, 
    2.807, 3.338, 3.412, 3.723, 3.386, 3.566, 3.963), SMBO.cost = c(14.7094143406729, 
    14.7094143406729, 14.7094143406729, 14.7094143406729, 14.7094143406729, 
    14.7094143406729, 14.7094143406729, 14.7094143406729, 14.7094143406729, 
    14.7094143406729, 14.7094143406729), SMBO.gamma = c(-1.68885083391506, 
    -1.68885083391506, -1.68885083391506, -1.68885083391506, 
    -1.68885083391506, -1.68885083391506, -1.68885083391506, 
    -1.68885083391506, -1.68885083391506, -1.68885083391506, 
    -1.68885083391506), SMBO.balanced.test.accuracy = c(0.363502175281272, 
    0.363502175281272, 0.363502175281272, 0.363502175281272, 
    0.363502175281272, 0.363502175281272, 0.363502175281272, 
    0.363502175281272, 0.363502175281272, 0.363502175281272, 
    0.363502175281272)), .Names = c("Sampling", "PSO.cost", "PSO.gamma", 
"PSO.data.balancing", "PSO.feature.selection", "PSO.valid.acc", 
"PSO.test.acc", "PSO.train.time", "PSO.n.support.vectors", "PSO.index", 
"PSO.n.solutions", "PSO.generations", "PSO.n.evaluations", "PSO.cpu.time", 
"RS.cost", "RS.gamma", "RS.data.balancing", "RS.feature.selection", 
"RS.valid.acc", "RS.test.acc", "RS.train.time", "RS.n.support.vectors", 
"RS.index", "RS.n.solutions", "RS.generations", "RS.n.evaluations", 
"RS.cpu.time", "DF.cost", "DF.gamma", "DF.data.balancing", "DF.feature.selection", 
"DF.valid.acc", "DF.test.acc", "DF.train.time", "DF.n.support.vectors", 
"DF.index", "DF.n.solutions", "DF.generations", "DF.n.evaluations", 
"DF.cpu.time", "SMBO.cost", "SMBO.gamma", "SMBO.balanced.test.accuracy"
), row.names = c(NA, -11L), class = "data.frame")
