new.sol <-
structure(list(Sampling = c(50, 55, 60, 65, 70, 75, 80, 85, 90, 
95, 100), PSO.cost = c(3.39859, 3.0865, 11.72346, 13.97685, 13.73085, 
2.47525, 15, 3.63057, 0.12022, -0.28885, -0.10332), PSO.gamma = c(-1.32565, 
-1.13739, -5.0941, -6.73926, -5.2238, -0.2501, -6.95228, -3.06371, 
0.98721, 1.16617, -0.00469), PSO.data.balancing = c(0, 0, 0, 
0, 0, 0, 0, 0, 0, 0, 0), PSO.feature.selection = c(0, 0, 0, 0, 
0, 0, 0, 0, 0, 0, 0), PSO.valid.acc = c(0.93109, 0.92597, 0.92172, 
0.92548, 0.92407, 0.92596, 0.92376, 0.92361, 0.92091, 0.91931, 
0.92169), PSO.test.acc = c(0.92643, 0.9203, 0.91913, 0.92424, 
0.91957, 0.92283, 0.92474, 0.92361, 0.92004, 0.9193, 0.92011), 
    PSO.train.time = c(0.0463, 0.0534, 0.6799, 2.415, 2.2739, 
    0.0836, 5.0041, 0.1906, 0.1392, 0.1576, 0.1468), PSO.n.support.vectors = c(117.5, 
    139, 127.3, 130.3, 146.4, 193.6, 149.7, 209.4, 348.6, 384, 
    289.5), PSO.index = c(293, 355, 1709, 280, 2350, 175, 2139, 
    527, 471, 366, 1630), PSO.n.solutions = c(217, 354, 13, 118, 
    4, 119, 1, 178, 292, 588, 13), PSO.generations = c(100, 100, 
    100, 100, 100, 100, 100, 100, 100, 100, 100), PSO.n.evaluations = c(2500, 
    2500, 2500, 2500, 2500, 2500, 2500, 2500, 2500, 2500, 2500
    ), PSO.cpu.time = c(8653.913, 8872.085, 12303.479, 37230.639, 
    35543.679, 9687.014, 31276.23, 26046.086, 12797.45, 22536.916, 
    13344.035), RS.cost = c(3.69296, 2.66796, 0.27936, 14.58022, 
    0.68467, 1.28826, 14.97045, -0.38257, -0.35797, -0.00593, 
    -0.52848), RS.gamma = c(-1.59578, -0.93288, -0.68086, -6.9777, 
    0.61756, -0.49918, -6.93399, 0.76311, 1.15898, 1.39272, 1.10742
    ), RS.data.balancing = c(0, 0, 0, 0, 0, 0, 0, 0, 0, 0, 0), 
    RS.feature.selection = c(0, 0, 0, 0, 0, 0, 0, 0, 0, 0, 0), 
    RS.valid.acc = c(0.93109, 0.92597, 0.92174, 0.92548, 0.92626, 
    0.92595, 0.92376, 0.92453, 0.92091, 0.91931, 0.92091), RS.test.acc = c(0.92638, 
    0.92173, 0.92174, 0.92424, 0.9229, 0.92075, 0.92474, 0.92453, 
    0.92091, 0.92014, 0.92012), RS.train.time = c(0.046, 0.0522, 
    0.064, 3.0021, 0.0919, 0.0864, 5.6547, 0.1161, 0.1471, 0.1751, 
    0.172), RS.n.support.vectors = c(113.9, 145.3, 178, 129, 
    264.8, 206.1, 151.8, 309.9, 372.6, 417.9, 393.6), RS.index = c(1848, 
    238, 665, 152, 572, 999, 1686, 166, 920, 996, 775), RS.n.solutions = c(1, 
    2, 2, 1, 1, 1, 1, 4, 8, 5, 2), RS.generations = c(100, 100, 
    100, 100, 100, 100, 100, 100, 100, 100, 100), RS.n.evaluations = c(2500, 
    2500, 2500, 2500, 2500, 2500, 2500, 2500, 2500, 2500, 2500
    ), RS.cpu.time = c(9190.538, 10530.937, 11274.29, 12409.824, 
    13656.67, 14635.085, 15643.489, 20078.361, 22326.973, 26913.562, 
    28828.0060000001), DF.cost = c(1, 1, 1, 1, 1, 1, 1, 1, 1, 
    1, 1), DF.gamma = c(0.33333, 0.33333, 0.33333, 0.33333, 0.33333, 
    0.33333, 0.33333, 0.33333, 0.33333, 0.33333, 0.33333), DF.data.balancing = c(0, 
    0, 0, 0, 0, 0, 0, 0, 0, 0, 0), DF.feature.selection = c(0, 
    0, 0, 0, 0, 0, 0, 0, 0, 0, 0), DF.valid.acc = c(0.92801, 
    0.92173, 0.91918, 0.9218, 0.92291, 0.92074, 0.92082, 0.92179, 
    0.91742, 0.91684, 0.9154), DF.test.acc = c(0.92801, 0.92173, 
    0.91918, 0.9218, 0.92177, 0.92074, 0.92082, 0.92179, 0.9183, 
    0.91766, 0.91618), DF.train.time = c(0.0428, 0.0549, 0.0607, 
    0.0703, 0.0784, 0.0858, 0.0965, 0.1076, 0.128, 0.1433, 0.1524
    ), DF.n.support.vectors = c(135.5, 150.6, 162.4, 178, 183.8, 
    197.8, 210.4, 217, 235.9, 256.7, 266.4), DF.index = c(1, 
    1, 1, 1, 1, 1, 1, 1, 1, 1, 1), DF.n.solutions = c(1, 1, 1, 
    1, 1, 1, 1, 1, 1, 1, 1), DF.generations = c(1, 1, 1, 1, 1, 
    1, 1, 1, 1, 1, 1), DF.n.evaluations = c(1, 1, 1, 1, 1, 1, 
    1, 1, 1, 1, 1), DF.cpu.time = c(2.758, 3.111, 2.933, 3.113, 
    3.386, 3.184, 3.291, 3.412, 3.815, 3.915, 4.006), SMBO.cost = c(2.8077433436166, 
    2.8077433436166, 2.8077433436166, 2.8077433436166, 2.8077433436166, 
    2.8077433436166, 2.8077433436166, 2.8077433436166, 2.8077433436166, 
    2.8077433436166, 2.8077433436166), SMBO.gamma = c(-0.387102394732063, 
    -0.387102394732063, -0.387102394732063, -0.387102394732063, 
    -0.387102394732063, -0.387102394732063, -0.387102394732063, 
    -0.387102394732063, -0.387102394732063, -0.387102394732063, 
    -0.387102394732063), SMBO.balanced.test.accuracy = c(0.35205796320518, 
    0.35205796320518, 0.35205796320518, 0.35205796320518, 0.35205796320518, 
    0.35205796320518, 0.35205796320518, 0.35205796320518, 0.35205796320518, 
    0.35205796320518, 0.35205796320518)), .Names = c("Sampling", 
"PSO.cost", "PSO.gamma", "PSO.data.balancing", "PSO.feature.selection", 
"PSO.valid.acc", "PSO.test.acc", "PSO.train.time", "PSO.n.support.vectors", 
"PSO.index", "PSO.n.solutions", "PSO.generations", "PSO.n.evaluations", 
"PSO.cpu.time", "RS.cost", "RS.gamma", "RS.data.balancing", "RS.feature.selection", 
"RS.valid.acc", "RS.test.acc", "RS.train.time", "RS.n.support.vectors", 
"RS.index", "RS.n.solutions", "RS.generations", "RS.n.evaluations", 
"RS.cpu.time", "DF.cost", "DF.gamma", "DF.data.balancing", "DF.feature.selection", 
"DF.valid.acc", "DF.test.acc", "DF.train.time", "DF.n.support.vectors", 
"DF.index", "DF.n.solutions", "DF.generations", "DF.n.evaluations", 
"DF.cpu.time", "SMBO.cost", "SMBO.gamma", "SMBO.balanced.test.accuracy"
), row.names = c(NA, -11L), class = "data.frame")
