new.sol <-
structure(list(Sampling = c(50, 55, 60, 65, 70, 75, 80, 85, 90, 
95, 100), PSO.cost = c(1, 1, 1, 0.46806, 10.97737, 1, 1.01694, 
1.83111, 1, -0.25759, -0.40604), PSO.gamma = c(0.33333, 0.33333, 
0.33333, -0.70822, -5.65377, 0.33333, 0.52153, -10.65446, 0.33333, 
1.46784, 0.77463), PSO.data.balancing = c(0, 0, 0, 0, 0, 0, 0, 
0, 0, 0, 0), PSO.feature.selection = c(0, 0, 0, 0, 0, 0, 0, 0, 
0, 0, 0), PSO.valid.acc = c(0.9313, 0.92881, 0.92693, 0.92421, 
0.92068, 0.92173, 0.92765, 0.91999, 0.9209, 0.92423, 0.92164), 
    PSO.test.acc = c(0.9313, 0.92881, 0.92693, 0.92179, 0.91957, 
    0.92173, 0.92275, 0.91999, 0.9209, 0.92259, 0.92164), PSO.train.time = c(0.041, 
    0.0493, 0.0569, 0.0654, 1.2081, 0.0881, 0.1054, 0.0636, 0.1266, 
    0.211, 0.1725), PSO.n.support.vectors = c(113, 132.1, 144.9, 
    165.8, 164.2, 187, 264.3, 166.7, 220.2, 441.6, 352.4), PSO.index = c(1, 
    1, 1, 391, 6, 1, 1557, 2, 1, 181, 322), PSO.n.solutions = c(2103, 
    1908, 1975, 106, 619, 1961, 33, 2103, 1974, 667, 788), PSO.generations = c(100, 
    100, 100, 100, 100, 100, 100, 100, 100, 100, 100), PSO.n.evaluations = c(2500, 
    2500, 2500, 2500, 2500, 2500, 2500, 2500, 2500, 2500, 2500
    ), PSO.cpu.time = c(8880.76, 11891.565, 9860.393, 9562.801, 
    38422.09, 16182.485, 13785.813, 18219.141, 14612.188, 13917.642, 
    12872.362), RS.cost = c(6.57096, -1.84976, 6.52737, -1.96598, 
    8.57062, 14.76243, 0.4513, 2.83157, 7.44948, -0.10194, 0.06708
    ), RS.gamma = c(-14.87049, 0.77926, -10.65774, -13.61965, 
    -4.82866, -13.44712, 0.66365, -0.3243, -13.76372, -0.1714, 
    1.24364), RS.data.balancing = c(0, 0, 0, 0, 0, 0, 0, 0, 0, 
    0, 0), RS.feature.selection = c(0, 0, 0, 0, 0, 0, 0, 0, 0, 
    0, 0), RS.valid.acc = c(0.9313, 0.92881, 0.92693, 0.92301, 
    0.92068, 0.92173, 0.9267, 0.92001, 0.9209, 0.9234, 0.92164
    ), RS.test.acc = c(0.9313, 0.92881, 0.92693, 0.92301, 0.91957, 
    0.92173, 0.92472, 0.91542, 0.9209, 0.92177, 0.92085), RS.train.time = c(0.0237, 
    0.0544, 0.0865, 0.0304, 0.4375, 0.4947, 0.1101, 0.1024, 0.0744, 
    0.1315, 0.2029), RS.n.support.vectors = c(69.4, 199.6, 227.7, 
    89.6, 159.3, 132.4, 280.8, 201.9, 163.2, 264.3, 411.2), RS.index = c(1, 
    4, 1, 1, 113, 2, 2082, 37, 1, 445, 609), RS.n.solutions = c(1364, 
    1452, 1564, 1533, 56, 1466, 1, 4, 1555, 3, 4), RS.generations = c(100, 
    100, 100, 100, 100, 100, 100, 100, 100, 100, 100), RS.n.evaluations = c(2500, 
    2500, 2500, 2500, 2500, 2500, 2500, 2500, 2500, 2500, 2500
    ), RS.cpu.time = c(10170.224, 11137.726, 12469.113, 13280.203, 
    15206.244, 16516.639, 17568.347, 20456.516, 22647.11, 23230.927, 
    28506.957), DF.cost = c(1, 1, 1, 1, 1, 1, 1, 1, 1, 1, 1), 
    DF.gamma = c(0.33333, 0.33333, 0.33333, 0.33333, 0.33333, 
    0.33333, 0.33333, 0.33333, 0.33333, 0.33333, 0.33333), DF.data.balancing = c(0, 
    0, 0, 0, 0, 0, 0, 0, 0, 0, 0), DF.feature.selection = c(0, 
    0, 0, 0, 0, 0, 0, 0, 0, 0, 0), DF.valid.acc = c(0.9313, 0.92881, 
    0.92693, 0.92301, 0.91957, 0.92173, 0.92276, 0.91908, 0.9209, 
    0.91764, 0.91617), DF.test.acc = c(0.9313, 0.92881, 0.92693, 
    0.92179, 0.92067, 0.92173, 0.92276, 0.91999, 0.9209, 0.91846, 
    0.91617), DF.train.time = c(0.0413, 0.0498, 0.0582, 0.0699, 
    0.0804, 0.0866, 0.0935, 0.1129, 0.1248, 0.137, 0.158), DF.n.support.vectors = c(113, 
    132.1, 144.9, 154.4, 176.1, 187, 189.5, 211, 220.2, 233.8, 
    254.3), DF.index = c(1, 1, 1, 1, 1, 1, 1, 1, 1, 1, 1), DF.n.solutions = c(1, 
    1, 1, 1, 1, 1, 1, 1, 1, 1, 1), DF.generations = c(1, 1, 1, 
    1, 1, 1, 1, 1, 1, 1, 1), DF.n.evaluations = c(1, 1, 1, 1, 
    1, 1, 1, 1, 1, 1, 1), DF.cpu.time = c(3.097, 3.026, 3.184, 
    3.392, 3.334, 3.277, 3.377, 3.621, 3.768, 3.873, 4.06), SMBO.cost = c(4.34499824952625, 
    4.34499824952625, 4.34499824952625, 4.34499824952625, 4.34499824952625, 
    4.34499824952625, 4.34499824952625, 4.34499824952625, 4.34499824952625, 
    4.34499824952625, 4.34499824952625), SMBO.gamma = c(-2.3880561866553, 
    -2.3880561866553, -2.3880561866553, -2.3880561866553, -2.3880561866553, 
    -2.3880561866553, -2.3880561866553, -2.3880561866553, -2.3880561866553, 
    -2.3880561866553, -2.3880561866553), SMBO.balanced.test.accuracy = c(0.353462863570512, 
    0.353462863570512, 0.353462863570512, 0.353462863570512, 
    0.353462863570512, 0.353462863570512, 0.353462863570512, 
    0.353462863570512, 0.353462863570512, 0.353462863570512, 
    0.353462863570512)), .Names = c("Sampling", "PSO.cost", "PSO.gamma", 
"PSO.data.balancing", "PSO.feature.selection", "PSO.valid.acc", 
"PSO.test.acc", "PSO.train.time", "PSO.n.support.vectors", "PSO.index", 
"PSO.n.solutions", "PSO.generations", "PSO.n.evaluations", "PSO.cpu.time", 
"RS.cost", "RS.gamma", "RS.data.balancing", "RS.feature.selection", 
"RS.valid.acc", "RS.test.acc", "RS.train.time", "RS.n.support.vectors", 
"RS.index", "RS.n.solutions", "RS.generations", "RS.n.evaluations", 
"RS.cpu.time", "DF.cost", "DF.gamma", "DF.data.balancing", "DF.feature.selection", 
"DF.valid.acc", "DF.test.acc", "DF.train.time", "DF.n.support.vectors", 
"DF.index", "DF.n.solutions", "DF.generations", "DF.n.evaluations", 
"DF.cpu.time", "SMBO.cost", "SMBO.gamma", "SMBO.balanced.test.accuracy"
), row.names = c(NA, -11L), class = "data.frame")
