new.sol <-
structure(list(Sampling = c(50, 55, 60, 65, 70, 75, 80, 85, 90, 
95, 100), PSO.cost = c(4.79561, 2.39406, 0.71162, 5.40069, 0.2621, 
10.33661, 15, -0.08371, 0.85037, 0.33989, 0.08052), PSO.gamma = c(-3.23551, 
-1.38002, -0.83052, -2.13268, 3, -5.19454, -6.25037, 0.62518, 
0.88149, -0.39879, 0.49662), PSO.data.balancing = c(0, 0, 0, 
0, 0, 0, 0, 0, 0, 0, 0), PSO.feature.selection = c(0, 0, 0, 0, 
0, 0, 0, 0, 0, 0, 0), PSO.valid.acc = c(0.92018, 0.91474, 0.9153, 
0.91457, 0.90836, 0.90924, 0.91205, 0.91346, 0.91393, 0.91767, 
0.92086), PSO.test.acc = c(0.91554, 0.91046, 0.91009, 0.90967, 
0.90836, 0.90504, 0.91009, 0.91346, 0.91308, 0.91767, 0.92087
), PSO.train.time = c(0.0528, 0.0543, 0.0585, 0.0901, 0.2972, 
0.6859, 6.5091, 0.1291, 0.1361, 0.1283, 0.1505), PSO.n.support.vectors = c(108.4, 
152, 176.5, 156.6, 578.2, 167.5, 166.5, 322.4, 339.7, 268.9, 
326.9), PSO.index = c(212, 362, 46, 203, 112, 140, 621, 635, 
1714, 187, 1375), PSO.n.solutions = c(56, 384, 401, 342, 370, 
245, 33, 114, 19, 585, 61), PSO.generations = c(100, 100, 100, 
100, 100, 100, 100, 100, 100, 100, 100), PSO.n.evaluations = c(2500, 
2500, 2500, 2500, 2500, 2500, 2500, 2500, 2500, 2500, 2500), 
    PSO.cpu.time = c(7289.762, 7523.771, 28627.864, 9284.629, 
    11029.491, 27922.027, 61601.137, 22070.03, 11900.046, 10573.841, 
    13399.569), RS.cost = c(4.06831, 3.1719, 13.07544, 1.43363, 
    -0.66157, 7.92724, 1.14219, -0.28938, 0.08107, 0.04323, -0.1698
    ), RS.gamma = c(-2.82736, -1.6969, -5.00913, -0.16618, -0.05717, 
    -4.35665, 0.49209, 0.70882, 2.63431, 0.03202, 0.56272), RS.data.balancing = c(0, 
    0, 0, 0, 0, 0, 0, 0, 0, 0, 0), RS.feature.selection = c(0, 
    0, 0, 0, 0, 0, 0, 0, 0, 0, 0), RS.valid.acc = c(0.92018, 
    0.91474, 0.9153, 0.91337, 0.90834, 0.90924, 0.91296, 0.91255, 
    0.91305, 0.91767, 0.92007), RS.test.acc = c(0.91398, 0.91046, 
    0.90879, 0.91093, 0.90722, 0.90609, 0.91104, 0.91346, 0.91219, 
    0.91685, 0.92009), RS.train.time = c(0.0478, 0.0562, 1.1056, 
    0.069, 0.0794, 0.2889, 0.113, 0.1286, 0.3238, 0.1313, 0.1467
    ), RS.n.support.vectors = c(110.8, 144.3, 136.3, 205.2, 236.4, 
    172.3, 291.5, 330.4, 657.7, 290.6, 330.5), RS.index = c(108, 
    227, 292, 186, 91, 61, 726, 1687, 54, 605, 517), RS.n.solutions = c(3, 
    3, 5, 6, 5, 7, 2, 5, 13, 5, 8), RS.generations = c(100, 100, 
    100, 100, 100, 100, 100, 100, 100, 100, 100), RS.n.evaluations = c(2500, 
    2500, 2500, 2500, 2500, 2500, 2500, 2500, 2500, 2500, 2500
    ), RS.cpu.time = c(8038.603, 9378.444, 10925.9, 12427.104, 
    14007.68, 17355.06, 18005.159, 20416.764, 23260.444, 25807.706, 
    27945.172), DF.cost = c(1, 1, 1, 1, 1, 1, 1, 1, 1, 1, 1), 
    DF.gamma = c(0.33333, 0.33333, 0.33333, 0.33333, 0.33333, 
    0.33333, 0.33333, 0.33333, 0.33333, 0.33333, 0.33333), DF.data.balancing = c(0, 
    0, 0, 0, 0, 0, 0, 0, 0, 0, 0), DF.feature.selection = c(0, 
    0, 0, 0, 0, 0, 0, 0, 0, 0, 0), DF.valid.acc = c(0.91234, 
    0.91044, 0.90875, 0.90733, 0.90388, 0.90401, 0.90815, 0.90795, 
    0.91046, 0.91353, 0.91694), DF.test.acc = c(0.91075, 0.91044, 
    0.91137, 0.90853, 0.90499, 0.90401, 0.90815, 0.90888, 0.91046, 
    0.91353, 0.91615), DF.train.time = c(0.043, 0.0523, 0.0586, 
    0.066, 0.0772, 0.0943, 0.1008, 0.1128, 0.1237, 0.1314, 0.1436
    ), DF.n.support.vectors = c(137.3, 160.6, 168.2, 178.4, 194.6, 
    218.5, 226.8, 236.7, 243.8, 257.6, 263.4), DF.index = c(1, 
    1, 1, 1, 1, 1, 1, 1, 1, 1, 1), DF.n.solutions = c(1, 1, 1, 
    1, 1, 1, 1, 1, 1, 1, 1), DF.generations = c(1, 1, 1, 1, 1, 
    1, 1, 1, 1, 1, 1), DF.n.evaluations = c(1, 1, 1, 1, 1, 1, 
    1, 1, 1, 1, 1), DF.cpu.time = c(2.723, 2.828, 2.914, 2.914, 
    2.974, 3.495, 3.32, 3.441, 3.554, 3.743, 3.933), SMBO.cost = c(3.79725975892274, 
    3.79725975892274, 3.79725975892274, 3.79725975892274, 3.79725975892274, 
    3.79725975892274, 3.79725975892274, 3.79725975892274, 3.79725975892274, 
    3.79725975892274, 3.79725975892274), SMBO.gamma = c(0.954119616127429, 
    0.954119616127429, 0.954119616127429, 0.954119616127429, 
    0.954119616127429, 0.954119616127429, 0.954119616127429, 
    0.954119616127429, 0.954119616127429, 0.954119616127429, 
    0.954119616127429), SMBO.balanced.test.accuracy = c(0.297514572475915, 
    0.297514572475915, 0.297514572475915, 0.297514572475915, 
    0.297514572475915, 0.297514572475915, 0.297514572475915, 
    0.297514572475915, 0.297514572475915, 0.297514572475915, 
    0.297514572475915)), .Names = c("Sampling", "PSO.cost", "PSO.gamma", 
"PSO.data.balancing", "PSO.feature.selection", "PSO.valid.acc", 
"PSO.test.acc", "PSO.train.time", "PSO.n.support.vectors", "PSO.index", 
"PSO.n.solutions", "PSO.generations", "PSO.n.evaluations", "PSO.cpu.time", 
"RS.cost", "RS.gamma", "RS.data.balancing", "RS.feature.selection", 
"RS.valid.acc", "RS.test.acc", "RS.train.time", "RS.n.support.vectors", 
"RS.index", "RS.n.solutions", "RS.generations", "RS.n.evaluations", 
"RS.cpu.time", "DF.cost", "DF.gamma", "DF.data.balancing", "DF.feature.selection", 
"DF.valid.acc", "DF.test.acc", "DF.train.time", "DF.n.support.vectors", 
"DF.index", "DF.n.solutions", "DF.generations", "DF.n.evaluations", 
"DF.cpu.time", "SMBO.cost", "SMBO.gamma", "SMBO.balanced.test.accuracy"
), row.names = c(NA, -11L), class = "data.frame")
