new.sol <-
structure(list(Sampling = c(50, 55, 60, 65, 70, 75, 80, 85, 90, 
95, 100), PSO.cost = c(0.41154, 0.16545, 0.16318, -0.29037, 0.11802, 
-0.07081, 0.13016, -0.32806, -0.11436, 0.45568, -0.43504), PSO.gamma = c(2.65618, 
1.05127, -0.47057, 0.3414, 1.31302, 0.84069, 0.27887, 1.86689, 
1.53624, 0.40646, 0.91046), PSO.data.balancing = c(0, 0, 0, 0, 
0, 0, 0, 0, 0, 0, 0), PSO.feature.selection = c(0, 0, 0, 0, 0, 
0, 0, 0, 0, 0, 0), PSO.valid.acc = c(0.93898, 0.93604, 0.93104, 
0.93268, 0.93295, 0.93012, 0.93058, 0.92823, 0.92527, 0.92258, 
0.92088), PSO.test.acc = c(0.93742, 0.93326, 0.92843, 0.93145, 
0.93184, 0.92905, 0.92863, 0.92823, 0.92441, 0.92259, 0.92088
), PSO.train.time = c(0.1497, 0.0614, 0.0544, 0.0682, 0.1083, 
0.0873, 0.0872, 0.2102, 0.1885, 0.1334, 0.1857), PSO.n.support.vectors = c(413.1, 
237.1, 153.8, 197.8, 313.4, 260.7, 221.4, 459.3, 424.1, 291.1, 
368.6), PSO.index = c(1457, 227, 463, 254, 913, 655, 888, 248, 
472, 12, 444), PSO.n.solutions = c(39, 175, 632, 417, 78, 472, 
146, 563, 358, 703, 444), PSO.generations = c(100, 100, 100, 
100, 100, 100, 100, 100, 100, 100, 100), PSO.n.evaluations = c(2500, 
2500, 2500, 2500, 2500, 2500, 2500, 2500, 2500, 2500, 2500), 
    PSO.cpu.time = c(10046.132, 10017.389, 10070.27, 8786.15900000001, 
    9417.705, 10429.172, 10094.848, 11822.93, 15052.062, 13506.847, 
    16546.605), RS.cost = c(0.15451, 0.59956, -0.19099, -0.01799, 
    -0.88008, 0.12484, 0.23993, -0.10847, -0.05718, 0.78528, 
    -0.20117), RS.gamma = c(1.48691, 0.73987, 1.30824, -0.09781, 
    1.16829, 0.72551, 0.15177, 1.86815, 1.55401, 0.11374, 1.45863
    ), RS.data.balancing = c(0, 0, 0, 0, 0, 0, 0, 0, 0, 0, 0), 
    RS.feature.selection = c(0, 0, 0, 0, 0, 0, 0, 0, 0, 0, 0), 
    RS.valid.acc = c(0.93742, 0.93465, 0.93099, 0.93149, 0.93186, 
    0.93009, 0.92961, 0.92823, 0.92441, 0.92258, 0.92088), RS.test.acc = c(0.93742, 
    0.93042, 0.93099, 0.93268, 0.92961, 0.9301, 0.92863, 0.92823, 
    0.92441, 0.92177, 0.92088), RS.train.time = c(0.0774, 0.0588, 
    0.0832, 0.065, 0.1003, 0.0887, 0.0834, 0.2064, 0.1751, 0.1257, 
    0.2023), RS.n.support.vectors = c(276.8, 206.2, 274.7, 179.5, 
    287.1, 247.9, 212.8, 462.7, 426.7, 264.4, 444.7), RS.index = c(1151, 
    228, 213, 603, 354, 1883, 972, 81, 170, 176, 782), RS.n.solutions = c(1, 
    10, 6, 2, 16, 1, 3, 11, 1, 8, 2), RS.generations = c(100, 
    100, 100, 100, 100, 100, 100, 100, 100, 100, 100), RS.n.evaluations = c(2500, 
    2500, 2500, 2500, 2500, 2500, 2500, 2500, 2500, 2500, 2500
    ), RS.cpu.time = c(11360.073, 13402.565, 14032.922, 15982.708, 
    17298.422, 18976.418, 18483.005, 19201.002, 22232.329, 23445.333, 
    27474.314), DF.cost = c(1, 1, 1, 1, 1, 1, 1, 1, 1, 1, 1), 
    DF.gamma = c(0.33333, 0.33333, 0.33333, 0.33333, 0.33333, 
    0.33333, 0.33333, 0.33333, 0.33333, 0.33333, 0.33333), DF.data.balancing = c(0, 
    0, 0, 0, 0, 0, 0, 0, 0, 0, 0), DF.feature.selection = c(0, 
    0, 0, 0, 0, 0, 0, 0, 0, 0, 0), DF.valid.acc = c(0.93585, 
    0.93181, 0.92706, 0.92904, 0.92961, 0.92699, 0.92765, 0.9264, 
    0.92267, 0.91847, 0.91619), DF.test.acc = c(0.93585, 0.93181, 
    0.92706, 0.92785, 0.92961, 0.92699, 0.92765, 0.9264, 0.92267, 
    0.91847, 0.91541), DF.train.time = c(0.0408, 0.0533, 0.0585, 
    0.0687, 0.0757, 0.0888, 0.0887, 0.1014, 0.1159, 0.1363, 0.165
    ), DF.n.support.vectors = c(110.2, 128.3, 145.1, 158.8, 168.4, 
    186.8, 185.7, 199.7, 214.8, 233.3, 266.1), DF.index = c(1, 
    1, 1, 1, 1, 1, 1, 1, 1, 1, 1), DF.n.solutions = c(1, 1, 1, 
    1, 1, 1, 1, 1, 1, 1, 1), DF.generations = c(1, 1, 1, 1, 1, 
    1, 1, 1, 1, 1, 1), DF.n.evaluations = c(1, 1, 1, 1, 1, 1, 
    1, 1, 1, 1, 1), DF.cpu.time = c(2.872, 3.092, 3.09, 3.15, 
    3.25, 3.298, 3.196, 3.47, 3.525, 3.88, 4.203), SMBO.cost = c(2.62316411844425, 
    2.62316411844425, 2.62316411844425, 2.62316411844425, 2.62316411844425, 
    2.62316411844425, 2.62316411844425, 2.62316411844425, 2.62316411844425, 
    2.62316411844425, 2.62316411844425), SMBO.gamma = c(1.42506067886086, 
    1.42506067886086, 1.42506067886086, 1.42506067886086, 1.42506067886086, 
    1.42506067886086, 1.42506067886086, 1.42506067886086, 1.42506067886086, 
    1.42506067886086, 1.42506067886086), SMBO.balanced.test.accuracy = c(0.360638458584746, 
    0.360638458584746, 0.360638458584746, 0.360638458584746, 
    0.360638458584746, 0.360638458584746, 0.360638458584746, 
    0.360638458584746, 0.360638458584746, 0.360638458584746, 
    0.360638458584746)), .Names = c("Sampling", "PSO.cost", "PSO.gamma", 
"PSO.data.balancing", "PSO.feature.selection", "PSO.valid.acc", 
"PSO.test.acc", "PSO.train.time", "PSO.n.support.vectors", "PSO.index", 
"PSO.n.solutions", "PSO.generations", "PSO.n.evaluations", "PSO.cpu.time", 
"RS.cost", "RS.gamma", "RS.data.balancing", "RS.feature.selection", 
"RS.valid.acc", "RS.test.acc", "RS.train.time", "RS.n.support.vectors", 
"RS.index", "RS.n.solutions", "RS.generations", "RS.n.evaluations", 
"RS.cpu.time", "DF.cost", "DF.gamma", "DF.data.balancing", "DF.feature.selection", 
"DF.valid.acc", "DF.test.acc", "DF.train.time", "DF.n.support.vectors", 
"DF.index", "DF.n.solutions", "DF.generations", "DF.n.evaluations", 
"DF.cpu.time", "SMBO.cost", "SMBO.gamma", "SMBO.balanced.test.accuracy"
), row.names = c(NA, -11L), class = "data.frame")
