new.sol <-
structure(list(Sampling = c(50, 55, 60, 65, 70, 75, 80, 85, 90, 
95, 100), PSO.cost = c(-0.00251, 1.69224, 0.14751, 0.36195, 0.66073, 
-0.05376, 0.69852, 1.23723, -0.29448, 0.53023, -0.31166), PSO.gamma = c(-0.01406, 
-0.96021, 0.06268, 1.3199, 1.0996, 1.62801, -1.03761, -0.05698, 
1.25003, -0.08294, 1.91097), PSO.data.balancing = c(0, 0, 0, 
0, 0, 0, 0, 0, 0, 0, 0), PSO.feature.selection = c(0, 0, 0, 0, 
0, 0, 0, 0, 0, 0, 0), PSO.valid.acc = c(0.93129, 0.92747, 0.92313, 
0.92182, 0.91953, 0.91867, 0.91881, 0.91813, 0.91917, 0.92014, 
0.92011), PSO.test.acc = c(0.93129, 0.92323, 0.92052, 0.91944, 
0.91726, 0.91867, 0.91881, 0.91812, 0.91656, 0.9185, 0.91853), 
    PSO.train.time = c(0.0485, 0.0505, 0.0639, 0.1006, 0.1026, 
    0.1366, 0.1001, 0.108, 0.1675, 0.1292, 0.2329), PSO.n.support.vectors = c(165.2, 
    143.8, 200.6, 324.1, 312.3, 409.1, 221.4, 258.4, 397.5, 279.8, 
    539.3), PSO.index = c(210, 97, 908, 2029, 295, 264, 199, 
    545, 601, 447, 354), PSO.n.solutions = c(569, 518, 37, 25, 
    539, 643, 254, 89, 135, 187, 867), PSO.generations = c(100, 
    100, 100, 100, 100, 100, 100, 100, 100, 100, 100), PSO.n.evaluations = c(2500, 
    2500, 2500, 2500, 2500, 2500, 2500, 2500, 2500, 2500, 2500
    ), PSO.cpu.time = c(7836.659, 7386.761, 9871.998, 9515.357, 
    8679.04800000001, 10522.765, 9135.13300000002, 11074.103, 
    12322.384, 14916.025, 12182.611), RS.cost = c(-0.03227, 1.72402, 
    -0.16354, 0.24107, 0.19638, -0.21813, 1.17994, 9.22825, -0.25064, 
    0.75077, -0.40921), RS.gamma = c(1.30995, -0.97384, 0.6551, 
    1.19795, -0.26522, 1.26403, -1.66764, -3.55574, 0.91843, 
    -0.2382, 1.53145), RS.data.balancing = c(0, 0, 0, 0, 0, 0, 
    0, 0, 0, 0, 0), RS.feature.selection = c(0, 0, 0, 0, 0, 0, 
    0, 0, 0, 0, 0), RS.valid.acc = c(0.93129, 0.92747, 0.92313, 
    0.92062, 0.91836, 0.91867, 0.91783, 0.91813, 0.91831, 0.91932, 
    0.92011), RS.test.acc = c(0.92821, 0.92323, 0.9218, 0.91944, 
    0.91501, 0.91763, 0.91783, 0.9163, 0.9183, 0.91932, 0.91853
    ), RS.train.time = c(0.0692, 0.0491, 0.071, 0.0953, 0.0749, 
    0.1175, 0.1019, 0.5541, 0.1423, 0.13, 0.1971), RS.n.support.vectors = c(277.9, 
    143.6, 244.1, 307.3, 214, 352.3, 211.5, 191.6, 348.3, 269.1, 
    460.3), RS.index = c(756, 62, 2130, 1678, 1845, 382, 906, 
    1969, 3, 1778, 58), RS.n.solutions = c(6, 2, 1, 1, 1, 4, 
    3, 1, 2, 1, 9), RS.generations = c(100, 100, 100, 100, 100, 
    100, 100, 100, 100, 100, 100), RS.n.evaluations = c(2500, 
    2500, 2500, 2500, 2500, 2500, 2500, 2500, 2500, 2500, 2500
    ), RS.cpu.time = c(9237.079, 10534.719, 12381.786, 13593.333, 
    14502.454, 16339.796, 16113.391, 19618.308, 21061.417, 24931.103, 
    25692.82), DF.cost = c(1, 1, 1, 1, 1, 1, 1, 1, 1, 1, 1), 
    DF.gamma = c(0.33333, 0.33333, 0.33333, 0.33333, 0.33333, 
    0.33333, 0.33333, 0.33333, 0.33333, 0.33333, 0.33333), DF.data.balancing = c(0, 
    0, 0, 0, 0, 0, 0, 0, 0, 0, 0), DF.feature.selection = c(0, 
    0, 0, 0, 0, 0, 0, 0, 0, 0, 0), DF.valid.acc = c(0.92652, 
    0.92176, 0.91918, 0.91461, 0.91168, 0.91553, 0.91489, 0.91536, 
    0.91655, 0.91684, 0.91697), DF.test.acc = c(0.92652, 0.92176, 
    0.91918, 0.9158, 0.91393, 0.91553, 0.91489, 0.91536, 0.91655, 
    0.91684, 0.91698), DF.train.time = c(0.0397, 0.0494, 0.0604, 
    0.0704, 0.0789, 0.0882, 0.0964, 0.1138, 0.1179, 0.1263, 0.1391
    ), DF.n.support.vectors = c(126.6, 142, 164.2, 180.4, 193, 
    213.3, 223.1, 237.2, 239.3, 254.4, 262.4), DF.index = c(1, 
    1, 1, 1, 1, 1, 1, 1, 1, 1, 1), DF.n.solutions = c(1, 1, 1, 
    1, 1, 1, 1, 1, 1, 1, 1), DF.generations = c(1, 1, 1, 1, 1, 
    1, 1, 1, 1, 1, 1), DF.n.evaluations = c(1, 1, 1, 1, 1, 1, 
    1, 1, 1, 1, 1), DF.cpu.time = c(2.724, 3.104, 2.998, 3.105, 
    3.153, 3.068, 3.077, 3.586, 3.515, 3.473, 3.842), SMBO.cost = c(5.43868291343491, 
    5.43868291343491, 5.43868291343491, 5.43868291343491, 5.43868291343491, 
    5.43868291343491, 5.43868291343491, 5.43868291343491, 5.43868291343491, 
    5.43868291343491, 5.43868291343491), SMBO.gamma = c(1.16837306526373, 
    1.16837306526373, 1.16837306526373, 1.16837306526373, 1.16837306526373, 
    1.16837306526373, 1.16837306526373, 1.16837306526373, 1.16837306526373, 
    1.16837306526373, 1.16837306526373), SMBO.balanced.test.accuracy = c(0.348375801998155, 
    0.348375801998155, 0.348375801998155, 0.348375801998155, 
    0.348375801998155, 0.348375801998155, 0.348375801998155, 
    0.348375801998155, 0.348375801998155, 0.348375801998155, 
    0.348375801998155)), .Names = c("Sampling", "PSO.cost", "PSO.gamma", 
"PSO.data.balancing", "PSO.feature.selection", "PSO.valid.acc", 
"PSO.test.acc", "PSO.train.time", "PSO.n.support.vectors", "PSO.index", 
"PSO.n.solutions", "PSO.generations", "PSO.n.evaluations", "PSO.cpu.time", 
"RS.cost", "RS.gamma", "RS.data.balancing", "RS.feature.selection", 
"RS.valid.acc", "RS.test.acc", "RS.train.time", "RS.n.support.vectors", 
"RS.index", "RS.n.solutions", "RS.generations", "RS.n.evaluations", 
"RS.cpu.time", "DF.cost", "DF.gamma", "DF.data.balancing", "DF.feature.selection", 
"DF.valid.acc", "DF.test.acc", "DF.train.time", "DF.n.support.vectors", 
"DF.index", "DF.n.solutions", "DF.generations", "DF.n.evaluations", 
"DF.cpu.time", "SMBO.cost", "SMBO.gamma", "SMBO.balanced.test.accuracy"
), row.names = c(NA, -11L), class = "data.frame")
