new.sol <-
structure(list(Sampling = c(50, 55, 60, 65, 70, 75, 80, 85, 90, 
95, 100), PSO.cost = c(0.5457, 0.60944, 0.43757, 0.12153, 0.84801, 
0.06182, 0.418, 0.81633, 0.35789, -0.09044, -0.21146), PSO.gamma = c(0.52991, 
-0.25426, 2.73967, 0.27099, -0.20272, 1.33836, -0.58411, 1.54241, 
-0.47072, 0.26465, 0.33468), PSO.data.balancing = c(0, 0, 0, 
0, 0, 0, 0, 0, 0, 0, 0), PSO.feature.selection = c(0, 0, 0, 0, 
0, 0, 0, 0, 0, 0, 0), PSO.valid.acc = c(0.92971, 0.93041, 0.92696, 
0.92784, 0.92847, 0.92393, 0.92475, 0.92452, 0.92178, 0.91767, 
0.92087), PSO.test.acc = c(0.92817, 0.92896, 0.92568, 0.92664, 
0.92738, 0.92078, 0.92378, 0.92177, 0.92003, 0.91685, 0.91932
), PSO.train.time = c(0.0553, 0.052, 0.2454, 0.0763, 0.0791, 
0.1436, 0.0926, 0.1906, 0.1242, 0.1359, 0.1559), PSO.n.support.vectors = c(191.7, 
154.5, 482.5, 216.5, 199.6, 349.8, 203.8, 417.3, 243, 297.8, 
314.5), PSO.index = c(795, 1056, 821, 551, 509, 890, 1059, 1794, 
448, 1017, 1891), PSO.n.solutions = c(200, 87, 204, 303, 693, 
169, 320, 14, 861, 490, 23), PSO.generations = c(100, 100, 100, 
100, 100, 100, 100, 100, 100, 100, 100), PSO.n.evaluations = c(2500, 
2500, 2500, 2500, 2500, 2500, 2500, 2500, 2500, 2500, 2500), 
    PSO.cpu.time = c(9880.827, 8712.72, 10369.08, 9403.467, 9381.08899999999, 
    10430.432, 11270.787, 14819.17, 11529.633, 14640.973, 27784.711
    ), RS.cost = c(0.9105, 0.46703, 0.35899, -0.28468, 0.61064, 
    0.50023, 0.48452, 0.90078, 0.2676, -0.06614, -0.5618), RS.gamma = c(-0.17027, 
    0.16284, 2.82336, -0.19736, 0.36725, -0.09998, -0.55625, 
    0.73796, 0.11711, 0.54783, 0.54943), RS.data.balancing = c(0, 
    0, 0, 0, 0, 0, 0, 0, 0, 0, 0), RS.feature.selection = c(0, 
    0, 0, 0, 0, 0, 0, 0, 0, 0, 0), RS.valid.acc = c(0.92812, 
    0.92896, 0.92696, 0.92664, 0.92847, 0.92393, 0.92475, 0.92268, 
    0.92178, 0.91767, 0.92009), RS.test.acc = c(0.92659, 0.93041, 
    0.92568, 0.92664, 0.92848, 0.92081, 0.92378, 0.919, 0.92004, 
    0.91685, 0.91932), RS.train.time = c(0.0439, 0.0589, 0.2397, 
    0.0719, 0.088, 0.0888, 0.0953, 0.1318, 0.1312, 0.1616, 0.1599
    ), RS.n.support.vectors = c(142.8, 177.1, 489.5, 186, 237.2, 
    219.2, 204.7, 304.7, 274.5, 318, 333.4), RS.index = c(519, 
    2047, 602, 93, 53, 1138, 97, 1587, 75, 1457, 793), RS.n.solutions = c(1, 
    1, 2, 13, 6, 1, 1, 2, 2, 2, 5), RS.generations = c(100, 100, 
    100, 100, 100, 100, 100, 100, 100, 100, 100), RS.n.evaluations = c(2500, 
    2500, 2500, 2500, 2500, 2500, 2500, 2500, 2500, 2500, 2500
    ), RS.cpu.time = c(10407.725, 11343.523, 11408.308, 13129.572, 
    13935.505, 14504.495, 16965.571, 20388.067, 22684.71, 28104.397, 
    29475.595), DF.cost = c(1, 1, 1, 1, 1, 1, 1, 1, 1, 1, 1), 
    DF.gamma = c(0.33333, 0.33333, 0.33333, 0.33333, 0.33333, 
    0.33333, 0.33333, 0.33333, 0.33333, 0.33333, 0.33333), DF.data.balancing = c(0, 
    0, 0, 0, 0, 0, 0, 0, 0, 0, 0), DF.feature.selection = c(0, 
    0, 0, 0, 0, 0, 0, 0, 0, 0, 0), DF.valid.acc = c(0.92343, 
    0.92328, 0.92436, 0.92301, 0.92403, 0.91662, 0.91591, 0.91713, 
    0.91481, 0.91518, 0.91775), DF.test.acc = c(0.92028, 0.92185, 
    0.92433, 0.92301, 0.92403, 0.91766, 0.91688, 0.91713, 0.91481, 
    0.91437, 0.91696), DF.train.time = c(0.0399, 0.0457, 0.0557, 
    0.06, 0.0745, 0.0801, 0.0921, 0.1096, 0.1233, 0.1456, 0.1476
    ), DF.n.support.vectors = c(113.5, 126, 137.5, 149.9, 163.3, 
    177.1, 187.4, 213.7, 233.1, 255.7, 260.8), DF.index = c(1, 
    1, 1, 1, 1, 1, 1, 1, 1, 1, 1), DF.n.solutions = c(1, 1, 1, 
    1, 1, 1, 1, 1, 1, 1, 1), DF.generations = c(1, 1, 1, 1, 1, 
    1, 1, 1, 1, 1, 1), DF.n.evaluations = c(1, 1, 1, 1, 1, 1, 
    1, 1, 1, 1, 1), DF.cpu.time = c(2.938, 3.025, 3.148, 3.187, 
    3.378, 3.515, 3.52, 3.779, 3.772, 4.09, 4.032), SMBO.cost = c(3.79326992902555, 
    3.79326992902555, 3.79326992902555, 3.79326992902555, 3.79326992902555, 
    3.79326992902555, 3.79326992902555, 3.79326992902555, 3.79326992902555, 
    3.79326992902555, 3.79326992902555), SMBO.gamma = c(1.03490345837607, 
    1.03490345837607, 1.03490345837607, 1.03490345837607, 1.03490345837607, 
    1.03490345837607, 1.03490345837607, 1.03490345837607, 1.03490345837607, 
    1.03490345837607, 1.03490345837607), SMBO.balanced.test.accuracy = c(0.343867047648941, 
    0.343867047648941, 0.343867047648941, 0.343867047648941, 
    0.343867047648941, 0.343867047648941, 0.343867047648941, 
    0.343867047648941, 0.343867047648941, 0.343867047648941, 
    0.343867047648941)), .Names = c("Sampling", "PSO.cost", "PSO.gamma", 
"PSO.data.balancing", "PSO.feature.selection", "PSO.valid.acc", 
"PSO.test.acc", "PSO.train.time", "PSO.n.support.vectors", "PSO.index", 
"PSO.n.solutions", "PSO.generations", "PSO.n.evaluations", "PSO.cpu.time", 
"RS.cost", "RS.gamma", "RS.data.balancing", "RS.feature.selection", 
"RS.valid.acc", "RS.test.acc", "RS.train.time", "RS.n.support.vectors", 
"RS.index", "RS.n.solutions", "RS.generations", "RS.n.evaluations", 
"RS.cpu.time", "DF.cost", "DF.gamma", "DF.data.balancing", "DF.feature.selection", 
"DF.valid.acc", "DF.test.acc", "DF.train.time", "DF.n.support.vectors", 
"DF.index", "DF.n.solutions", "DF.generations", "DF.n.evaluations", 
"DF.cpu.time", "SMBO.cost", "SMBO.gamma", "SMBO.balanced.test.accuracy"
), row.names = c(NA, -11L), class = "data.frame")
