new.sol <-
structure(list(Sampling = c(50, 55, 60, 65, 70, 75, 80, 85, 90, 
95, 100), PSO.cost = c(13.07753, 9.3846, 14.85739, 13.81873, 
15, 1.35747, 2.67646, 1.74126, 0.98805, 2.76027, 2.84987), PSO.gamma = c(-10.9964, 
-10.86391, -14.97972, -10.17304, -10.53502, -2.12521, -7.91831, 
-3.94365, -4.98417, -2.48504, -4.16701), PSO.data.balancing = c(0, 
0, 0, 0, 0, 0, 0, 0, 0, 0, 0), PSO.feature.selection = c(0, 0, 
0, 0, 0, 0, 0, 0, 0, 0, 0), PSO.valid.acc = c(0.565, 0.56238, 
0.61048, 0.5875, 0.53274, 0.58492, 0.51429, 0.54909, 0.55083, 
0.56697, 0.58909), PSO.test.acc = c(0.55667, 0.57238, 0.50476, 
0.45119, 0.44524, 0.54147, 0.48889, 0.50147, 0.49861, 0.45919, 
0.54348), PSO.train.time = c(0.0142, 0.0132, 0.0135, 0.0186, 
0.0193, 0.0137, 0.0138, 0.0142, 0.0136, 0.0174, 0.016), PSO.n.support.vectors = c(31.5, 
38.8, 40.5, 41.5, 45.3, 60.9, 64, 64.9, 69.9, 74.8, 75.8), PSO.index = c(1504, 
117, 1345, 144, 2343, 2106, 773, 771, 107, 686, 1310), PSO.n.solutions = c(3, 
236, 5, 392, 1, 1, 9, 153, 60, 488, 23), PSO.generations = c(100, 
100, 100, 100, 100, 100, 100, 100, 100, 100, 100), PSO.n.evaluations = c(2500, 
2500, 2500, 2500, 2500, 2500, 2500, 2500, 2500, 2500, 2500), 
    PSO.cpu.time = c(8639.392, 8633.487, 8575.961, 8695.323, 
    8775.473, 8649.67, 8505.69799999999, 8447.64799999999, 8488.82800000001, 
    8660.867, 8410.614), RS.cost = c(14.31853, 9.97605, 7.61492, 
    12.66625, 1.16451, 1.37641, 1.55789, 3.85659, 1.10242, 2.13335, 
    3.3928), RS.gamma = c(-10.80852, -11.56389, -8.54562, -9.37418, 
    -3.95769, -2.09526, -6.68797, -5.28393, -5.14143, -2.6315, 
    -4.59653), RS.data.balancing = c(0, 0, 0, 0, 0, 0, 0, 0, 
    0, 0, 0), RS.feature.selection = c(0, 0, 0, 0, 0, 0, 0, 0, 
    0, 0, 0), RS.valid.acc = c(0.56167, 0.56238, 0.60095, 0.57321, 
    0.53333, 0.57242, 0.51429, 0.54048, 0.55083, 0.55586, 0.57076
    ), RS.test.acc = c(0.56833, 0.56048, 0.58429, 0.45357, 0.55595, 
    0.54147, 0.48889, 0.48075, 0.49861, 0.4601, 0.55348), RS.train.time = c(0.0182, 
    0.013, 0.0174, 0.0177, 0.0134, 0.0157, 0.0133, 0.0141, 0.0145, 
    0.0149, 0.0159), RS.n.support.vectors = c(30.8, 39, 41.9, 
    41.8, 54.6, 61, 64.3, 62.8, 69.8, 74.5, 74), RS.index = c(317, 
    61, 416, 504, 171, 4, 1150, 1646, 125, 129, 570), RS.n.solutions = c(12, 
    2, 1, 3, 1, 2, 2, 1, 3, 1, 4), RS.generations = c(100, 100, 
    100, 100, 100, 100, 100, 100, 100, 100, 100), RS.n.evaluations = c(2500, 
    2500, 2500, 2500, 2500, 2500, 2500, 2500, 2500, 2500, 2500
    ), RS.cpu.time = c(8523.402, 8626.545, 8621.548, 8727.236, 
    8572.196, 8544.92599999999, 8534.701, 8373.21500000001, 8698.97199999998, 
    8666.23799999998, 8404.62299999999), DF.cost = c(1, 1, 1, 
    1, 1, 1, 1, 1, 1, 1, 1), DF.gamma = c(0.11111, 0.11111, 0.11111, 
    0.11111, 0.11111, 0.11111, 0.11111, 0.11111, 0.11111, 0.11111, 
    0.11111), DF.data.balancing = c(0, 0, 0, 0, 0, 0, 0, 0, 0, 
    0, 0), DF.feature.selection = c(0, 0, 0, 0, 0, 0, 0, 0, 0, 
    0, 0), DF.valid.acc = c(0.39667, 0.44381, 0.50762, 0.46726, 
    0.43333, 0.45893, 0.49067, 0.43996, 0.47278, 0.49545, 0.56348
    ), DF.test.acc = c(0.41, 0.45048, 0.41476, 0.47321, 0.40417, 
    0.47639, 0.45556, 0.48119, 0.43028, 0.4499, 0.50712), DF.train.time = c(0.0153, 
    0.0129, 0.0126, 0.0146, 0.0136, 0.0145, 0.0131, 0.0134, 0.0152, 
    0.0208, 0.0152), DF.n.support.vectors = c(40.8, 45.4, 48.8, 
    53, 56.5, 60.1, 64.5, 68.1, 71.9, 74.4, 80.7), DF.index = c(1, 
    1, 1, 1, 1, 1, 1, 1, 1, 1, 1), DF.n.solutions = c(1, 1, 1, 
    1, 1, 1, 1, 1, 1, 1, 1), DF.generations = c(1, 1, 1, 1, 1, 
    1, 1, 1, 1, 1, 1), DF.n.evaluations = c(1, 1, 1, 1, 1, 1, 
    1, 1, 1, 1, 1), DF.cpu.time = c(4.007, 3.35, 3.369, 3.374, 
    3.359, 3.678, 3.301, 3.254, 3.356, 4.318, 2.979), SMBO.cost = c(4.94420441511262, 
    4.94420441511262, 4.94420441511262, 4.94420441511262, 4.94420441511262, 
    4.94420441511262, 4.94420441511262, 4.94420441511262, 4.94420441511262, 
    4.94420441511262, 4.94420441511262), SMBO.gamma = c(-4.88002749776276, 
    -4.88002749776276, -4.88002749776276, -4.88002749776276, 
    -4.88002749776276, -4.88002749776276, -4.88002749776276, 
    -4.88002749776276, -4.88002749776276, -4.88002749776276, 
    -4.88002749776276), SMBO.balanced.test.accuracy = c(0.610051169590643, 
    0.610051169590643, 0.610051169590643, 0.610051169590643, 
    0.610051169590643, 0.610051169590643, 0.610051169590643, 
    0.610051169590643, 0.610051169590643, 0.610051169590643, 
    0.610051169590643)), .Names = c("Sampling", "PSO.cost", "PSO.gamma", 
"PSO.data.balancing", "PSO.feature.selection", "PSO.valid.acc", 
"PSO.test.acc", "PSO.train.time", "PSO.n.support.vectors", "PSO.index", 
"PSO.n.solutions", "PSO.generations", "PSO.n.evaluations", "PSO.cpu.time", 
"RS.cost", "RS.gamma", "RS.data.balancing", "RS.feature.selection", 
"RS.valid.acc", "RS.test.acc", "RS.train.time", "RS.n.support.vectors", 
"RS.index", "RS.n.solutions", "RS.generations", "RS.n.evaluations", 
"RS.cpu.time", "DF.cost", "DF.gamma", "DF.data.balancing", "DF.feature.selection", 
"DF.valid.acc", "DF.test.acc", "DF.train.time", "DF.n.support.vectors", 
"DF.index", "DF.n.solutions", "DF.generations", "DF.n.evaluations", 
"DF.cpu.time", "SMBO.cost", "SMBO.gamma", "SMBO.balanced.test.accuracy"
), row.names = c(NA, -11L), class = "data.frame")
