new.sol <-
structure(list(Sampling = c(50, 55, 60, 65, 70, 75, 80, 85, 90, 
95, 100), PSO.cost = c(0.51976, 4.05192, 2.51837, 15, 1.55282, 
0.64058, 10.93745, 0.8695, 0.57988, 2.30921, 9.33304), PSO.gamma = c(-2.15331, 
-1.74282, -4.2873, -12.153, -5.51254, -2.36068, -1.59871, -2.03945, 
-3.06858, -2.32922, -9.60216), PSO.data.balancing = c(0, 0, 0, 
0, 0, 0, 0, 0, 0, 0, 0), PSO.feature.selection = c(0, 0, 0, 0, 
0, 0, 0, 0, 0, 0, 0), PSO.valid.acc = c(0.54286, 0.50095, 0.53333, 
0.5794, 0.57639, 0.54067, 0.56468, 0.63103, 0.64444, 0.59677, 
0.63338), PSO.test.acc = c(0.4069, 0.48238, 0.40524, 0.49048, 
0.53333, 0.48849, 0.59008, 0.58381, 0.59, 0.54232, 0.56076), 
    PSO.train.time = c(0.0135, 0.0132, 0.0138, 0.0178, 0.0139, 
    0.0153, 0.0162, 0.0143, 0.0135, 0.0184, 0.0179), PSO.n.support.vectors = c(41.6, 
    45.6, 47.1, 41.2, 55.2, 61.1, 65.6, 69.4, 71, 75.5, 66.9), 
    PSO.index = c(2489, 36, 815, 105, 2317, 1252, 177, 1396, 
    712, 360, 495), PSO.n.solutions = c(1, 1112, 197, 588, 1, 
    40, 340, 56, 60, 139, 93), PSO.generations = c(100, 100, 
    100, 100, 100, 100, 100, 100, 100, 100, 100), PSO.n.evaluations = c(2500, 
    2500, 2500, 2500, 2500, 2500, 2500, 2500, 2500, 2500, 2500
    ), PSO.cpu.time = c(8407.731, 8630.036, 8498.394, 8531.285, 
    8682.17200000001, 8484.216, 8604.284, 8650.417, 8564.389, 
    8441.682, 8719.95299999998), RS.cost = c(0.49464, 2.30234, 
    1.7663, 14.88728, 0.19912, 0.47597, 2.5961, 1.02157, 1.11875, 
    0.29015, 6.07368), RS.gamma = c(-2.08101, -3.97899, -4.51875, 
    -12.05937, -4.18717, -2.83896, -3.07289, -2.14409, -4.4314, 
    -3.7728, -6.88896), RS.data.balancing = c(0, 0, 0, 0, 0, 
    0, 0, 0, 0, 0, 0), RS.feature.selection = c(0, 0, 0, 0, 0, 
    0, 0, 0, 0, 0, 0), RS.valid.acc = c(0.54286, 0.5081, 0.51333, 
    0.5794, 0.58849, 0.5254, 0.57294, 0.60881, 0.62333, 0.59232, 
    0.63061), RS.test.acc = c(0.42357, 0.36643, 0.45952, 0.49048, 
    0.52321, 0.49722, 0.5754, 0.5727, 0.59111, 0.56828, 0.54333
    ), RS.train.time = c(0.0129, 0.0144, 0.0126, 0.0174, 0.017, 
    0.0163, 0.0156, 0.0141, 0.0143, 0.0186, 0.0157), RS.n.support.vectors = c(41.6, 
    44.1, 47.7, 41.3, 56.6, 60.8, 62.1, 69.4, 69.3, 75.2, 70.9
    ), RS.index = c(627, 6, 760, 77, 243, 1582, 1060, 1987, 1526, 
    1344, 72), RS.n.solutions = c(1, 1, 2, 3, 1, 1, 2, 1, 2, 
    1, 1), RS.generations = c(100, 100, 100, 100, 100, 100, 100, 
    100, 100, 100, 100), RS.n.evaluations = c(2500, 2500, 2500, 
    2500, 2500, 2500, 2500, 2500, 2500, 2500, 2500), RS.cpu.time = c(8715.4, 
    8635.47200000001, 8298.825, 8572.237, 8700.075, 8520.738, 
    8451.837, 8350.75099999999, 8653.027, 8740.133, 8671.15399999998
    ), DF.cost = c(1, 1, 1, 1, 1, 1, 1, 1, 1, 1, 1), DF.gamma = c(0.11111, 
    0.11111, 0.11111, 0.11111, 0.11111, 0.11111, 0.11111, 0.11111, 
    0.11111, 0.11111, 0.11111), DF.data.balancing = c(0, 0, 0, 
    0, 0, 0, 0, 0, 0, 0, 0), DF.feature.selection = c(0, 0, 0, 
    0, 0, 0, 0, 0, 0, 0, 0), DF.valid.acc = c(0.48857, 0.41429, 
    0.39476, 0.43381, 0.50099, 0.48194, 0.53254, 0.5752, 0.60111, 
    0.56121, 0.55409), DF.test.acc = c(0.46857, 0.43429, 0.4481, 
    0.46238, 0.53988, 0.47738, 0.51389, 0.57698, 0.57778, 0.55828, 
    0.57556), DF.train.time = c(0.0136, 0.0121, 0.0129, 0.0144, 
    0.0145, 0.0136, 0.0149, 0.0142, 0.0153, 0.0162, 0.0155), 
    DF.n.support.vectors = c(41.3, 45.4, 49.3, 53.4, 57.2, 60.5, 
    64.4, 68.8, 72.1, 75.4, 80.2), DF.index = c(1, 1, 1, 1, 1, 
    1, 1, 1, 1, 1, 1), DF.n.solutions = c(1, 1, 1, 1, 1, 1, 1, 
    1, 1, 1, 1), DF.generations = c(1, 1, 1, 1, 1, 1, 1, 1, 1, 
    1, 1), DF.n.evaluations = c(1, 1, 1, 1, 1, 1, 1, 1, 1, 1, 
    1), DF.cpu.time = c(3.388, 3.251, 3.098, 3.487, 3.383, 3.34, 
    3.373, 3.182, 3.332, 3.606, 3.187), SMBO.cost = c(1.97095666943598, 
    1.97095666943598, 1.97095666943598, 1.97095666943598, 1.97095666943598, 
    1.97095666943598, 1.97095666943598, 1.97095666943598, 1.97095666943598, 
    1.97095666943598, 1.97095666943598), SMBO.gamma = c(-5.21460576444745, 
    -5.21460576444745, -5.21460576444745, -5.21460576444745, 
    -5.21460576444745, -5.21460576444745, -5.21460576444745, 
    -5.21460576444745, -5.21460576444745, -5.21460576444745, 
    -5.21460576444745), SMBO.balanced.test.accuracy = c(0.622325591075591, 
    0.622325591075591, 0.622325591075591, 0.622325591075591, 
    0.622325591075591, 0.622325591075591, 0.622325591075591, 
    0.622325591075591, 0.622325591075591, 0.622325591075591, 
    0.622325591075591)), .Names = c("Sampling", "PSO.cost", "PSO.gamma", 
"PSO.data.balancing", "PSO.feature.selection", "PSO.valid.acc", 
"PSO.test.acc", "PSO.train.time", "PSO.n.support.vectors", "PSO.index", 
"PSO.n.solutions", "PSO.generations", "PSO.n.evaluations", "PSO.cpu.time", 
"RS.cost", "RS.gamma", "RS.data.balancing", "RS.feature.selection", 
"RS.valid.acc", "RS.test.acc", "RS.train.time", "RS.n.support.vectors", 
"RS.index", "RS.n.solutions", "RS.generations", "RS.n.evaluations", 
"RS.cpu.time", "DF.cost", "DF.gamma", "DF.data.balancing", "DF.feature.selection", 
"DF.valid.acc", "DF.test.acc", "DF.train.time", "DF.n.support.vectors", 
"DF.index", "DF.n.solutions", "DF.generations", "DF.n.evaluations", 
"DF.cpu.time", "SMBO.cost", "SMBO.gamma", "SMBO.balanced.test.accuracy"
), row.names = c(NA, -11L), class = "data.frame")
