new.sol <-
structure(list(Sampling = c(50, 55, 60, 65, 70, 75, 80, 85, 90, 
95, 100), PSO.cost = c(0.09341, 7.83671, 2.56987, 10.18569, 1.12461, 
2.91968, 15, 12.66017, 0.91784, 1.50069, 5.73728), PSO.gamma = c(-3.52785, 
-12.56761, -2.72665, -4.37944, -2.81305, -6.9675, -10.76526, 
-14.7941, -4.71929, -2.48504, -3.4273), PSO.data.balancing = c(0, 
0, 0, 0, 0, 0, 0, 0, 0, 0, 0), PSO.feature.selection = c(0, 0, 
0, 0, 0, 0, 0, 0, 0, 0, 0), PSO.valid.acc = c(0.55643, 0.60262, 
0.60143, 0.6625, 0.60139, 0.64782, 0.65357, 0.67139, 0.59889, 
0.60626, 0.61045), PSO.test.acc = c(0.52548, 0.515, 0.53, 0.51667, 
0.56706, 0.55853, 0.58413, 0.61306, 0.53444, 0.55899, 0.58298
), PSO.train.time = c(0.0122, 0.0123, 0.0125, 0.0118, 0.0166, 
0.0155, 0.0228, 0.0139, 0.0153, 0.0167, 0.0168), PSO.n.support.vectors = c(40.3, 
42, 46.5, 44, 54.9, 55.9, 47.3, 54.9, 68.8, 74.4, 75.1), PSO.index = c(255, 
196, 17, 5, 2309, 2167, 248, 143, 1422, 744, 299), PSO.n.solutions = c(478, 
63, 734, 1627, 1, 1, 303, 355, 37, 402, 639), PSO.generations = c(100, 
100, 100, 100, 100, 100, 100, 100, 100, 100, 100), PSO.n.evaluations = c(2500, 
2500, 2500, 2500, 2500, 2500, 2500, 2500, 2500, 2500, 2500), 
    PSO.cpu.time = c(8303.084, 8544.405, 8598.192, 8633.847, 
    8697.40699999999, 8664.402, 8715.87400000001, 8521.93100000001, 
    8622.59299999999, 8573.465, 8555.82000000001), RS.cost = c(0.41544, 
    4.66896, 9.86909, 13.71666, 0.8419, 4.53383, 13.88023, 11.39135, 
    1.53858, 2.16607, 4.48863), RS.gamma = c(-4.74177, -9.30199, 
    -2.64348, -4.71858, -2.73806, -8.78935, -10.21516, -13.48268, 
    -5.50041, -2.50481, -3.70654), RS.data.balancing = c(0, 0, 
    0, 0, 0, 0, 0, 0, 0, 0, 0), RS.feature.selection = c(0, 0, 
    0, 0, 0, 0, 0, 0, 0, 0, 0), RS.valid.acc = c(0.55643, 0.60262, 
    0.60143, 0.6625, 0.61389, 0.63532, 0.64246, 0.67139, 0.59778, 
    0.58808, 0.61045), RS.test.acc = c(0.52214, 0.515, 0.53, 
    0.53095, 0.55278, 0.54048, 0.59524, 0.61306, 0.54667, 0.52629, 
    0.57298), RS.train.time = c(0.014, 0.0117, 0.0141, 0.0163, 
    0.0131, 0.0152, 0.0188, 0.0157, 0.0138, 0.019, 0.0149), RS.n.support.vectors = c(40, 
    41.9, 46.7, 42.9, 55.2, 55.7, 47.5, 54.6, 68.5, 74.4, 74.8
    ), RS.index = c(606, 56, 91, 222, 1591, 1191, 57, 78, 1473, 
    2054, 954), RS.n.solutions = c(3, 10, 10, 97, 1, 3, 3, 6, 
    1, 1, 2), RS.generations = c(100, 100, 100, 100, 100, 100, 
    100, 100, 100, 100, 100), RS.n.evaluations = c(2500, 2500, 
    2500, 2500, 2500, 2500, 2500, 2500, 2500, 2500, 2500), RS.cpu.time = c(8694.444, 
    8459.7, 8742.365, 8483.278, 8604.405, 8603.982, 8650.43799999999, 
    8712.637, 8522.18700000001, 8539.614, 8577.261), DF.cost = c(1, 
    1, 1, 1, 1, 1, 1, 1, 1, 1, 1), DF.gamma = c(0.11111, 0.11111, 
    0.11111, 0.11111, 0.11111, 0.11111, 0.11111, 0.11111, 0.11111, 
    0.11111, 0.11111), DF.data.balancing = c(0, 0, 0, 0, 0, 0, 
    0, 0, 0, 0, 0), DF.feature.selection = c(0, 0, 0, 0, 0, 0, 
    0, 0, 0, 0, 0), DF.valid.acc = c(0.53976, 0.52667, 0.57905, 
    0.52143, 0.56944, 0.59306, 0.56151, 0.54056, 0.53333, 0.54273, 
    0.55646), DF.test.acc = c(0.52548, 0.49, 0.52905, 0.52619, 
    0.57817, 0.60556, 0.53968, 0.57667, 0.53444, 0.52816, 0.60298
    ), DF.train.time = c(0.0124, 0.012, 0.014, 0.0129, 0.0133, 
    0.0135, 0.0149, 0.0156, 0.0164, 0.0156, 0.0143), DF.n.support.vectors = c(40.8, 
    43.5, 47.6, 52.1, 55.4, 58.4, 63.4, 66.4, 70.6, 74.9, 80.5
    ), DF.index = c(1, 1, 1, 1, 1, 1, 1, 1, 1, 1, 1), DF.n.solutions = c(1, 
    1, 1, 1, 1, 1, 1, 1, 1, 1, 1), DF.generations = c(1, 1, 1, 
    1, 1, 1, 1, 1, 1, 1, 1), DF.n.evaluations = c(1, 1, 1, 1, 
    1, 1, 1, 1, 1, 1, 1), DF.cpu.time = c(3.35, 3.275, 3.343, 
    3.352, 3.36, 3.366, 3.793, 3.552, 3.385, 3.466, 2.831), SMBO.cost = c(8.08395676313942, 
    8.08395676313942, 8.08395676313942, 8.08395676313942, 8.08395676313942, 
    8.08395676313942, 8.08395676313942, 8.08395676313942, 8.08395676313942, 
    8.08395676313942, 8.08395676313942), SMBO.gamma = c(-2.57846616030718, 
    -2.57846616030718, -2.57846616030718, -2.57846616030718, 
    -2.57846616030718, -2.57846616030718, -2.57846616030718, 
    -2.57846616030718, -2.57846616030718, -2.57846616030718, 
    -2.57846616030718), SMBO.balanced.test.accuracy = c(0.622058823529412, 
    0.622058823529412, 0.622058823529412, 0.622058823529412, 
    0.622058823529412, 0.622058823529412, 0.622058823529412, 
    0.622058823529412, 0.622058823529412, 0.622058823529412, 
    0.622058823529412)), .Names = c("Sampling", "PSO.cost", "PSO.gamma", 
"PSO.data.balancing", "PSO.feature.selection", "PSO.valid.acc", 
"PSO.test.acc", "PSO.train.time", "PSO.n.support.vectors", "PSO.index", 
"PSO.n.solutions", "PSO.generations", "PSO.n.evaluations", "PSO.cpu.time", 
"RS.cost", "RS.gamma", "RS.data.balancing", "RS.feature.selection", 
"RS.valid.acc", "RS.test.acc", "RS.train.time", "RS.n.support.vectors", 
"RS.index", "RS.n.solutions", "RS.generations", "RS.n.evaluations", 
"RS.cpu.time", "DF.cost", "DF.gamma", "DF.data.balancing", "DF.feature.selection", 
"DF.valid.acc", "DF.test.acc", "DF.train.time", "DF.n.support.vectors", 
"DF.index", "DF.n.solutions", "DF.generations", "DF.n.evaluations", 
"DF.cpu.time", "SMBO.cost", "SMBO.gamma", "SMBO.balanced.test.accuracy"
), row.names = c(NA, -11L), class = "data.frame")
