new.sol <-
structure(list(Sampling = c(50, 55, 60, 65, 70, 75, 80, 85, 90, 
95, 100), PSO.cost = c(0.78964, 3.1573, 3.82924, 6.96877, 11.85907, 
4.7889, 1.1418, 2.05413, 4.48269, 11.62975, 2.72627), PSO.gamma = c(-2.68629, 
-3.97918, -8.34181, -11.96746, -9.17416, -9.6015, -3.00758, -2.84077, 
-3.98362, -9.77015, -6.65493), PSO.data.balancing = c(0, 0, 0, 
0, 0, 0, 0, 0, 0, 0, 0), PSO.feature.selection = c(0, 0, 0, 0, 
0, 0, 0, 0, 0, 0, 0), PSO.valid.acc = c(0.66143, 0.60643, 0.59857, 
0.62619, 0.60944, 0.6129, 0.60099, 0.62925, 0.6676, 0.61889, 
0.59091), PSO.test.acc = c(0.55381, 0.60048, 0.5419, 0.56845, 
0.53663, 0.53909, 0.53492, 0.56298, 0.56601, 0.56667, 0.51364
), PSO.train.time = c(0.0117, 0.0139, 0.0146, 0.0125, 0.0196, 
0.0128, 0.015, 0.0146, 0.0148, 0.0179, 0.0143), PSO.n.support.vectors = c(41.1, 
41.2, 42.9, 46, 42.6, 55.4, 61.5, 65.7, 64.1, 60.6, 75.9), PSO.index = c(1016, 
318, 450, 478, 150, 257, 374, 484, 1773, 73, 15), PSO.n.solutions = c(105, 
151, 72, 36, 211, 27, 724, 565, 3, 678, 247), PSO.generations = c(100, 
100, 100, 100, 100, 100, 100, 100, 100, 100, 100), PSO.n.evaluations = c(2500, 
2500, 2500, 2500, 2500, 2500, 2500, 2500, 2500, 2500, 2500), 
    PSO.cpu.time = c(8719.789, 8591.957, 8656.88299999999, 8446.97900000001, 
    8690.986, 8636.693, 8530.836, 8687.215, 8519.628, 8803.55300000001, 
    8666.541), RS.cost = c(0.71332, 3.09782, 8.03186, 9.40366, 
    13.6845, 3.74374, 1.41937, 1.99156, 12.79955, 10.80791, 1.5572
    ), RS.gamma = c(-2.42972, -4.00114, -12.61316, -14.37348, 
    -11.19375, -8.1443, -2.85737, -3.02833, -3.88037, -9.41588, 
    -5.06106), RS.data.balancing = c(0, 0, 0, 0, 0, 0, 0, 0, 
    0, 0, 0), RS.feature.selection = c(0, 0, 0, 0, 0, 0, 0, 0, 
    0, 0, 0), RS.valid.acc = c(0.64143, 0.60643, 0.59857, 0.62619, 
    0.60087, 0.59861, 0.59921, 0.62925, 0.65649, 0.62889, 0.59091
    ), RS.test.acc = c(0.62476, 0.58381, 0.5419, 0.56845, 0.52552, 
    0.59683, 0.57143, 0.56298, 0.59982, 0.55667, 0.52364), RS.train.time = c(0.0154, 
    0.0119, 0.0144, 0.0134, 0.017, 0.0132, 0.0145, 0.0151, 0.0167, 
    0.0175, 0.0167), RS.n.support.vectors = c(41.4, 41.2, 42.9, 
    46, 40.2, 54.6, 61.9, 65.2, 63.8, 61.1, 76.8), RS.index = c(248, 
    1953, 360, 151, 409, 55, 939, 859, 340, 1103, 314), RS.n.solutions = c(5, 
    1, 9, 8, 15, 21, 1, 1, 13, 4, 8), RS.generations = c(100, 
    100, 100, 100, 100, 100, 100, 100, 100, 100, 100), RS.n.evaluations = c(2500, 
    2500, 2500, 2500, 2500, 2500, 2500, 2500, 2500, 2500, 2500
    ), RS.cpu.time = c(8721.306, 8644.858, 8512.627, 8687.90200000001, 
    8556.985, 8583.41099999999, 8455.86900000001, 8443.71500000001, 
    8779.97400000002, 8754.32200000001, 8296.55000000002), DF.cost = c(1, 
    1, 1, 1, 1, 1, 1, 1, 1, 1, 1), DF.gamma = c(0.11111, 0.11111, 
    0.11111, 0.11111, 0.11111, 0.11111, 0.11111, 0.11111, 0.11111, 
    0.11111, 0.11111), DF.data.balancing = c(0, 0, 0, 0, 0, 0, 
    0, 0, 0, 0, 0), DF.feature.selection = c(0, 0, 0, 0, 0, 0, 
    0, 0, 0, 0, 0), DF.valid.acc = c(0.59381, 0.56048, 0.49429, 
    0.55, 0.50052, 0.53948, 0.52599, 0.54325, 0.52442, 0.54778, 
    0.55091), DF.test.acc = c(0.55381, 0.51524, 0.52762, 0.56845, 
    0.51619, 0.5377, 0.54921, 0.49603, 0.56573, 0.55, 0.55909
    ), DF.train.time = c(0.0167, 0.0123, 0.0138, 0.013, 0.0158, 
    0.0188, 0.0139, 0.0132, 0.0142, 0.0165, 0.0143), DF.n.support.vectors = c(40.6, 
    44.3, 47.3, 50.9, 54.2, 58.7, 62.6, 67.1, 69.7, 74.9, 81.1
    ), DF.index = c(1, 1, 1, 1, 1, 1, 1, 1, 1, 1, 1), DF.n.solutions = c(1, 
    1, 1, 1, 1, 1, 1, 1, 1, 1, 1), DF.generations = c(1, 1, 1, 
    1, 1, 1, 1, 1, 1, 1, 1), DF.n.evaluations = c(1, 1, 1, 1, 
    1, 1, 1, 1, 1, 1, 1), DF.cpu.time = c(3.84, 3.428, 3.265, 
    3.344, 3.992, 3.815, 3.648, 3.278, 3.424, 3.637, 2.731), 
    SMBO.cost = c(2.85464538933479, 2.85464538933479, 2.85464538933479, 
    2.85464538933479, 2.85464538933479, 2.85464538933479, 2.85464538933479, 
    2.85464538933479, 2.85464538933479, 2.85464538933479, 2.85464538933479
    ), SMBO.gamma = c(-4.72086020780378, -4.72086020780378, -4.72086020780378, 
    -4.72086020780378, -4.72086020780378, -4.72086020780378, 
    -4.72086020780378, -4.72086020780378, -4.72086020780378, 
    -4.72086020780378, -4.72086020780378), SMBO.balanced.test.accuracy = c(0.603835978835979, 
    0.603835978835979, 0.603835978835979, 0.603835978835979, 
    0.603835978835979, 0.603835978835979, 0.603835978835979, 
    0.603835978835979, 0.603835978835979, 0.603835978835979, 
    0.603835978835979)), .Names = c("Sampling", "PSO.cost", "PSO.gamma", 
"PSO.data.balancing", "PSO.feature.selection", "PSO.valid.acc", 
"PSO.test.acc", "PSO.train.time", "PSO.n.support.vectors", "PSO.index", 
"PSO.n.solutions", "PSO.generations", "PSO.n.evaluations", "PSO.cpu.time", 
"RS.cost", "RS.gamma", "RS.data.balancing", "RS.feature.selection", 
"RS.valid.acc", "RS.test.acc", "RS.train.time", "RS.n.support.vectors", 
"RS.index", "RS.n.solutions", "RS.generations", "RS.n.evaluations", 
"RS.cpu.time", "DF.cost", "DF.gamma", "DF.data.balancing", "DF.feature.selection", 
"DF.valid.acc", "DF.test.acc", "DF.train.time", "DF.n.support.vectors", 
"DF.index", "DF.n.solutions", "DF.generations", "DF.n.evaluations", 
"DF.cpu.time", "SMBO.cost", "SMBO.gamma", "SMBO.balanced.test.accuracy"
), row.names = c(NA, -11L), class = "data.frame")
