new.sol <-
structure(list(Sampling = c(50, 55, 60, 65, 70, 75, 80, 85, 90, 
95, 100), PSO.cost = c(4.37302, 3.87525, 3.84707, 3.72425, 6.65047, 
10.12604, 0.85036, 7.37914, 8.85595, 9.41895, 12.22905), PSO.gamma = c(-8.50881, 
-5.62167, -5.53982, -4.41183, -5.74633, -8.804, -3.13671, -8.22964, 
-8.73952, -11.0597, -10.66347), PSO.data.balancing = c(0, 0, 
0, 0, 0, 0, 0, 0, 0, 0, 0), PSO.feature.selection = c(0, 0, 0, 
0, 0, 0, 0, 0, 0, 0, 0), PSO.valid.acc = c(0.575, 0.64, 0.64714, 
0.60667, 0.64048, 0.56448, 0.59425, 0.59389, 0.63694, 0.58667, 
0.58222), PSO.test.acc = c(0.51667, 0.56667, 0.71, 0.53762, 0.58869, 
0.53849, 0.56746, 0.57139, 0.59361, 0.55667, 0.54), PSO.train.time = c(0.014, 
0.0134, 0.0127, 0.0148, 0.0148, 0.0154, 0.0154, 0.0156, 0.0146, 
0.0136, 0.0189), PSO.n.support.vectors = c(39.8, 40.6, 42.8, 
48.4, 47.6, 49.3, 63.5, 56, 58.1, 61.2, 65.2), PSO.index = c(32, 
307, 796, 170, 89, 217, 375, 810, 888, 252, 259), PSO.n.solutions = c(147, 
44, 71, 86, 928, 275, 832, 107, 50, 118, 439), PSO.generations = c(100, 
100, 100, 100, 100, 100, 100, 100, 100, 100, 100), PSO.n.evaluations = c(2500, 
2500, 2500, 2500, 2500, 2500, 2500, 2500, 2500, 2500, 2500), 
    PSO.cpu.time = c(8473.456, 8554.352, 8512.605, 8509.744, 
    8452.269, 8538.247, 8590.902, 8667.553, 8454.97499999998, 
    8605.67499999999, 8512.58499999999), RS.cost = c(3.33274, 
    4.16833, 4.12477, 2.77027, 7.14071, 1.54372, 0.83409, 0.5399, 
    9.71056, 10.82139, 13.03439), RS.gamma = c(-7.47023, -5.8011, 
    -5.70174, -3.79292, -6.0191, -2.37035, -2.64399, -3.69574, 
    -9.19871, -12.50474, -11.03415), RS.data.balancing = c(0, 
    0, 0, 0, 0, 0, 0, 0, 0, 0, 0), RS.feature.selection = c(0, 
    0, 0, 0, 0, 0, 0, 0, 0, 0, 0), RS.valid.acc = c(0.575, 0.64, 
    0.63048, 0.60667, 0.64048, 0.58155, 0.59147, 0.60361, 0.63556, 
    0.58667, 0.58222), RS.test.acc = c(0.54167, 0.55, 0.69571, 
    0.54095, 0.58869, 0.49087, 0.56746, 0.55139, 0.5825, 0.55667, 
    0.54), RS.train.time = c(0.0128, 0.0128, 0.0126, 0.0129, 
    0.0164, 0.0141, 0.0147, 0.0153, 0.0163, 0.0172, 0.0198), 
    RS.n.support.vectors = c(40.1, 40.3, 42.7, 50.2, 47.1, 60.2, 
    64.3, 67.2, 57.6, 61.2, 65.2), RS.index = c(60, 1997, 1827, 
    94, 33, 155, 73, 1011, 491, 122, 523), RS.n.solutions = c(12, 
    2, 2, 3, 9, 2, 1, 2, 1, 4, 2), RS.generations = c(100, 100, 
    100, 100, 100, 100, 100, 100, 100, 100, 100), RS.n.evaluations = c(2500, 
    2500, 2500, 2500, 2500, 2500, 2500, 2500, 2500, 2500, 2500
    ), RS.cpu.time = c(8688.818, 8617.033, 8350.021, 8430.93399999999, 
    8506.462, 8495.59199999999, 8570.33099999999, 8391.13700000002, 
    8639.95699999999, 8727.00200000001, 8739.69700000001), DF.cost = c(1, 
    1, 1, 1, 1, 1, 1, 1, 1, 1, 1), DF.gamma = c(0.11111, 0.11111, 
    0.11111, 0.11111, 0.11111, 0.11111, 0.11111, 0.11111, 0.11111, 
    0.11111, 0.11111), DF.data.balancing = c(0, 0, 0, 0, 0, 0, 
    0, 0, 0, 0, 0), DF.feature.selection = c(0, 0, 0, 0, 0, 0, 
    0, 0, 0, 0, 0), DF.valid.acc = c(0.51333, 0.53, 0.55667, 
    0.49, 0.51667, 0.48671, 0.51885, 0.55639, 0.44306, 0.54556, 
    0.53278), DF.test.acc = c(0.48333, 0.59667, 0.53095, 0.52095, 
    0.57202, 0.50337, 0.50317, 0.51778, 0.52778, 0.51444, 0.53833
    ), DF.train.time = c(0.0123, 0.012, 0.0126, 0.0134, 0.0138, 
    0.0134, 0.0144, 0.0187, 0.0144, 0.0162, 0.0154), DF.n.support.vectors = c(41.1, 
    45.6, 49.3, 53, 56.8, 60.3, 64.1, 68.1, 71.7, 74.8, 80.8), 
    DF.index = c(1, 1, 1, 1, 1, 1, 1, 1, 1, 1, 1), DF.n.solutions = c(1, 
    1, 1, 1, 1, 1, 1, 1, 1, 1, 1), DF.generations = c(1, 1, 1, 
    1, 1, 1, 1, 1, 1, 1, 1), DF.n.evaluations = c(1, 1, 1, 1, 
    1, 1, 1, 1, 1, 1, 1), DF.cpu.time = c(3.218, 3.538, 3.171, 
    3.259, 3.2, 3.256, 3.373, 4.361, 3.313, 3.613, 3.092), SMBO.cost = c(1.9342954093701, 
    1.9342954093701, 1.9342954093701, 1.9342954093701, 1.9342954093701, 
    1.9342954093701, 1.9342954093701, 1.9342954093701, 1.9342954093701, 
    1.9342954093701, 1.9342954093701), SMBO.gamma = c(-3.00932187125211, 
    -3.00932187125211, -3.00932187125211, -3.00932187125211, 
    -3.00932187125211, -3.00932187125211, -3.00932187125211, 
    -3.00932187125211, -3.00932187125211, -3.00932187125211, 
    -3.00932187125211), SMBO.balanced.test.accuracy = c(0.638910109498345, 
    0.638910109498345, 0.638910109498345, 0.638910109498345, 
    0.638910109498345, 0.638910109498345, 0.638910109498345, 
    0.638910109498345, 0.638910109498345, 0.638910109498345, 
    0.638910109498345)), .Names = c("Sampling", "PSO.cost", "PSO.gamma", 
"PSO.data.balancing", "PSO.feature.selection", "PSO.valid.acc", 
"PSO.test.acc", "PSO.train.time", "PSO.n.support.vectors", "PSO.index", 
"PSO.n.solutions", "PSO.generations", "PSO.n.evaluations", "PSO.cpu.time", 
"RS.cost", "RS.gamma", "RS.data.balancing", "RS.feature.selection", 
"RS.valid.acc", "RS.test.acc", "RS.train.time", "RS.n.support.vectors", 
"RS.index", "RS.n.solutions", "RS.generations", "RS.n.evaluations", 
"RS.cpu.time", "DF.cost", "DF.gamma", "DF.data.balancing", "DF.feature.selection", 
"DF.valid.acc", "DF.test.acc", "DF.train.time", "DF.n.support.vectors", 
"DF.index", "DF.n.solutions", "DF.generations", "DF.n.evaluations", 
"DF.cpu.time", "SMBO.cost", "SMBO.gamma", "SMBO.balanced.test.accuracy"
), row.names = c(NA, -11L), class = "data.frame")
