new.sol <-
structure(list(Sampling = c(50, 55, 60, 65, 70, 75, 80, 85, 90, 
95, 100), PSO.cost = c(6.02947, 8.722, 2.63156, 9.65637, 4.03367, 
12.48128, 11.37277, 5.84791, 2.04445, 1.25707, 2.81936), PSO.gamma = c(-10.84374, 
-14.8007, -6.15703, -15, -6.74979, -11.78361, -14.77057, -9.1446, 
-5.74556, -4.9925, -5.94613), PSO.data.balancing = c(0, 0, 0, 
0, 0, 0, 0, 0, 0, 0, 0), PSO.feature.selection = c(0, 0, 0, 0, 
0, 0, 0, 0, 0, 0, 0), PSO.valid.acc = c(0.97869, 0.97136, 0.97335, 
0.97552, 0.97737, 0.9742, 0.97116, 0.97921, 0.98035, 0.97942, 
0.98233), PSO.test.acc = c(0.97155, 0.96491, 0.96461, 0.96456, 
0.96981, 0.96478, 0.96671, 0.96874, 0.97439, 0.97383, 0.97885
), PSO.train.time = c(0.0322, 0.0347, 0.036, 0.0381, 0.0388, 
0.0418, 0.0431, 0.0426, 0.0514, 0.0568, 0.0554), PSO.n.support.vectors = c(36.3, 
49.2, 47.3, 49.3, 44, 29.8, 40.4, 41.9, 65, 85.3, 62.2), PSO.index = c(474, 
344, 92, 75, 144, 697, 504, 290, 1023, 409, 730), PSO.n.solutions = c(38, 
120, 913, 267, 569, 57, 154, 152, 81, 79, 143), PSO.generations = c(100, 
100, 100, 100, 100, 100, 100, 100, 100, 100, 100), PSO.n.evaluations = c(2500, 
2500, 2500, 2500, 2500, 2500, 2500, 2500, 2500, 2500, 2500), 
    PSO.cpu.time = c(7455.802, 7477.273, 7571.899, 7486.871, 
    7532.25999999999, 7616.095, 7882.625, 7857.639, 8028.49600000001, 
    7865.99299999999, 8274.10999999999), RS.cost = c(9.08821, 
    8.926, 2.95306, 6.65375, 3.78788, 2.88424, 1.18601, 5.8393, 
    2.82339, 0.75277, 3.05166), RS.gamma = c(-14.34434, -14.91242, 
    -6.04428, -11.77318, -6.52338, -7.45124, -4.62563, -9.21736, 
    -5.8048, -4.44881, -6.18595), RS.data.balancing = c(0, 0, 
    0, 0, 0, 0, 0, 0, 0, 0, 0), RS.feature.selection = c(0, 0, 
    0, 0, 0, 0, 0, 0, 0, 0, 0), RS.valid.acc = c(0.97857, 0.97126, 
    0.97335, 0.97552, 0.97481, 0.97885, 0.97318, 0.97921, 0.97839, 
    0.98127, 0.98233), RS.test.acc = c(0.97512, 0.96491, 0.96461, 
    0.96726, 0.96981, 0.97409, 0.96444, 0.96874, 0.97239, 0.97568, 
    0.97707), RS.train.time = c(0.0326, 0.0351, 0.0363, 0.0384, 
    0.0399, 0.043, 0.0535, 0.0431, 0.0483, 0.0671, 0.0543), RS.n.support.vectors = c(39.2, 
    48.4, 45.8, 47, 46.2, 52.9, 88.4, 43.4, 59.2, 108.9, 58.5
    ), RS.index = c(138, 421, 109, 44, 1193, 1792, 2047, 2310, 
    74, 2053, 865), RS.n.solutions = c(21, 5, 13, 14, 4, 2, 1, 
    1, 4, 1, 1), RS.generations = c(100, 100, 100, 100, 100, 
    100, 100, 100, 100, 100, 100), RS.n.evaluations = c(2500, 
    2500, 2500, 2500, 2500, 2500, 2500, 2500, 2500, 2500, 2500
    ), RS.cpu.time = c(7796.144, 7820.698, 7949.027, 8066.894, 
    8198.671, 8387.52299999999, 8669.591, 8851.879, 8976.932, 
    9034.27500000002, 9613.74099999998), DF.cost = c(1, 1, 1, 
    1, 1, 1, 1, 1, 1, 1, 1), DF.gamma = c(0.03333, 0.03333, 0.03333, 
    0.03333, 0.03333, 0.03333, 0.03333, 0.03333, 0.03333, 0.03333, 
    0.03333), DF.data.balancing = c(0, 0, 0, 0, 0, 0, 0, 0, 0, 
    0, 0), DF.feature.selection = c(0, 0, 0, 0, 0, 0, 0, 0, 0, 
    0, 0), DF.valid.acc = c(0.96798, 0.95501, 0.96747, 0.96193, 
    0.95981, 0.9624, 0.96888, 0.97074, 0.97043, 0.97383, 0.97177
    ), DF.test.acc = c(0.9681, 0.95845, 0.95873, 0.96726, 0.96474, 
    0.96235, 0.96661, 0.97287, 0.97235, 0.97194, 0.97174), DF.train.time = c(0.0366, 
    0.0388, 0.0418, 0.0449, 0.0485, 0.0511, 0.0544, 0.053, 0.0584, 
    0.0647, 0.0672), DF.n.support.vectors = c(68.4, 73.3, 78.1, 
    82.8, 89.9, 90.1, 92.6, 95.3, 98.5, 101.1, 106.9), DF.index = c(1, 
    1, 1, 1, 1, 1, 1, 1, 1, 1, 1), DF.n.solutions = c(1, 1, 1, 
    1, 1, 1, 1, 1, 1, 1, 1), DF.generations = c(1, 1, 1, 1, 1, 
    1, 1, 1, 1, 1, 1), DF.n.evaluations = c(1, 1, 1, 1, 1, 1, 
    1, 1, 1, 1, 1), DF.cpu.time = c(3.028, 2.957, 3.027, 3.062, 
    3.088, 3.182, 3.229, 3.264, 3.228, 3.43, 3.392), SMBO.cost = c(2.45689237241924, 
    2.45689237241924, 2.45689237241924, 2.45689237241924, 2.45689237241924, 
    2.45689237241924, 2.45689237241924, 2.45689237241924, 2.45689237241924, 
    2.45689237241924, 2.45689237241924), SMBO.gamma = c(-6.10946527795289, 
    -6.10946527795289, -6.10946527795289, -6.10946527795289, 
    -6.10946527795289, -6.10946527795289, -6.10946527795289, 
    -6.10946527795289, -6.10946527795289, -6.10946527795289, 
    -6.10946527795289), SMBO.balanced.test.accuracy = c(0.980768537956093, 
    0.980768537956093, 0.980768537956093, 0.980768537956093, 
    0.980768537956093, 0.980768537956093, 0.980768537956093, 
    0.980768537956093, 0.980768537956093, 0.980768537956093, 
    0.980768537956093)), .Names = c("Sampling", "PSO.cost", "PSO.gamma", 
"PSO.data.balancing", "PSO.feature.selection", "PSO.valid.acc", 
"PSO.test.acc", "PSO.train.time", "PSO.n.support.vectors", "PSO.index", 
"PSO.n.solutions", "PSO.generations", "PSO.n.evaluations", "PSO.cpu.time", 
"RS.cost", "RS.gamma", "RS.data.balancing", "RS.feature.selection", 
"RS.valid.acc", "RS.test.acc", "RS.train.time", "RS.n.support.vectors", 
"RS.index", "RS.n.solutions", "RS.generations", "RS.n.evaluations", 
"RS.cpu.time", "DF.cost", "DF.gamma", "DF.data.balancing", "DF.feature.selection", 
"DF.valid.acc", "DF.test.acc", "DF.train.time", "DF.n.support.vectors", 
"DF.index", "DF.n.solutions", "DF.generations", "DF.n.evaluations", 
"DF.cpu.time", "SMBO.cost", "SMBO.gamma", "SMBO.balanced.test.accuracy"
), row.names = c(NA, -11L), class = "data.frame")
