new.sol <-
structure(list(Sampling = c(50, 55, 60, 65, 70, 75, 80, 85, 90, 
95, 100), PSO.cost = c(7.20467, 10.83089, 3.91627, 2.45721, 1.9062, 
3.59206, 9.90259, 8.94315, 9.18837, 4.76107, 3.05235), PSO.gamma = c(-9.94565, 
-15, -6.33124, -6.55347, -4.62227, -4.7004, -15, -12.69863, -12.6703, 
-8.08316, -6.6752), PSO.data.balancing = c(0, 0, 0, 0, 0, 0, 
0, 0, 0, 0, 0), PSO.feature.selection = c(0, 0, 0, 0, 0, 0, 0, 
0, 0, 0, 0), PSO.valid.acc = c(0.97855, 0.97429, 0.97629, 0.97012, 
0.97493, 0.98122, 0.98459, 0.98333, 0.98031, 0.9833, 0.98418), 
    PSO.test.acc = c(0.96809, 0.96462, 0.97041, 0.96208, 0.96987, 
    0.97646, 0.98014, 0.98333, 0.97631, 0.98145, 0.97885), PSO.train.time = c(0.0299, 
    0.0331, 0.0336, 0.0349, 0.0451, 0.047, 0.0408, 0.0409, 0.0447, 
    0.0452, 0.0502), PSO.n.support.vectors = c(28.3, 34.9, 38.6, 
    46.9, 77.9, 72.5, 50.3, 41.2, 42.6, 44.3, 57.1), PSO.index = c(41, 
    436, 76, 589, 474, 42, 80, 104, 45, 170, 237), PSO.n.solutions = c(504, 
    473, 334, 89, 131, 908, 93, 221, 310, 560, 399), PSO.generations = c(100, 
    100, 100, 100, 100, 100, 100, 100, 100, 100, 100), PSO.n.evaluations = c(2500, 
    2500, 2500, 2500, 2500, 2500, 2500, 2500, 2500, 2500, 2500
    ), PSO.cpu.time = c(6779.566, 7207.848, 7298.999, 7118.344, 
    7541.85799999999, 7994.35800000001, 6777.579, 7397.341, 7371.553, 
    7107.489, 7541.29599999997), RS.cost = c(9.27239, 10.34509, 
    1.15333, 2.60491, 1.598, 2.83577, 7.0069, 10.57305, 3.89961, 
    4.92544, 3.92405), RS.gamma = c(-13.37068, -13.70394, -4.24708, 
    -6.72174, -4.41065, -4.57207, -12.09942, -14.34835, -6.9046, 
    -8.55404, -7.07638), RS.data.balancing = c(0, 0, 0, 0, 0, 
    0, 0, 0, 0, 0, 0), RS.feature.selection = c(0, 0, 0, 0, 0, 
    0, 0, 0, 0, 0, 0), RS.valid.acc = c(0.97855, 0.97429, 0.97629, 
    0.97012, 0.97493, 0.98122, 0.98459, 0.98333, 0.98035, 0.9833, 
    0.98418), RS.test.acc = c(0.96451, 0.96462, 0.97041, 0.95937, 
    0.97237, 0.97884, 0.98232, 0.98333, 0.97443, 0.98145, 0.97002
    ), RS.train.time = c(0.0314, 0.0317, 0.0416, 0.036, 0.0471, 
    0.046, 0.0405, 0.0417, 0.0423, 0.0456, 0.0477), RS.n.support.vectors = c(35.2, 
    30.1, 87.3, 45.4, 87.9, 79.2, 50.4, 41.3, 47.3, 46.2, 49.7
    ), RS.index = c(137, 340, 458, 750, 429, 5, 376, 218, 477, 
    92, 846), RS.n.solutions = c(23, 1, 11, 1, 2, 7, 3, 8, 1, 
    4, 3), RS.generations = c(100, 100, 100, 100, 100, 100, 100, 
    100, 100, 100, 100), RS.n.evaluations = c(2500, 2500, 2500, 
    2500, 2500, 2500, 2500, 2500, 2500, 2500, 2500), RS.cpu.time = c(7710.456, 
    7659.803, 7320.323, 7801.809, 7888.053, 7970.41, 7835.731, 
    8336.85799999999, 8225.08300000001, 8415.42899999997, 8563.163
    ), DF.cost = c(1, 1, 1, 1, 1, 1, 1, 1, 1, 1, 1), DF.gamma = c(0.03333, 
    0.03333, 0.03333, 0.03333, 0.03333, 0.03333, 0.03333, 0.03333, 
    0.03333, 0.03333, 0.03333), DF.data.balancing = c(0, 0, 0, 
    0, 0, 0, 0, 0, 0, 0, 0), DF.feature.selection = c(0, 0, 0, 
    0, 0, 0, 0, 0, 0, 0, 0), DF.valid.acc = c(0.96426, 0.96784, 
    0.96755, 0.94557, 0.96968, 0.97176, 0.97575, 0.97292, 0.97051, 
    0.97767, 0.97359), DF.test.acc = c(0.95711, 0.97117, 0.97344, 
    0.96741, 0.96486, 0.97884, 0.9757, 0.97083, 0.97247, 0.98141, 
    0.97356), DF.train.time = c(0.0359, 0.0378, 0.0402, 0.0427, 
    0.045, 0.0472, 0.05, 0.0537, 0.0556, 0.0584, 0.0617), DF.n.support.vectors = c(72.6, 
    76, 80, 82.8, 86.5, 89.7, 92.6, 93.4, 97.4, 99.9, 106.5), 
    DF.index = c(1, 1, 1, 1, 1, 1, 1, 1, 1, 1, 1), DF.n.solutions = c(1, 
    1, 1, 1, 1, 1, 1, 1, 1, 1, 1), DF.generations = c(1, 1, 1, 
    1, 1, 1, 1, 1, 1, 1, 1), DF.n.evaluations = c(1, 1, 1, 1, 
    1, 1, 1, 1, 1, 1, 1), DF.cpu.time = c(2.988, 2.933, 2.879, 
    3.036, 2.9, 3.054, 2.812, 2.984, 2.84, 2.907, 2.907), SMBO.cost = c(7.43489540846553, 
    7.43489540846553, 7.43489540846553, 7.43489540846553, 7.43489540846553, 
    7.43489540846553, 7.43489540846553, 7.43489540846553, 7.43489540846553, 
    7.43489540846553, 7.43489540846553), SMBO.gamma = c(-10.4886778198002, 
    -10.4886778198002, -10.4886778198002, -10.4886778198002, 
    -10.4886778198002, -10.4886778198002, -10.4886778198002, 
    -10.4886778198002, -10.4886778198002, -10.4886778198002, 
    -10.4886778198002), SMBO.balanced.test.accuracy = c(0.982565536099415, 
    0.982565536099415, 0.982565536099415, 0.982565536099415, 
    0.982565536099415, 0.982565536099415, 0.982565536099415, 
    0.982565536099415, 0.982565536099415, 0.982565536099415, 
    0.982565536099415)), .Names = c("Sampling", "PSO.cost", "PSO.gamma", 
"PSO.data.balancing", "PSO.feature.selection", "PSO.valid.acc", 
"PSO.test.acc", "PSO.train.time", "PSO.n.support.vectors", "PSO.index", 
"PSO.n.solutions", "PSO.generations", "PSO.n.evaluations", "PSO.cpu.time", 
"RS.cost", "RS.gamma", "RS.data.balancing", "RS.feature.selection", 
"RS.valid.acc", "RS.test.acc", "RS.train.time", "RS.n.support.vectors", 
"RS.index", "RS.n.solutions", "RS.generations", "RS.n.evaluations", 
"RS.cpu.time", "DF.cost", "DF.gamma", "DF.data.balancing", "DF.feature.selection", 
"DF.valid.acc", "DF.test.acc", "DF.train.time", "DF.n.support.vectors", 
"DF.index", "DF.n.solutions", "DF.generations", "DF.n.evaluations", 
"DF.cpu.time", "SMBO.cost", "SMBO.gamma", "SMBO.balanced.test.accuracy"
), row.names = c(NA, -11L), class = "data.frame")
