new.sol <-
structure(list(Sampling = c(50, 55, 60, 65, 70, 75, 80, 85, 90, 
95, 100), PSO.cost = c(15, 9.99356, 11.48295, 4.49852, 3.11974, 
6.22559, 3.6262, 8.23682, 1.35906, 2.58646, 8.73981), PSO.gamma = c(-12.15581, 
-13.00043, -10.55077, -7.78423, -6.77024, -9.69728, -7.18219, 
-13.45312, -6.37049, -6.26381, -13.68402), PSO.data.balancing = c(0, 
0, 0, 0, 0, 0, 0, 0, 0, 0, 0), PSO.feature.selection = c(0, 0, 
0, 0, 0, 0, 0, 0, 0, 0, 0), PSO.valid.acc = c(0.96847, 0.96784, 
0.98235, 0.9729, 0.98231, 0.9763, 0.98454, 0.98125, 0.98424, 
0.98878, 0.98064), PSO.test.acc = c(0.96158, 0.96462, 0.96765, 
0.96201, 0.97481, 0.96678, 0.9801, 0.97717, 0.98027, 0.98501, 
0.97891), PSO.train.time = c(0.0317, 0.0345, 0.0357, 0.0361, 
0.0405, 0.0398, 0.0404, 0.0488, 0.0522, 0.0464, 0.0532), PSO.n.support.vectors = c(21.9, 
30.7, 25.5, 37.6, 44.5, 38.4, 42.6, 55.9, 66.9, 56.4, 59.5), 
    PSO.index = c(177, 107, 89, 41, 596, 246, 323, 622, 274, 
    814, 91), PSO.n.solutions = c(642, 259, 488, 389, 60, 123, 
    136, 40, 590, 124, 237), PSO.generations = c(100, 100, 100, 
    100, 100, 100, 100, 100, 100, 100, 100), PSO.n.evaluations = c(2500, 
    2500, 2500, 2500, 2500, 2500, 2500, 2500, 2500, 2500, 2500
    ), PSO.cpu.time = c(7230.006, 7765.412, 7822.777, 7944.272, 
    7930.164, 7710.167, 7735.29400000001, 7894.51700000001, 7783.61599999999, 
    6909.21900000001, 7015.52900000001), RS.cost = c(11.02149, 
    1.88028, 12.123, 6.09191, 3.46082, 1.95342, 3.7476, 8.55455, 
    0.76961, 3.31948, 6.5421), RS.gamma = c(-10.62342, -5.90762, 
    -11.01513, -8.96772, -5.63024, -5.10172, -7.23004, -13.73464, 
    -5.74029, -6.81866, -11.38639), RS.data.balancing = c(0, 
    0, 0, 0, 0, 0, 0, 0, 0, 0, 0), RS.feature.selection = c(0, 
    0, 0, 0, 0, 0, 0, 0, 0, 0, 0), RS.valid.acc = c(0.96847, 
    0.97097, 0.98235, 0.9729, 0.97987, 0.97625, 0.98454, 0.98125, 
    0.98227, 0.98875, 0.98064), RS.test.acc = c(0.96145, 0.96462, 
    0.96765, 0.95661, 0.97987, 0.97392, 0.9801, 0.97717, 0.97831, 
    0.98686, 0.97891), RS.train.time = c(0.0308, 0.0357, 0.036, 
    0.0373, 0.0398, 0.0475, 0.0417, 0.0457, 0.0488, 0.0454, 0.0491
    ), RS.n.support.vectors = c(23.5, 50, 25.2, 34.5, 47.7, 65.3, 
    42.4, 55.4, 74.4, 50, 59), RS.index = c(394, 46, 87, 128, 
    125, 679, 1444, 167, 2435, 390, 302), RS.n.solutions = c(5, 
    1, 15, 28, 9, 4, 1, 5, 1, 3, 10), RS.generations = c(100, 
    100, 100, 100, 100, 100, 100, 100, 100, 100, 100), RS.n.evaluations = c(2500, 
    2500, 2500, 2500, 2500, 2500, 2500, 2500, 2500, 2500, 2500
    ), RS.cpu.time = c(7723.464, 8168.772, 8320.016, 8389.512, 
    8578.235, 8377.572, 8629.73299999999, 8758.061, 8040.29300000001, 
    8095.454, 8353.14499999999), DF.cost = c(1, 1, 1, 1, 1, 1, 
    1, 1, 1, 1, 1), DF.gamma = c(0.03333, 0.03333, 0.03333, 0.03333, 
    0.03333, 0.03333, 0.03333, 0.03333, 0.03333, 0.03333, 0.03333
    ), DF.data.balancing = c(0, 0, 0, 0, 0, 0, 0, 0, 0, 0, 0), 
    DF.feature.selection = c(0, 0, 0, 0, 0, 0, 0, 0, 0, 0, 0), 
    DF.valid.acc = c(0.95049, 0.96139, 0.96471, 0.96742, 0.96724, 
    0.96672, 0.97348, 0.97087, 0.97435, 0.98124, 0.97537), DF.test.acc = c(0.96453, 
    0.95837, 0.96176, 0.96464, 0.96724, 0.96678, 0.9757, 0.97083, 
    0.97631, 0.9775, 0.97189), DF.train.time = c(0.0369, 0.0391, 
    0.0428, 0.0442, 0.0472, 0.0483, 0.0547, 0.0559, 0.0548, 0.0591, 
    0.0659), DF.n.support.vectors = c(67, 74.2, 76.7, 78.8, 82.4, 
    85, 89.7, 94.7, 96.9, 102.1, 107), DF.index = c(1, 1, 1, 
    1, 1, 1, 1, 1, 1, 1, 1), DF.n.solutions = c(1, 1, 1, 1, 1, 
    1, 1, 1, 1, 1, 1), DF.generations = c(1, 1, 1, 1, 1, 1, 1, 
    1, 1, 1, 1), DF.n.evaluations = c(1, 1, 1, 1, 1, 1, 1, 1, 
    1, 1, 1), DF.cpu.time = c(3.045, 3.202, 3.293, 3.287, 3.272, 
    3.092, 3.215, 3.152, 2.769, 2.851, 3.038), SMBO.cost = c(11.0422496374569, 
    11.0422496374569, 11.0422496374569, 11.0422496374569, 11.0422496374569, 
    11.0422496374569, 11.0422496374569, 11.0422496374569, 11.0422496374569, 
    11.0422496374569, 11.0422496374569), SMBO.gamma = c(-14.4846916875468, 
    -14.4846916875468, -14.4846916875468, -14.4846916875468, 
    -14.4846916875468, -14.4846916875468, -14.4846916875468, 
    -14.4846916875468, -14.4846916875468, -14.4846916875468, 
    -14.4846916875468), SMBO.balanced.test.accuracy = c(0.981119730997422, 
    0.981119730997422, 0.981119730997422, 0.981119730997422, 
    0.981119730997422, 0.981119730997422, 0.981119730997422, 
    0.981119730997422, 0.981119730997422, 0.981119730997422, 
    0.981119730997422)), .Names = c("Sampling", "PSO.cost", "PSO.gamma", 
"PSO.data.balancing", "PSO.feature.selection", "PSO.valid.acc", 
"PSO.test.acc", "PSO.train.time", "PSO.n.support.vectors", "PSO.index", 
"PSO.n.solutions", "PSO.generations", "PSO.n.evaluations", "PSO.cpu.time", 
"RS.cost", "RS.gamma", "RS.data.balancing", "RS.feature.selection", 
"RS.valid.acc", "RS.test.acc", "RS.train.time", "RS.n.support.vectors", 
"RS.index", "RS.n.solutions", "RS.generations", "RS.n.evaluations", 
"RS.cpu.time", "DF.cost", "DF.gamma", "DF.data.balancing", "DF.feature.selection", 
"DF.valid.acc", "DF.test.acc", "DF.train.time", "DF.n.support.vectors", 
"DF.index", "DF.n.solutions", "DF.generations", "DF.n.evaluations", 
"DF.cpu.time", "SMBO.cost", "SMBO.gamma", "SMBO.balanced.test.accuracy"
), row.names = c(NA, -11L), class = "data.frame")
