new.sol <-
structure(list(Sampling = c(50, 55, 60, 65, 70, 75, 80, 85, 90, 
95, 100), PSO.cost = c(4.01104, 2.9771, 12.356, 2.31341, 4.03182, 
3.38, 5.09822, 10.44694, 8.30074, 8.05546, 2.32895), PSO.gamma = c(-6.94002, 
-5.56361, -15, -6.5744, -7.31407, -7.64201, -9.4397, -14.54084, 
-12.5504, -13.04749, -7.21671), PSO.data.balancing = c(0, 0, 
0, 0, 0, 0, 0, 0, 0, 0, 0), PSO.feature.selection = c(0, 0, 0, 
0, 0, 0, 0, 0, 0, 0, 0), PSO.valid.acc = c(0.97869, 0.98397, 
0.98261, 0.98093, 0.98474, 0.98117, 0.98464, 0.98338, 0.98035, 
0.98508, 0.98424), PSO.test.acc = c(0.97869, 0.97752, 0.97084, 
0.97274, 0.98224, 0.97885, 0.98464, 0.98129, 0.98231, 0.98882, 
0.97901), PSO.train.time = c(0.0317, 0.0308, 0.0318, 0.0352, 
0.0347, 0.039, 0.0396, 0.0424, 0.0434, 0.0474, 0.0537), PSO.n.support.vectors = c(30, 
42.8, 27.8, 44.6, 37, 44.3, 45.2, 43.5, 45.4, 54.5, 65.1), PSO.index = c(60, 
367, 445, 252, 772, 831, 1171, 37, 57, 35, 155), PSO.n.solutions = c(1009, 
214, 275, 283, 305, 16, 14, 233, 663, 1279, 548), PSO.generations = c(100, 
100, 100, 100, 100, 100, 100, 100, 100, 100, 100), PSO.n.evaluations = c(2500, 
2500, 2500, 2500, 2500, 2500, 2500, 2500, 2500, 2500, 2500), 
    PSO.cpu.time = c(6771.973, 6857.548, 7054.246, 7034.068, 
    7091.561, 7686.54699999999, 7324.845, 7360.93800000001, 7346.17199999999, 
    7737.22099999999, 7832.45600000001), RS.cost = c(2.97546, 
    1.2945, 11.31243, 2.01377, 4.14313, 3.28368, 3.09943, 7.65695, 
    8.53544, 6.25665, 2.328), RS.gamma = c(-4.63671, -6.2253, 
    -13.96356, -6.48088, -7.512, -7.53279, -7.25358, -12.06991, 
    -12.95021, -10.54329, -7.1352), RS.data.balancing = c(0, 
    0, 0, 0, 0, 0, 0, 0, 0, 0, 0), RS.feature.selection = c(0, 
    0, 0, 0, 0, 0, 0, 0, 0, 0, 0), RS.valid.acc = c(0.97869, 
    0.98085, 0.98261, 0.98093, 0.98474, 0.98117, 0.98246, 0.98338, 
    0.98035, 0.98697, 0.98424), RS.test.acc = c(0.97167, 0.97752, 
    0.97084, 0.97282, 0.98474, 0.97885, 0.98464, 0.98338, 0.98231, 
    0.98697, 0.97901), RS.train.time = c(0.0327, 0.032, 0.0334, 
    0.0354, 0.036, 0.0401, 0.0432, 0.0433, 0.0447, 0.0473, 0.0524
    ), RS.n.support.vectors = c(56.9, 47.3, 27.8, 46, 36.3, 44.3, 
    48.7, 46.3, 47.4, 47.6, 64.5), RS.index = c(28, 134, 157, 
    576, 256, 1283, 23, 78, 40, 1829, 304), RS.n.solutions = c(37, 
    6, 1, 3, 5, 2, 13, 19, 28, 1, 3), RS.generations = c(100, 
    100, 100, 100, 100, 100, 100, 100, 100, 100, 100), RS.n.evaluations = c(2500, 
    2500, 2500, 2500, 2500, 2500, 2500, 2500, 2500, 2500, 2500
    ), RS.cpu.time = c(6988.744, 7321.879, 7444.163, 7742.521, 
    7839.044, 8281.826, 8514.29299999999, 8196.76300000001, 8635.98499999999, 
    9000.01300000001, 9294.58499999999), DF.cost = c(1, 1, 1, 
    1, 1, 1, 1, 1, 1, 1, 1), DF.gamma = c(0.03333, 0.03333, 0.03333, 
    0.03333, 0.03333, 0.03333, 0.03333, 0.03333, 0.03333, 0.03333, 
    0.03333), DF.data.balancing = c(0, 0, 0, 0, 0, 0, 0, 0, 0, 
    0, 0), DF.feature.selection = c(0, 0, 0, 0, 0, 0, 0, 0, 0, 
    0, 0), DF.valid.acc = c(0.97167, 0.9745, 0.97344, 0.97026, 
    0.97468, 0.97408, 0.97579, 0.97087, 0.97643, 0.97757, 0.97544
    ), DF.test.acc = c(0.96453, 0.9744, 0.97049, 0.97019, 0.97205, 
    0.97408, 0.97347, 0.97504, 0.97055, 0.97942, 0.97544), DF.train.time = c(0.0328, 
    0.0378, 0.0401, 0.0432, 0.0442, 0.047, 0.0499, 0.0545, 0.0593, 
    0.0598, 0.0649), DF.n.support.vectors = c(67.8, 71.5, 75.6, 
    79.5, 81.1, 86.4, 89.6, 94.3, 97.9, 100.7, 106.5), DF.index = c(1, 
    1, 1, 1, 1, 1, 1, 1, 1, 1, 1), DF.n.solutions = c(1, 1, 1, 
    1, 1, 1, 1, 1, 1, 1, 1), DF.generations = c(1, 1, 1, 1, 1, 
    1, 1, 1, 1, 1, 1), DF.n.evaluations = c(1, 1, 1, 1, 1, 1, 
    1, 1, 1, 1, 1), DF.cpu.time = c(2.547, 2.988, 2.814, 3.012, 
    2.848, 2.899, 2.95, 2.963, 3.238, 3.035, 3.145), SMBO.cost = c(3.73162843757076, 
    3.73162843757076, 3.73162843757076, 3.73162843757076, 3.73162843757076, 
    3.73162843757076, 3.73162843757076, 3.73162843757076, 3.73162843757076, 
    3.73162843757076, 3.73162843757076), SMBO.gamma = c(-7.41470436338502, 
    -7.41470436338502, -7.41470436338502, -7.41470436338502, 
    -7.41470436338502, -7.41470436338502, -7.41470436338502, 
    -7.41470436338502, -7.41470436338502, -7.41470436338502, 
    -7.41470436338502), SMBO.balanced.test.accuracy = c(0.979401276276276, 
    0.979401276276276, 0.979401276276276, 0.979401276276276, 
    0.979401276276276, 0.979401276276276, 0.979401276276276, 
    0.979401276276276, 0.979401276276276, 0.979401276276276, 
    0.979401276276276)), .Names = c("Sampling", "PSO.cost", "PSO.gamma", 
"PSO.data.balancing", "PSO.feature.selection", "PSO.valid.acc", 
"PSO.test.acc", "PSO.train.time", "PSO.n.support.vectors", "PSO.index", 
"PSO.n.solutions", "PSO.generations", "PSO.n.evaluations", "PSO.cpu.time", 
"RS.cost", "RS.gamma", "RS.data.balancing", "RS.feature.selection", 
"RS.valid.acc", "RS.test.acc", "RS.train.time", "RS.n.support.vectors", 
"RS.index", "RS.n.solutions", "RS.generations", "RS.n.evaluations", 
"RS.cpu.time", "DF.cost", "DF.gamma", "DF.data.balancing", "DF.feature.selection", 
"DF.valid.acc", "DF.test.acc", "DF.train.time", "DF.n.support.vectors", 
"DF.index", "DF.n.solutions", "DF.generations", "DF.n.evaluations", 
"DF.cpu.time", "SMBO.cost", "SMBO.gamma", "SMBO.balanced.test.accuracy"
), row.names = c(NA, -11L), class = "data.frame")
