new.sol <-
structure(list(Sampling = c(50, 55, 60, 65, 70, 75, 80, 85, 90, 
95, 100), PSO.cost = c(5.82544, 12.73644, 12.33548, 13.14015, 
2.44312, 12.93654, 11.40113, 2.85728, 2.29771, 3.39075, 6.46985
), PSO.gamma = c(-10.91929, -15, -15, -15, -6.11559, -13.38089, 
-13.69988, -5.55617, -5.69373, -5.05102, -11.55051), PSO.data.balancing = c(0, 
0, 0, 0, 0, 0, 0, 0, 0, 0, 0), PSO.feature.selection = c(0, 0, 
0, 0, 0, 0, 0, 0, 0, 0, 0), PSO.valid.acc = c(0.97549, 0.98075, 
0.97361, 0.98078, 0.97981, 0.98594, 0.98894, 0.9875, 0.98612, 
0.98326, 0.9771), PSO.test.acc = c(0.96835, 0.96784, 0.96773, 
0.97808, 0.97724, 0.98832, 0.98232, 0.98542, 0.98027, 0.97582, 
0.97707), PSO.train.time = c(0.0325, 0.0322, 0.0327, 0.0334, 
0.0369, 0.0369, 0.0393, 0.0426, 0.047, 0.0496, 0.0545), PSO.n.support.vectors = c(44.3, 
27.6, 29.6, 26.4, 49.5, 24.8, 29.9, 57.1, 60, 70.6, 61.5), PSO.index = c(118, 
859, 145, 128, 538, 118, 977, 270, 1243, 729, 1730), PSO.n.solutions = c(69, 
87, 237, 341, 421, 207, 141, 390, 100, 58, 1), PSO.generations = c(100, 
100, 100, 100, 100, 100, 100, 100, 100, 100, 100), PSO.n.evaluations = c(2500, 
2500, 2500, 2500, 2500, 2500, 2500, 2500, 2500, 2500, 2500), 
    PSO.cpu.time = c(6753.933, 7515.889, 7436.945, 7015.204, 
    7063.943, 7202.443, 7841.618, 6788.04699999999, 7476.765, 
    7523.27600000001, 8046.44), RS.cost = c(5.98487, 12.18074, 
    0.7014, 13.32937, 2.48494, 11.29194, 11.56065, 1.82822, 2.4944, 
    3.49327, 1.98613), RS.gamma = c(-10.38165, -14.35236, -7.65749, 
    -14.99227, -6.16263, -11.41379, -13.84304, -5.45371, -6.40329, 
    -5.00909, -5.89719), RS.data.balancing = c(0, 0, 0, 0, 0, 
    0, 0, 0, 0, 0, 0), RS.feature.selection = c(0, 0, 0, 0, 0, 
    0, 0, 0, 0, 0, 0), RS.valid.acc = c(0.97204, 0.97752, 0.97637, 
    0.98078, 0.97981, 0.98599, 0.98894, 0.9875, 0.98612, 0.98326, 
    0.97882), RS.test.acc = c(0.96133, 0.96784, 0.96486, 0.9753, 
    0.97724, 0.98128, 0.98232, 0.98542, 0.97827, 0.97582, 0.97879
    ), RS.train.time = c(0.0302, 0.0324, 0.0402, 0.0333, 0.0386, 
    0.0357, 0.0371, 0.0459, 0.0449, 0.0532, 0.0532), RS.n.support.vectors = c(38.9, 
    27, 73.1, 26.1, 49.2, 25.1, 29.8, 65.8, 54.8, 71.3, 69), 
    RS.index = c(27, 149, 115, 34, 1608, 826, 1708, 2082, 1755, 
    323, 303), RS.n.solutions = c(9, 16, 5, 4, 1, 1, 2, 1, 1, 
    2, 4), RS.generations = c(100, 100, 100, 100, 100, 100, 100, 
    100, 100, 100, 100), RS.n.evaluations = c(2500, 2500, 2500, 
    2500, 2500, 2500, 2500, 2500, 2500, 2500, 2500), RS.cpu.time = c(7266.473, 
    7825.329, 7473.025, 7890.838, 7772.338, 8177.21799999999, 
    7949.05500000001, 7994.939, 8279.48899999999, 8838.96099999998, 
    9166.91799999998), DF.cost = c(1, 1, 1, 1, 1, 1, 1, 1, 1, 
    1, 1), DF.gamma = c(0.03333, 0.03333, 0.03333, 0.03333, 0.03333, 
    0.03333, 0.03333, 0.03333, 0.03333, 0.03333, 0.03333), DF.data.balancing = c(0, 
    0, 0, 0, 0, 0, 0, 0, 0, 0, 0), DF.feature.selection = c(0, 
    0, 0, 0, 0, 0, 0, 0, 0, 0, 0), DF.valid.acc = c(0.958, 0.96784, 
    0.96763, 0.96456, 0.97224, 0.97176, 0.97126, 0.97917, 0.97635, 
    0.97397, 0.97528), DF.test.acc = c(0.96835, 0.96139, 0.97066, 
    0.96734, 0.97474, 0.97414, 0.97787, 0.98125, 0.97239, 0.97397, 
    0.97704), DF.train.time = c(0.0349, 0.0391, 0.0403, 0.0426, 
    0.0469, 0.0501, 0.0489, 0.0559, 0.0583, 0.06, 0.0647), DF.n.support.vectors = c(75.6, 
    78.3, 83.5, 83, 85.8, 88.5, 91.4, 95, 98.1, 99.3, 106.5), 
    DF.index = c(1, 1, 1, 1, 1, 1, 1, 1, 1, 1, 1), DF.n.solutions = c(1, 
    1, 1, 1, 1, 1, 1, 1, 1, 1, 1), DF.generations = c(1, 1, 1, 
    1, 1, 1, 1, 1, 1, 1, 1), DF.n.evaluations = c(1, 1, 1, 1, 
    1, 1, 1, 1, 1, 1, 1), DF.cpu.time = c(2.786, 3.144, 2.768, 
    2.996, 2.951, 3.276, 2.793, 3.095, 3.149, 3.095, 3.114), 
    SMBO.cost = c(4.50279987012997, 4.50279987012997, 4.50279987012997, 
    4.50279987012997, 4.50279987012997, 4.50279987012997, 4.50279987012997, 
    4.50279987012997, 4.50279987012997, 4.50279987012997, 4.50279987012997
    ), SMBO.gamma = c(-6.70830120247352, -6.70830120247352, -6.70830120247352, 
    -6.70830120247352, -6.70830120247352, -6.70830120247352, 
    -6.70830120247352, -6.70830120247352, -6.70830120247352, 
    -6.70830120247352, -6.70830120247352), SMBO.balanced.test.accuracy = c(0.982274336427319, 
    0.982274336427319, 0.982274336427319, 0.982274336427319, 
    0.982274336427319, 0.982274336427319, 0.982274336427319, 
    0.982274336427319, 0.982274336427319, 0.982274336427319, 
    0.982274336427319)), .Names = c("Sampling", "PSO.cost", "PSO.gamma", 
"PSO.data.balancing", "PSO.feature.selection", "PSO.valid.acc", 
"PSO.test.acc", "PSO.train.time", "PSO.n.support.vectors", "PSO.index", 
"PSO.n.solutions", "PSO.generations", "PSO.n.evaluations", "PSO.cpu.time", 
"RS.cost", "RS.gamma", "RS.data.balancing", "RS.feature.selection", 
"RS.valid.acc", "RS.test.acc", "RS.train.time", "RS.n.support.vectors", 
"RS.index", "RS.n.solutions", "RS.generations", "RS.n.evaluations", 
"RS.cpu.time", "DF.cost", "DF.gamma", "DF.data.balancing", "DF.feature.selection", 
"DF.valid.acc", "DF.test.acc", "DF.train.time", "DF.n.support.vectors", 
"DF.index", "DF.n.solutions", "DF.generations", "DF.n.evaluations", 
"DF.cpu.time", "SMBO.cost", "SMBO.gamma", "SMBO.balanced.test.accuracy"
), row.names = c(NA, -11L), class = "data.frame")
