new.sol <-
structure(list(Sampling = c(50, 55, 60, 65, 70, 75, 80, 85, 90, 
95, 100), PSO.cost = c(8.74942, 4.59173, 0.79097, 9.78837, 11.36566, 
12.23427, 12.05657, 10.71183, 11.70401, 11.68187, 14.42853), 
    PSO.gamma = c(-2.02781, -1.34685, -2.30211, -2.31136, -4.94177, 
    -6.14879, -6.82443, -6.24752, -5.08237, -6.84509, -6.22078
    ), PSO.data.balancing = c(0, 0, 0, 0, 0, 0, 0, 0, 0, 0, 0
    ), PSO.feature.selection = c(0, 0, 0, 0, 0, 0, 0, 0, 0, 0, 
    0), PSO.valid.acc = c(0.99579, 0.98857, 0.99307, 0.99521, 
    0.99699, 0.99859, 0.9987, 0.99877, 0.99654, 1, 1), PSO.test.acc = c(0.99579, 
    0.98857, 0.99135, 0.9936, 0.99403, 0.99726, 0.9987, 1, 0.9977, 
    1, 0.99792), PSO.train.time = c(0.095, 0.1154, 0.113, 0.129, 
    0.081, 0.0871, 0.097, 0.1021, 0.1009, 0.1156, 0.122), PSO.n.support.vectors = c(255.9, 
    321, 285.8, 272.3, 103.4, 75.6, 64.4, 74.2, 100.4, 66.7, 
    80), PSO.index = c(108, 47, 2422, 281, 41, 86, 28, 112, 145, 
    8, 65), PSO.n.solutions = c(1398, 1384, 1, 397, 1427, 1363, 
    1515, 1511, 1305, 1465, 690), PSO.generations = c(100, 100, 
    100, 100, 100, 100, 100, 100, 100, 100, 100), PSO.n.evaluations = c(2500, 
    2500, 2500, 2500, 2500, 2500, 2500, 2500, 2500, 2500, 2500
    ), PSO.cpu.time = c(9217.573, 9746.373, 9527.93700000001, 
    10256.602, 8959.27899999999, 9333.455, 9715.38499999999, 
    9940.46799999999, 10151.778, 10264.577, 10846.253), RS.cost = c(13.05115, 
    3.81445, 0.79068, 4.08846, 8.55765, 13.41222, 12.4811, 11.27332, 
    8.55292, 12.72296, 13.21021), RS.gamma = c(-1.79404, -1.32833, 
    -2.32403, -1.70843, -5.50429, -6.17602, -6.98078, -6.37986, 
    -5.18247, -7.16064, -6.25889), RS.data.balancing = c(0, 0, 
    0, 0, 0, 0, 0, 0, 0, 0, 0), RS.feature.selection = c(0, 0, 
    0, 0, 0, 0, 0, 0, 0, 0, 0), RS.valid.acc = c(0.99579, 0.98857, 
    0.99307, 0.9936, 0.99699, 0.99859, 0.9987, 0.99877, 0.99654, 
    1, 1), RS.test.acc = c(0.99375, 0.98857, 0.99135, 0.99199, 
    0.99403, 0.99726, 0.9974, 1, 0.9977, 1, 0.99792), RS.train.time = c(0.094, 
    0.1098, 0.111, 0.1373, 0.0797, 0.0904, 0.0993, 0.1006, 0.1048, 
    0.1243, 0.1221), RS.n.support.vectors = c(272.1, 322.2, 285.8, 
    322.8, 89.4, 75.7, 61.6, 71.7, 97.9, 63.9, 79.4), RS.index = c(56, 
    17, 918, 30, 94, 235, 38, 14, 62, 32, 908), RS.n.solutions = c(39, 
    41, 2, 92, 39, 14, 86, 45, 27, 76, 6), RS.generations = c(100, 
    100, 100, 100, 100, 100, 100, 100, 100, 100, 100), RS.n.evaluations = c(2500, 
    2500, 2500, 2500, 2500, 2500, 2500, 2500, 2500, 2500, 2500
    ), RS.cpu.time = c(9811.536, 9836.676, 10531.388, 11031.502, 
    11569.912, 12489.852, 13281.488, 13652.372, 14405.297, 15075.402, 
    15911.546), DF.cost = c(1, 1, 1, 1, 1, 1, 1, 1, 1, 1, 1), 
    DF.gamma = c(0.11111, 0.11111, 0.11111, 0.11111, 0.11111, 
    0.11111, 0.11111, 0.11111, 0.11111, 0.11111, 0.11111), DF.data.balancing = c(0, 
    0, 0, 0, 0, 0, 0, 0, 0, 0, 0), DF.feature.selection = c(0, 
    0, 0, 0, 0, 0, 0, 0, 0, 0, 0), DF.valid.acc = c(0.89546, 
    0.88784, 0.91306, 0.93907, 0.95676, 0.9722, 0.97394, 0.97793, 
    0.98265, 0.98248, 0.98432), DF.test.acc = c(0.89116, 0.90316, 
    0.91836, 0.93753, 0.95972, 0.96948, 0.96482, 0.97669, 0.98265, 
    0.98248, 0.98328), DF.train.time = c(0.0806, 0.0911, 0.1049, 
    0.1218, 0.1492, 0.1686, 0.1885, 0.2052, 0.235, 0.2445, 0.2711
    ), DF.n.support.vectors = c(269, 288.5, 310.8, 333.4, 355.6, 
    379.1, 402.8, 416.7, 439.9, 460.4, 477.8), DF.index = c(1, 
    1, 1, 1, 1, 1, 1, 1, 1, 1, 1), DF.n.solutions = c(1, 1, 1, 
    1, 1, 1, 1, 1, 1, 1, 1), DF.generations = c(1, 1, 1, 1, 1, 
    1, 1, 1, 1, 1, 1), DF.n.evaluations = c(1, 1, 1, 1, 1, 1, 
    1, 1, 1, 1, 1), DF.cpu.time = c(3.675, 3.731, 3.81, 3.971, 
    4.358, 4.554, 4.809, 4.942, 5.295, 5.331, 5.834), SMBO.cost = c(12.4681086879226, 
    12.4681086879226, 12.4681086879226, 12.4681086879226, 12.4681086879226, 
    12.4681086879226, 12.4681086879226, 12.4681086879226, 12.4681086879226, 
    12.4681086879226, 12.4681086879226), SMBO.gamma = c(-4.77876951272716, 
    -4.77876951272716, -4.77876951272716, -4.77876951272716, 
    -4.77876951272716, -4.77876951272716, -4.77876951272716, 
    -4.77876951272716, -4.77876951272716, -4.77876951272716, 
    -4.77876951272716), SMBO.balanced.test.accuracy = c(0.996969696969697, 
    0.996969696969697, 0.996969696969697, 0.996969696969697, 
    0.996969696969697, 0.996969696969697, 0.996969696969697, 
    0.996969696969697, 0.996969696969697, 0.996969696969697, 
    0.996969696969697)), .Names = c("Sampling", "PSO.cost", "PSO.gamma", 
"PSO.data.balancing", "PSO.feature.selection", "PSO.valid.acc", 
"PSO.test.acc", "PSO.train.time", "PSO.n.support.vectors", "PSO.index", 
"PSO.n.solutions", "PSO.generations", "PSO.n.evaluations", "PSO.cpu.time", 
"RS.cost", "RS.gamma", "RS.data.balancing", "RS.feature.selection", 
"RS.valid.acc", "RS.test.acc", "RS.train.time", "RS.n.support.vectors", 
"RS.index", "RS.n.solutions", "RS.generations", "RS.n.evaluations", 
"RS.cpu.time", "DF.cost", "DF.gamma", "DF.data.balancing", "DF.feature.selection", 
"DF.valid.acc", "DF.test.acc", "DF.train.time", "DF.n.support.vectors", 
"DF.index", "DF.n.solutions", "DF.generations", "DF.n.evaluations", 
"DF.cpu.time", "SMBO.cost", "SMBO.gamma", "SMBO.balanced.test.accuracy"
), row.names = c(NA, -11L), class = "data.frame")
