new.sol <-
structure(list(Sampling = c(50, 55, 60, 65, 70, 75, 80, 85, 90, 
95, 100), PSO.cost = c(14.87296, 12.73558, 15, 11.39432, 15, 
11.52637, 14.43936, 11.8005, 14.14707, 11.14085, 14.53437), PSO.gamma = c(-1.60224, 
-5.36536, -7.52846, -2.77342, -6.25488, -6.16375, -6.70104, -6.54259, 
-7.44317, -6.6038, -8.69181), PSO.data.balancing = c(0, 0, 0, 
0, 0, 0, 0, 0, 0, 0, 0), PSO.feature.selection = c(0, 0, 0, 0, 
0, 0, 0, 0, 0, 0, 0), PSO.valid.acc = c(0.99588, 0.99238, 0.99129, 
0.99355, 0.99701, 0.99722, 0.9987, 0.99877, 1, 0.99891, 1), PSO.test.acc = c(0.99175, 
0.98665, 0.98778, 0.99355, 0.99552, 1, 1, 0.99633, 1, 1, 0.99895
), PSO.train.time = c(0.0954, 0.0616, 0.0715, 0.1111, 0.0781, 
0.0813, 0.0928, 0.1009, 0.1174, 0.1168, 0.2202), PSO.n.support.vectors = c(281, 
84.6, 53.8, 233.8, 70.2, 70.3, 63.9, 68.8, 57.4, 70.5, 54.5), 
    PSO.index = c(24, 35, 59, 31, 59, 27, 4, 37, 3, 2, 12), PSO.n.solutions = c(1452, 
    1118, 830, 1578, 1593, 1512, 1559, 1790, 1583, 1434, 1587
    ), PSO.generations = c(100, 100, 100, 100, 100, 100, 100, 
    100, 100, 100, 100), PSO.n.evaluations = c(2500, 2500, 2500, 
    2500, 2500, 2500, 2500, 2500, 2500, 2500, 2500), PSO.cpu.time = c(8488.754, 
    7829.213, 8455.348, 9349.376, 8270.126, 8626.77, 9067.01300000001, 
    8943.535, 9265.478, 9837.484, 9916.81099999999), RS.cost = c(7.68752, 
    14.29112, 12.79245, 5.10679, 12.62959, 11.91555, 10.60802, 
    11.58439, 10.34084, 13.62374, 11.88654), RS.gamma = c(-1.61339, 
    -6.21617, -7.76378, -2.12255, -6.50253, -6.04514, -5.40714, 
    -7.38753, -6.53205, -7.16325, -7.41044), RS.data.balancing = c(0, 
    0, 0, 0, 0, 0, 0, 0, 0, 0, 0), RS.feature.selection = c(0, 
    0, 0, 0, 0, 0, 0, 0, 0, 0, 0), RS.valid.acc = c(0.99588, 
    0.99238, 0.99129, 0.99355, 0.99701, 0.99722, 0.9987, 0.99877, 
    1, 0.99891, 1), RS.test.acc = c(0.99175, 0.98665, 0.98778, 
    0.99191, 0.99403, 1, 1, 0.99633, 1, 1, 1), RS.train.time = c(0.0943, 
    0.0601, 0.0766, 0.1323, 0.0779, 0.0798, 0.0889, 0.1104, 0.104, 
    0.1274, 0.1416), RS.n.support.vectors = c(280.1, 65.7, 52.4, 
    284.3, 66.5, 72.3, 88.6, 61.8, 69.5, 64.2, 64.1), RS.index = c(255, 
    47, 12, 2, 14, 1, 19, 66, 44, 12, 35), RS.n.solutions = c(54, 
    44, 34, 190, 57, 130, 86, 59, 103, 50, 68), RS.generations = c(100, 
    100, 100, 100, 100, 100, 100, 100, 100, 100, 100), RS.n.evaluations = c(2500, 
    2500, 2500, 2500, 2500, 2500, 2500, 2500, 2500, 2500, 2500
    ), RS.cpu.time = c(8914.389, 9317.205, 9724.88299999999, 
    10311.518, 10884.405, 11476.191, 12212.17, 12571.439, 13173.712, 
    13903.566, 14740.083), DF.cost = c(1, 1, 1, 1, 1, 1, 1, 1, 
    1, 1, 1), DF.gamma = c(0.11111, 0.11111, 0.11111, 0.11111, 
    0.11111, 0.11111, 0.11111, 0.11111, 0.11111, 0.11111, 0.11111
    ), DF.data.balancing = c(0, 0, 0, 0, 0, 0, 0, 0, 0, 0, 0), 
    DF.feature.selection = c(0, 0, 0, 0, 0, 0, 0, 0, 0, 0, 0), 
    DF.valid.acc = c(0.88292, 0.91266, 0.92163, 0.91823, 0.93147, 
    0.95123, 0.95827, 0.97666, 0.98148, 0.98251, 0.98328), DF.test.acc = c(0.88925, 
    0.90689, 0.91479, 0.91352, 0.92998, 0.95538, 0.9583, 0.97422, 
    0.98149, 0.98251, 0.98328), DF.train.time = c(0.0793, 0.095, 
    0.1064, 0.1258, 0.1384, 0.1614, 0.1782, 0.2059, 0.2103, 0.2321, 
    0.2662), DF.n.support.vectors = c(270.5, 294.4, 304.6, 327.2, 
    352.4, 373.3, 394, 419.1, 435.7, 456.5, 476.6), DF.index = c(1, 
    1, 1, 1, 1, 1, 1, 1, 1, 1, 1), DF.n.solutions = c(1, 1, 1, 
    1, 1, 1, 1, 1, 1, 1, 1), DF.generations = c(1, 1, 1, 1, 1, 
    1, 1, 1, 1, 1, 1), DF.n.evaluations = c(1, 1, 1, 1, 1, 1, 
    1, 1, 1, 1, 1), DF.cpu.time = c(3.266, 3.465, 3.565, 3.829, 
    3.878, 4.182, 4.349, 4.72, 4.574, 4.792, 5.25), SMBO.cost = c(3.03351552060165, 
    3.03351552060165, 3.03351552060165, 3.03351552060165, 3.03351552060165, 
    3.03351552060165, 3.03351552060165, 3.03351552060165, 3.03351552060165, 
    3.03351552060165, 3.03351552060165), SMBO.gamma = c(-1.98164256098805, 
    -1.98164256098805, -1.98164256098805, -1.98164256098805, 
    -1.98164256098805, -1.98164256098805, -1.98164256098805, 
    -1.98164256098805, -1.98164256098805, -1.98164256098805, 
    -1.98164256098805), SMBO.balanced.test.accuracy = c(0.995107183766978, 
    0.995107183766978, 0.995107183766978, 0.995107183766978, 
    0.995107183766978, 0.995107183766978, 0.995107183766978, 
    0.995107183766978, 0.995107183766978, 0.995107183766978, 
    0.995107183766978)), .Names = c("Sampling", "PSO.cost", "PSO.gamma", 
"PSO.data.balancing", "PSO.feature.selection", "PSO.valid.acc", 
"PSO.test.acc", "PSO.train.time", "PSO.n.support.vectors", "PSO.index", 
"PSO.n.solutions", "PSO.generations", "PSO.n.evaluations", "PSO.cpu.time", 
"RS.cost", "RS.gamma", "RS.data.balancing", "RS.feature.selection", 
"RS.valid.acc", "RS.test.acc", "RS.train.time", "RS.n.support.vectors", 
"RS.index", "RS.n.solutions", "RS.generations", "RS.n.evaluations", 
"RS.cpu.time", "DF.cost", "DF.gamma", "DF.data.balancing", "DF.feature.selection", 
"DF.valid.acc", "DF.test.acc", "DF.train.time", "DF.n.support.vectors", 
"DF.index", "DF.n.solutions", "DF.generations", "DF.n.evaluations", 
"DF.cpu.time", "SMBO.cost", "SMBO.gamma", "SMBO.balanced.test.accuracy"
), row.names = c(NA, -11L), class = "data.frame")
