new.sol <-
structure(list(Sampling = c(50, 55, 60, 65, 70, 75, 80, 85, 90, 
95, 100), PSO.cost = c(10.43892, 10.35594, 13.14199, 13.94795, 
12.66489, 12.62748, 9.26519, 10.8214, 14.47893, 13.38505, 12.08614
), PSO.gamma = c(-5.50467, -4.71001, -5.88911, -7.18905, -7.29412, 
-5.25429, -5.7176, -6.52712, -5.69774, -6.36133, -6.88349), PSO.data.balancing = c(0, 
0, 0, 0, 0, 0, 0, 0, 0, 0, 0), PSO.feature.selection = c(0, 0, 
0, 0, 0, 0, 0, 0, 0, 0, 0), PSO.valid.acc = c(0.99792, 0.99056, 
0.99483, 0.99516, 0.9941, 0.99861, 0.9987, 1, 0.99885, 0.99891, 
1), PSO.test.acc = c(0.99583, 0.99049, 0.9931, 0.99357, 0.99258, 
0.99307, 0.99607, 0.99878, 1, 0.9989, 1), PSO.train.time = c(0.0596, 
0.0684, 0.0652, 0.0735, 0.0806, 0.0863, 0.0901, 0.0998, 0.1013, 
0.1118, 0.129), PSO.n.support.vectors = c(86.5, 110.4, 75.1, 
56.3, 58.9, 96.5, 81.3, 68.4, 86.9, 73.8, 68.6), PSO.index = c(84, 
4, 31, 5, 6, 94, 31, 60, 8, 41, 15), PSO.n.solutions = c(1415, 
1298, 1311, 1440, 1304, 1252, 1518, 1676, 1610, 1545, 1665), 
    PSO.generations = c(100, 100, 100, 100, 100, 100, 100, 100, 
    100, 100, 100), PSO.n.evaluations = c(2500, 2500, 2500, 2500, 
    2500, 2500, 2500, 2500, 2500, 2500, 2500), PSO.cpu.time = c(7738.243, 
    8138.676, 7865.321, 8272.94, 9078.406, 8837.36500000001, 
    8864.114, 9178.76199999999, 9336.59, 9918.44099999999, 10180.371
    ), RS.cost = c(13.2388, 9.44635, 10.10435, 13.56949, 14.84951, 
    11.66453, 11.84365, 12.17682, 9.46859, 13.02113, 12.22355
    ), RS.gamma = c(-5.58159, -4.32208, -5.82691, -6.29096, -5.08913, 
    -5.25192, -6.01558, -6.30898, -6.0778, -6.03584, -7.44212
    ), RS.data.balancing = c(0, 0, 0, 0, 0, 0, 0, 0, 0, 0, 0), 
    RS.feature.selection = c(0, 0, 0, 0, 0, 0, 0, 0, 0, 0, 0), 
    RS.valid.acc = c(0.99792, 0.99056, 0.99483, 0.99516, 0.9941, 
    0.99861, 0.9987, 1, 0.99885, 0.99891, 1), RS.test.acc = c(0.99583, 
    0.98864, 0.9931, 0.99357, 0.99557, 0.99307, 0.99607, 0.99878, 
    1, 0.9978, 1), RS.train.time = c(0.059, 0.0721, 0.0651, 0.0729, 
    0.08, 0.0892, 0.0903, 0.0978, 0.1019, 0.1061, 0.149), RS.n.support.vectors = c(84.5, 
    125.5, 76.1, 70.8, 102.5, 96.6, 75, 72, 80.3, 79.6, 63.9), 
    RS.index = c(61, 34, 250, 100, 1, 4, 23, 45, 19, 6, 41), 
    RS.n.solutions = c(25, 100, 12, 33, 186, 7, 45, 54, 77, 102, 
    90), RS.generations = c(100, 100, 100, 100, 100, 100, 100, 
    100, 100, 100, 100), RS.n.evaluations = c(2500, 2500, 2500, 
    2500, 2500, 2500, 2500, 2500, 2500, 2500, 2500), RS.cpu.time = c(9001.726, 
    9402.331, 9899.732, 10550.637, 11183.144, 11913.629, 12566.853, 
    13166.409, 13631.184, 14214.836, 15051.16), DF.cost = c(1, 
    1, 1, 1, 1, 1, 1, 1, 1, 1, 1), DF.gamma = c(0.11111, 0.11111, 
    0.11111, 0.11111, 0.11111, 0.11111, 0.11111, 0.11111, 0.11111, 
    0.11111, 0.11111), DF.data.balancing = c(0, 0, 0, 0, 0, 0, 
    0, 0, 0, 0, 0), DF.feature.selection = c(0, 0, 0, 0, 0, 0, 
    0, 0, 0, 0, 0), DF.valid.acc = c(0.87879, 0.89752, 0.91321, 
    0.93105, 0.94337, 0.95426, 0.97004, 0.98284, 0.98499, 0.98246, 
    0.9833), DF.test.acc = c(0.885, 0.8956, 0.91155, 0.92621, 
    0.9493, 0.95981, 0.96482, 0.98406, 0.98384, 0.98137, 0.9833
    ), DF.train.time = c(0.0776, 0.0902, 0.106, 0.1193, 0.1382, 
    0.1665, 0.1854, 0.1945, 0.2213, 0.2516, 0.2699), DF.n.support.vectors = c(255.6, 
    276.4, 298.4, 325.7, 353.5, 376.4, 397.2, 421.7, 442.5, 458.8, 
    471.4), DF.index = c(1, 1, 1, 1, 1, 1, 1, 1, 1, 1, 1), DF.n.solutions = c(1, 
    1, 1, 1, 1, 1, 1, 1, 1, 1, 1), DF.generations = c(1, 1, 1, 
    1, 1, 1, 1, 1, 1, 1, 1), DF.n.evaluations = c(1, 1, 1, 1, 
    1, 1, 1, 1, 1, 1, 1), DF.cpu.time = c(3.255, 3.431, 3.596, 
    3.804, 3.992, 4.309, 4.5, 4.402, 4.815, 5.26, 5.472), SMBO.cost = c(12.001271049818, 
    12.001271049818, 12.001271049818, 12.001271049818, 12.001271049818, 
    12.001271049818, 12.001271049818, 12.001271049818, 12.001271049818, 
    12.001271049818, 12.001271049818), SMBO.gamma = c(-5.6657378630653, 
    -5.6657378630653, -5.6657378630653, -5.6657378630653, -5.6657378630653, 
    -5.6657378630653, -5.6657378630653, -5.6657378630653, -5.6657378630653, 
    -5.6657378630653, -5.6657378630653), SMBO.balanced.test.accuracy = c(0.998470948012232, 
    0.998470948012232, 0.998470948012232, 0.998470948012232, 
    0.998470948012232, 0.998470948012232, 0.998470948012232, 
    0.998470948012232, 0.998470948012232, 0.998470948012232, 
    0.998470948012232)), .Names = c("Sampling", "PSO.cost", "PSO.gamma", 
"PSO.data.balancing", "PSO.feature.selection", "PSO.valid.acc", 
"PSO.test.acc", "PSO.train.time", "PSO.n.support.vectors", "PSO.index", 
"PSO.n.solutions", "PSO.generations", "PSO.n.evaluations", "PSO.cpu.time", 
"RS.cost", "RS.gamma", "RS.data.balancing", "RS.feature.selection", 
"RS.valid.acc", "RS.test.acc", "RS.train.time", "RS.n.support.vectors", 
"RS.index", "RS.n.solutions", "RS.generations", "RS.n.evaluations", 
"RS.cpu.time", "DF.cost", "DF.gamma", "DF.data.balancing", "DF.feature.selection", 
"DF.valid.acc", "DF.test.acc", "DF.train.time", "DF.n.support.vectors", 
"DF.index", "DF.n.solutions", "DF.generations", "DF.n.evaluations", 
"DF.cpu.time", "SMBO.cost", "SMBO.gamma", "SMBO.balanced.test.accuracy"
), row.names = c(NA, -11L), class = "data.frame")
