new.sol <-
structure(list(Sampling = c(50, 55, 60, 65, 70, 75, 80, 85, 90, 
95, 100), PSO.cost = c(15, 10.6654, 8.54813, 7.34133, 5.07123, 
15, 10.70493, 11.13042, 11.38512, 10.61117, 11.34245), PSO.gamma = c(-2.13591, 
-7.59574, -5.79251, -1.44812, -1.42102, -5.3461, -6.73143, -6.04737, 
-6.35643, -6.63169, -4.78744), PSO.data.balancing = c(0, 0, 0, 
0, 0, 0, 0, 0, 0, 0, 0), PSO.feature.selection = c(0, 0, 0, 0, 
0, 0, 0, 0, 0, 0, 0), PSO.valid.acc = c(0.98746, 0.98864, 0.99295, 
0.99194, 0.99107, 0.99724, 0.99609, 0.99877, 0.99655, 1, 1), 
    PSO.test.acc = c(0.98121, 0.98099, 0.98257, 0.9871, 0.9896, 
    0.99446, 0.99349, 0.99634, 0.99425, 1, 1), PSO.train.time = c(0.0877, 
    0.0631, 0.0456, 0.1555, 0.1749, 0.0792, 0.0612, 0.0901, 0.1017, 
    0.0742, 0.1176), PSO.n.support.vectors = c(241.2, 63.6, 83.2, 
    348.3, 370, 89.9, 67.2, 77.2, 72.9, 71.3, 113.8), PSO.index = c(81, 
    2269, 78, 10, 5, 38, 8, 8, 72, 26, 40), PSO.n.solutions = c(1331, 
    9, 340, 1515, 1408, 1537, 1221, 1509, 1183, 1567, 1602), 
    PSO.generations = c(100, 100, 100, 100, 100, 100, 100, 100, 
    100, 100, 100), PSO.n.evaluations = c(2500, 2500, 2500, 2500, 
    2500, 2500, 2500, 2500, 2500, 2500, 2500), PSO.cpu.time = c(8121.972, 
    10461.514, 9802.163, 11439.267, 11855.622, 8738.38099999999, 
    8675.73000000001, 8280.94700000001, 11078.84, 10584.922, 
    10128.22), RS.cost = c(2.34627, 7.88308, 9.55722, 11.60298, 
    5.38661, 9.20875, 12.90995, 13.69585, 12.46603, 11.06639, 
    11.60836), RS.gamma = c(-1.87693, -5.85331, -6.29164, -7.24178, 
    -1.85182, -5.61637, -6.60893, -6.03569, -6.35165, -5.42068, 
    -5.94614), RS.data.balancing = c(0, 0, 0, 0, 0, 0, 0, 0, 
    0, 0, 0), RS.feature.selection = c(0, 0, 0, 0, 0, 0, 0, 0, 
    0, 0, 0), RS.valid.acc = c(0.98746, 0.98864, 0.99295, 0.99194, 
    0.99107, 0.99724, 0.99609, 0.99877, 0.99655, 1, 1), RS.test.acc = c(0.98121, 
    0.98099, 0.98257, 0.98871, 0.9881, 0.99583, 0.99349, 0.99634, 
    0.99425, 1, 1), RS.train.time = c(0.0605, 0.0663, 0.0721, 
    0.0779, 0.1589, 0.0544, 0.0919, 0.0903, 0.1018, 0.1087, 0.1169
    ), RS.n.support.vectors = c(257.1, 87.4, 73.7, 59.6, 327.9, 
    84.8, 68.9, 77.6, 73, 94, 84.7), RS.index = c(104, 604, 809, 
    13, 12, 77, 9, 74, 3, 2, 4), RS.n.solutions = c(27, 3, 5, 
    137, 164, 26, 36, 56, 22, 126, 159), RS.generations = c(100, 
    100, 100, 100, 100, 100, 100, 100, 100, 100, 100), RS.n.evaluations = c(2500, 
    2500, 2500, 2500, 2500, 2500, 2500, 2500, 2500, 2500, 2500
    ), RS.cpu.time = c(9463.505, 11223.909, 11623.818, 12129.566, 
    12312.328, 10123.289, 12659.826, 14768.341, 15142.516, 16093.333, 
    14843.146), DF.cost = c(1, 1, 1, 1, 1, 1, 1, 1, 1, 1, 1), 
    DF.gamma = c(0.11111, 0.11111, 0.11111, 0.11111, 0.11111, 
    0.11111, 0.11111, 0.11111, 0.11111, 0.11111, 0.11111), DF.data.balancing = c(0, 
    0, 0, 0, 0, 0, 0, 0, 0, 0, 0), DF.feature.selection = c(0, 
    0, 0, 0, 0, 0, 0, 0, 0, 0, 0), DF.valid.acc = c(0.86427, 
    0.88777, 0.91155, 0.92622, 0.9464, 0.96946, 0.97649, 0.98526, 
    0.98494, 0.98461, 0.98332), DF.test.acc = c(0.86427, 0.88589, 
    0.91672, 0.93415, 0.94934, 0.97224, 0.97907, 0.98526, 0.98726, 
    0.98461, 0.98332), DF.train.time = c(0.0815, 0.0625, 0.112, 
    0.1325, 0.142, 0.109, 0.1711, 0.1948, 0.2253, 0.2459, 0.2723
    ), DF.n.support.vectors = c(263, 287.8, 316.6, 335.9, 356.4, 
    378.4, 398.9, 417.6, 438.7, 454.1, 473), DF.index = c(1, 
    1, 1, 1, 1, 1, 1, 1, 1, 1, 1), DF.n.solutions = c(1, 1, 1, 
    1, 1, 1, 1, 1, 1, 1, 1), DF.generations = c(1, 1, 1, 1, 1, 
    1, 1, 1, 1, 1, 1), DF.n.evaluations = c(1, 1, 1, 1, 1, 1, 
    1, 1, 1, 1, 1), DF.cpu.time = c(4.078, 3.207, 4.353, 4.708, 
    3.848, 3.75, 4.04, 5.366, 5.65, 5.082, 5.378), SMBO.cost = c(9.73504005611981, 
    9.73504005611981, 9.73504005611981, 9.73504005611981, 9.73504005611981, 
    9.73504005611981, 9.73504005611981, 9.73504005611981, 9.73504005611981, 
    9.73504005611981, 9.73504005611981), SMBO.gamma = c(-6.15023138690216, 
    -6.15023138690216, -6.15023138690216, -6.15023138690216, 
    -6.15023138690216, -6.15023138690216, -6.15023138690216, 
    -6.15023138690216, -6.15023138690216, -6.15023138690216, 
    -6.15023138690216), SMBO.balanced.test.accuracy = c(0.997413777754037, 
    0.997413777754037, 0.997413777754037, 0.997413777754037, 
    0.997413777754037, 0.997413777754037, 0.997413777754037, 
    0.997413777754037, 0.997413777754037, 0.997413777754037, 
    0.997413777754037)), .Names = c("Sampling", "PSO.cost", "PSO.gamma", 
"PSO.data.balancing", "PSO.feature.selection", "PSO.valid.acc", 
"PSO.test.acc", "PSO.train.time", "PSO.n.support.vectors", "PSO.index", 
"PSO.n.solutions", "PSO.generations", "PSO.n.evaluations", "PSO.cpu.time", 
"RS.cost", "RS.gamma", "RS.data.balancing", "RS.feature.selection", 
"RS.valid.acc", "RS.test.acc", "RS.train.time", "RS.n.support.vectors", 
"RS.index", "RS.n.solutions", "RS.generations", "RS.n.evaluations", 
"RS.cpu.time", "DF.cost", "DF.gamma", "DF.data.balancing", "DF.feature.selection", 
"DF.valid.acc", "DF.test.acc", "DF.train.time", "DF.n.support.vectors", 
"DF.index", "DF.n.solutions", "DF.generations", "DF.n.evaluations", 
"DF.cpu.time", "SMBO.cost", "SMBO.gamma", "SMBO.balanced.test.accuracy"
), row.names = c(NA, -11L), class = "data.frame")
