new.sol <-
structure(list(Sampling = c(50, 55, 60, 65, 70, 75, 80, 85, 90, 
95, 100), PSO.cost = c(14.78172, 12.18118, 6.76248, 9.42669, 
15, 12.25625, 12.99578, 11.12954, 15, 11.61267, 15), PSO.gamma = c(-1.31322, 
-1.06395, -2.12338, -6.1263, -7.22259, -7.58432, -7.86094, -5.99481, 
-7.05294, -6.57559, -5.27872), PSO.data.balancing = c(0, 0, 0, 
0, 0, 0, 0, 0, 0, 0, 0), PSO.feature.selection = c(0, 0, 0, 0, 
0, 0, 0, 0, 0, 0, 0), PSO.valid.acc = c(0.9875, 0.99623, 0.99301, 
0.99521, 0.99701, 0.99861, 1, 1, 1, 0.99891, 1), PSO.test.acc = c(0.98732, 
0.98668, 0.99301, 0.99196, 0.99403, 1, 0.99737, 0.99877, 0.99766, 
1, 1), PSO.train.time = c(0.1016, 0.1223, 0.1162, 0.0718, 0.0922, 
0.1093, 0.1277, 0.0984, 0.1185, 0.1172, 0.1165), PSO.n.support.vectors = c(302.7, 
349.5, 270.1, 71.3, 59.9, 58, 56.5, 82.5, 65.3, 72.1, 100), PSO.index = c(21, 
76, 81, 27, 86, 449, 13, 35, 94, 26, 27), PSO.n.solutions = c(1339, 
1390, 1124, 419, 1081, 229, 1560, 1423, 1339, 1765, 1464), PSO.generations = c(100, 
100, 100, 100, 100, 100, 100, 100, 100, 100, 100), PSO.n.evaluations = c(2500, 
2500, 2500, 2500, 2500, 2500, 2500, 2500, 2500, 2500, 2500), 
    PSO.cpu.time = c(9164.43, 9802.21, 9645.42000000001, 8596.562, 
    9118.745, 9189.80100000001, 9488.97899999999, 9414.31599999999, 
    9681.448, 10117.088, 10688.409), RS.cost = c(7.9192, 2.58114, 
    4.03011, 10.13163, 13.15378, 13.2549, 14.35866, 11.22771, 
    12.25264, 13.27778, 8.8689), RS.gamma = c(-1.73475, -1.17187, 
    -2.35591, -6.70174, -6.92904, -7.62716, -6.92974, -6.22044, 
    -7.31085, -5.96843, -5.43734), RS.data.balancing = c(0, 0, 
    0, 0, 0, 0, 0, 0, 0, 0, 0), RS.feature.selection = c(0, 0, 
    0, 0, 0, 0, 0, 0, 0, 0, 0), RS.valid.acc = c(0.9875, 0.99623, 
    0.99301, 0.99521, 0.99701, 0.99722, 1, 1, 1, 0.99891, 1), 
    RS.test.acc = c(0.98524, 0.98861, 0.99126, 0.99196, 0.99403, 
    1, 0.99868, 0.99753, 0.99766, 1, 1), RS.train.time = c(0.0972, 
    0.1262, 0.119, 0.071, 0.0915, 0.1094, 0.105, 0.104, 0.127, 
    0.115, 0.122), RS.n.support.vectors = c(269.3, 336.3, 256.9, 
    65.9, 63.5, 57.5, 64.7, 77.6, 63.1, 82.7, 96), RS.index = c(39, 
    244, 53, 439, 5, 101, 1, 96, 279, 31, 2), RS.n.solutions = c(58, 
    33, 39, 4, 26, 13, 90, 41, 7, 75, 131), RS.generations = c(100, 
    100, 100, 100, 100, 100, 100, 100, 100, 100, 100), RS.n.evaluations = c(2500, 
    2500, 2500, 2500, 2500, 2500, 2500, 2500, 2500, 2500, 2500
    ), RS.cpu.time = c(9351.354, 9948.019, 10480.148, 10860.209, 
    11300.425, 12106.617, 12850.055, 13376.733, 14290.949, 14861.659, 
    15903.883), DF.cost = c(1, 1, 1, 1, 1, 1, 1, 1, 1, 1, 1), 
    DF.gamma = c(0.11111, 0.11111, 0.11111, 0.11111, 0.11111, 
    0.11111, 0.11111, 0.11111, 0.11111, 0.11111, 0.11111), DF.data.balancing = c(0, 
    0, 0, 0, 0, 0, 0, 0, 0, 0, 0), DF.feature.selection = c(0, 
    0, 0, 0, 0, 0, 0, 0, 0, 0, 0), DF.valid.acc = c(0.87871, 
    0.91647, 0.92156, 0.94068, 0.96719, 0.97498, 0.97514, 0.97916, 
    0.98267, 0.98464, 0.98331), DF.test.acc = c(0.89338, 0.90123, 
    0.92332, 0.9439, 0.96422, 0.9722, 0.97905, 0.97671, 0.98149, 
    0.98353, 0.98434), DF.train.time = c(0.0837, 0.095, 0.1128, 
    0.1328, 0.1437, 0.1661, 0.1907, 0.2128, 0.2304, 0.2476, 0.2801
    ), DF.n.support.vectors = c(264.6, 292, 317.1, 345.8, 364.8, 
    388.7, 403.5, 421.7, 436, 458.4, 474.6), DF.index = c(1, 
    1, 1, 1, 1, 1, 1, 1, 1, 1, 1), DF.n.solutions = c(1, 1, 1, 
    1, 1, 1, 1, 1, 1, 1, 1), DF.generations = c(1, 1, 1, 1, 1, 
    1, 1, 1, 1, 1, 1), DF.n.evaluations = c(1, 1, 1, 1, 1, 1, 
    1, 1, 1, 1, 1), DF.cpu.time = c(3.51, 3.524, 3.668, 3.973, 
    3.957, 4.207, 4.654, 4.849, 5.221, 5.22, 5.848), SMBO.cost = c(14.3950717340234, 
    14.3950717340234, 14.3950717340234, 14.3950717340234, 14.3950717340234, 
    14.3950717340234, 14.3950717340234, 14.3950717340234, 14.3950717340234, 
    14.3950717340234, 14.3950717340234), SMBO.gamma = c(-5.53247688746221, 
    -5.53247688746221, -5.53247688746221, -5.53247688746221, 
    -5.53247688746221, -5.53247688746221, -5.53247688746221, 
    -5.53247688746221, -5.53247688746221, -5.53247688746221, 
    -5.53247688746221), SMBO.balanced.test.accuracy = c(0.997119867312175, 
    0.997119867312175, 0.997119867312175, 0.997119867312175, 
    0.997119867312175, 0.997119867312175, 0.997119867312175, 
    0.997119867312175, 0.997119867312175, 0.997119867312175, 
    0.997119867312175)), .Names = c("Sampling", "PSO.cost", "PSO.gamma", 
"PSO.data.balancing", "PSO.feature.selection", "PSO.valid.acc", 
"PSO.test.acc", "PSO.train.time", "PSO.n.support.vectors", "PSO.index", 
"PSO.n.solutions", "PSO.generations", "PSO.n.evaluations", "PSO.cpu.time", 
"RS.cost", "RS.gamma", "RS.data.balancing", "RS.feature.selection", 
"RS.valid.acc", "RS.test.acc", "RS.train.time", "RS.n.support.vectors", 
"RS.index", "RS.n.solutions", "RS.generations", "RS.n.evaluations", 
"RS.cpu.time", "DF.cost", "DF.gamma", "DF.data.balancing", "DF.feature.selection", 
"DF.valid.acc", "DF.test.acc", "DF.train.time", "DF.n.support.vectors", 
"DF.index", "DF.n.solutions", "DF.generations", "DF.n.evaluations", 
"DF.cpu.time", "SMBO.cost", "SMBO.gamma", "SMBO.balanced.test.accuracy"
), row.names = c(NA, -11L), class = "data.frame")
