new.sol <-
structure(list(Sampling = c(50, 55, 60, 65, 70, 75, 80, 85, 90, 
95, 100), PSO.cost = c(7.17989, 8.65058, 10.19981, 12.98801, 
12.65302, 11.0265, 7.90187, 11.34427, 13.71694, 11.50713, 10.81308
), PSO.gamma = c(-1.86057, -1.11971, -6.78317, -1.95072, -8.20202, 
-6.39348, -2.53015, -7.1493, -6.05481, -6.08886, -5.90373), PSO.data.balancing = c(0, 
0, 0, 0, 0, 0, 0, 0, 0, 0, 0), PSO.feature.selection = c(0, 0, 
0, 0, 0, 0, 0, 0, 0, 0, 0), PSO.valid.acc = c(0.99175, 0.98861, 
0.9931, 0.99352, 0.99851, 0.99583, 0.99475, 0.99877, 0.99884, 
1, 1), PSO.test.acc = c(0.98971, 0.98861, 0.98959, 0.99352, 0.98957, 
0.99165, 0.99346, 0.99753, 0.99651, 0.9967, 1), PSO.train.time = c(0.0923, 
0.1212, 0.0688, 0.1396, 0.0874, 0.0859, 0.1584, 0.103, 0.1024, 
0.1053, 0.1165), PSO.n.support.vectors = c(268.3, 344.7, 66.5, 
306.2, 54.2, 69.8, 283.6, 63.1, 78.9, 79, 86.1), PSO.index = c(29, 
11, 155, 22, 1548, 117, 47, 31, 36, 40, 26), PSO.n.solutions = c(1452, 
1630, 249, 1738, 13, 1650, 1600, 1547, 1281, 1671, 1626), PSO.generations = c(100, 
100, 100, 100, 100, 100, 100, 100, 100, 100, 100), PSO.n.evaluations = c(2500, 
2500, 2500, 2500, 2500, 2500, 2500, 2500, 2500, 2500, 2500), 
    PSO.cpu.time = c(8766.756, 9003.226, 8301.905, 9931.784, 
    8595.09000000001, 8771.56200000001, 10956.489, 9509.68600000002, 
    9637.15299999999, 9424.25599999999, 10290.094), RS.cost = c(12.29582, 
    11.87118, 8.60202, 14.04498, 9.61677, 13.48839, 3.01289, 
    13.56551, 7.679, 11.43147, 13.89684), RS.gamma = c(-1.17602, 
    -2.51942, -5.94589, -2.63482, -6.23454, -6.57365, -2.25371, 
    -8.09192, -5.31833, -6.12801, -8.75273), RS.data.balancing = c(0, 
    0, 0, 0, 0, 0, 0, 0, 0, 0, 0), RS.feature.selection = c(0, 
    0, 0, 0, 0, 0, 0, 0, 0, 0, 0), RS.valid.acc = c(0.99175, 
    0.98861, 0.99138, 0.99352, 0.99701, 0.99583, 0.99475, 0.99877, 
    0.99884, 1, 1), RS.test.acc = c(0.98971, 0.98483, 0.98959, 
    0.99193, 0.99554, 0.99304, 0.99346, 0.99753, 0.99767, 0.9978, 
    0.99896), RS.train.time = c(0.105, 0.0992, 0.0671, 0.1287, 
    0.0792, 0.0885, 0.1753, 0.1194, 0.0998, 0.1081, 0.1946), 
    RS.n.support.vectors = c(317.7, 238.8, 81.3, 255.9, 72.1, 
    66.3, 311.5, 52.6, 99.4, 78.5, 56.4), RS.index = c(2, 11, 
    11, 27, 123, 244, 22, 43, 52, 70, 28), RS.n.solutions = c(150, 
    205, 5, 191, 75, 25, 107, 54, 104, 33, 190), RS.generations = c(100, 
    100, 100, 100, 100, 100, 100, 100, 100, 100, 100), RS.n.evaluations = c(2500, 
    2500, 2500, 2500, 2500, 2500, 2500, 2500, 2500, 2500, 2500
    ), RS.cpu.time = c(9164.887, 9607.786, 10101.458, 10481.069, 
    11205.187, 11785.516, 12555.718, 13283.18, 13815.793, 14612.159, 
    15015.223), DF.cost = c(1, 1, 1, 1, 1, 1, 1, 1, 1, 1, 1), 
    DF.gamma = c(0.11111, 0.11111, 0.11111, 0.11111, 0.11111, 
    0.11111, 0.11111, 0.11111, 0.11111, 0.11111, 0.11111), DF.data.balancing = c(0, 
    0, 0, 0, 0, 0, 0, 0, 0, 0, 0), DF.feature.selection = c(0, 
    0, 0, 0, 0, 0, 0, 0, 0, 0, 0), DF.valid.acc = c(0.89368, 
    0.92028, 0.93011, 0.93274, 0.95079, 0.96252, 0.96738, 0.9816, 
    0.98265, 0.98574, 0.98328), DF.test.acc = c(0.89377, 0.91651, 
    0.93027, 0.93105, 0.95079, 0.95968, 0.96868, 0.98281, 0.9838, 
    0.98574, 0.98328), DF.train.time = c(0.0831, 0.0945, 0.1078, 
    0.128, 0.1424, 0.161, 0.1761, 0.2078, 0.224, 0.2568, 0.2611
    ), DF.n.support.vectors = c(268.9, 291.2, 309.2, 337.9, 358.5, 
    376.2, 393.6, 419.1, 440, 459.4, 475.6), DF.index = c(1, 
    1, 1, 1, 1, 1, 1, 1, 1, 1, 1), DF.n.solutions = c(1, 1, 1, 
    1, 1, 1, 1, 1, 1, 1, 1), DF.generations = c(1, 1, 1, 1, 1, 
    1, 1, 1, 1, 1, 1), DF.n.evaluations = c(1, 1, 1, 1, 1, 1, 
    1, 1, 1, 1, 1), DF.cpu.time = c(3.386, 3.603, 3.623, 3.836, 
    4.082, 4.214, 4.555, 4.8, 4.939, 5.348, 5.248), SMBO.cost = c(8.86423322049784, 
    8.86423322049784, 8.86423322049784, 8.86423322049784, 8.86423322049784, 
    8.86423322049784, 8.86423322049784, 8.86423322049784, 8.86423322049784, 
    8.86423322049784, 8.86423322049784), SMBO.gamma = c(-5.89923625770724, 
    -5.89923625770724, -5.89923625770724, -5.89923625770724, 
    -5.89923625770724, -5.89923625770724, -5.89923625770724, 
    -5.89923625770724, -5.89923625770724, -5.89923625770724, 
    -5.89923625770724), SMBO.balanced.test.accuracy = c(0.999058380414313, 
    0.999058380414313, 0.999058380414313, 0.999058380414313, 
    0.999058380414313, 0.999058380414313, 0.999058380414313, 
    0.999058380414313, 0.999058380414313, 0.999058380414313, 
    0.999058380414313)), .Names = c("Sampling", "PSO.cost", "PSO.gamma", 
"PSO.data.balancing", "PSO.feature.selection", "PSO.valid.acc", 
"PSO.test.acc", "PSO.train.time", "PSO.n.support.vectors", "PSO.index", 
"PSO.n.solutions", "PSO.generations", "PSO.n.evaluations", "PSO.cpu.time", 
"RS.cost", "RS.gamma", "RS.data.balancing", "RS.feature.selection", 
"RS.valid.acc", "RS.test.acc", "RS.train.time", "RS.n.support.vectors", 
"RS.index", "RS.n.solutions", "RS.generations", "RS.n.evaluations", 
"RS.cpu.time", "DF.cost", "DF.gamma", "DF.data.balancing", "DF.feature.selection", 
"DF.valid.acc", "DF.test.acc", "DF.train.time", "DF.n.support.vectors", 
"DF.index", "DF.n.solutions", "DF.generations", "DF.n.evaluations", 
"DF.cpu.time", "SMBO.cost", "SMBO.gamma", "SMBO.balanced.test.accuracy"
), row.names = c(NA, -11L), class = "data.frame")
