new.sol <-
structure(list(Sampling = c(50, 55, 60, 65, 70, 75, 80, 85, 90, 
95, 100), PSO.cost = c(15, 3.7259, 4.01495, 11.11744, 14.35652, 
14.77696, 1.93037, 13.84512, 9.82621, 15, 14.40719), PSO.gamma = c(-2.19333, 
-1.53672, -1.54449, -1.13906, -5.55349, -5.82604, -1.84859, -7.64097, 
-5.69156, -6.82187, -8.74151), PSO.data.balancing = c(0, 0, 0, 
0, 0, 0, 0, 0, 0, 0, 0), PSO.feature.selection = c(0, 0, 0, 0, 
0, 0, 0, 0, 0, 0, 0), PSO.valid.acc = c(0.98949, 0.99046, 0.99298, 
0.99519, 0.99403, 0.99722, 0.9948, 1, 1, 1, 0.99895), PSO.test.acc = c(0.98741, 
0.99046, 0.99123, 0.99357, 0.99552, 0.99583, 0.99739, 0.99634, 
0.99882, 1, 0.99685), PSO.train.time = c(0.0918, 0.1145, 0.1338, 
0.1666, 0.08, 0.0879, 0.2115, 0.1191, 0.1093, 0.1201, 0.1988), 
    PSO.n.support.vectors = c(248.2, 311.5, 328.3, 395.2, 86.2, 
    81.7, 357, 56.9, 86.1, 67.8, 52), PSO.index = c(33, 21, 24, 
    9, 179, 22, 31, 105, 64, 46, 5), PSO.n.solutions = c(1315, 
    1802, 1503, 1720, 1090, 1888, 1208, 1546, 1567, 1416, 1508
    ), PSO.generations = c(100, 100, 100, 100, 100, 100, 100, 
    100, 100, 100, 100), PSO.n.evaluations = c(2500, 2500, 2500, 
    2500, 2500, 2500, 2500, 2500, 2500, 2500, 2500), PSO.cpu.time = c(9873.854, 
    10347.646, 10961.988, 11995.25, 11799.056, 10612.215, 13347.447, 
    11327.289, 9798.049, 11275.077, 12427.868), RS.cost = c(4.44662, 
    10.18679, 14.17625, 8.95556, 9.41289, 13.97891, 12.20061, 
    14.39688, 12.31278, 13.53378, 12.94329), RS.gamma = c(-2.07733, 
    -2.22211, -1.66888, -0.79423, -5.55474, -6.87004, -2.03965, 
    -7.65979, -6.22864, -6.28017, -4.99671), RS.data.balancing = c(0, 
    0, 0, 0, 0, 0, 0, 0, 0, 0, 0), RS.feature.selection = c(0, 
    0, 0, 0, 0, 0, 0, 0, 0, 0, 0), RS.valid.acc = c(0.98949, 
    0.99046, 0.99298, 0.99519, 0.99403, 0.99722, 0.9948, 1, 1, 
    1, 0.99895), RS.test.acc = c(0.98741, 0.99046, 0.99123, 0.99357, 
    0.99552, 0.99583, 0.99739, 0.99634, 0.99882, 1, 0.99789), 
    RS.train.time = c(0.0933, 0.1112, 0.1328, 0.1738, 0.0845, 
    0.0944, 0.1956, 0.1177, 0.1025, 0.1191, 0.1233), RS.n.support.vectors = c(254.1, 
    263.3, 317.5, 438.4, 86.2, 64.7, 336.8, 56.6, 75.4, 74.9, 
    108.3), RS.index = c(7, 7, 35, 15, 716, 6, 45, 44, 66, 8, 
    17), RS.n.solutions = c(56, 249, 61, 169, 273, 122, 34, 13, 
    68, 122, 144), RS.generations = c(100, 100, 100, 100, 100, 
    100, 100, 100, 100, 100, 100), RS.n.evaluations = c(2500, 
    2500, 2500, 2500, 2500, 2500, 2500, 2500, 2500, 2500, 2500
    ), RS.cpu.time = c(10469.116, 10930.119, 11700.641, 12417.929, 
    13122.74, 13699.567, 14293.854, 15142.441, 13825.147, 16682.409, 
    17423.65), DF.cost = c(1, 1, 1, 1, 1, 1, 1, 1, 1, 1, 1), 
    DF.gamma = c(0.11111, 0.11111, 0.11111, 0.11111, 0.11111, 
    0.11111, 0.11111, 0.11111, 0.11111, 0.11111, 0.11111), DF.data.balancing = c(0, 
    0, 0, 0, 0, 0, 0, 0, 0, 0, 0), DF.feature.selection = c(0, 
    0, 0, 0, 0, 0, 0, 0, 0, 0, 0), DF.valid.acc = c(0.87659, 
    0.90718, 0.90432, 0.94209, 0.95375, 0.96242, 0.96625, 0.97794, 
    0.98498, 0.98243, 0.9833), DF.test.acc = c(0.87468, 0.89949, 
    0.90943, 0.9502, 0.95527, 0.95272, 0.96751, 0.97794, 0.985, 
    0.98243, 0.9833), DF.train.time = c(0.0858, 0.1006, 0.1162, 
    0.1368, 0.1549, 0.1667, 0.1905, 0.209, 0.2214, 0.2526, 0.2779
    ), DF.n.support.vectors = c(278.4, 305, 325.3, 349.4, 365, 
    380.1, 399, 414.9, 439, 457.8, 473), DF.index = c(1, 1, 1, 
    1, 1, 1, 1, 1, 1, 1, 1), DF.n.solutions = c(1, 1, 1, 1, 1, 
    1, 1, 1, 1, 1, 1), DF.generations = c(1, 1, 1, 1, 1, 1, 1, 
    1, 1, 1, 1), DF.n.evaluations = c(1, 1, 1, 1, 1, 1, 1, 1, 
    1, 1, 1), DF.cpu.time = c(3.933, 4.128, 4.363, 4.636, 4.781, 
    5.023, 5.356, 5.56, 4.914, 5.941, 6.161), SMBO.cost = c(11.0912379794567, 
    11.0912379794567, 11.0912379794567, 11.0912379794567, 11.0912379794567, 
    11.0912379794567, 11.0912379794567, 11.0912379794567, 11.0912379794567, 
    11.0912379794567, 11.0912379794567), SMBO.gamma = c(-7.22909743262397, 
    -7.22909743262397, -7.22909743262397, -7.22909743262397, 
    -7.22909743262397, -7.22909743262397, -7.22909743262397, 
    -7.22909743262397, -7.22909743262397, -7.22909743262397, 
    -7.22909743262397), SMBO.balanced.test.accuracy = c(0.995777231300792, 
    0.995777231300792, 0.995777231300792, 0.995777231300792, 
    0.995777231300792, 0.995777231300792, 0.995777231300792, 
    0.995777231300792, 0.995777231300792, 0.995777231300792, 
    0.995777231300792)), .Names = c("Sampling", "PSO.cost", "PSO.gamma", 
"PSO.data.balancing", "PSO.feature.selection", "PSO.valid.acc", 
"PSO.test.acc", "PSO.train.time", "PSO.n.support.vectors", "PSO.index", 
"PSO.n.solutions", "PSO.generations", "PSO.n.evaluations", "PSO.cpu.time", 
"RS.cost", "RS.gamma", "RS.data.balancing", "RS.feature.selection", 
"RS.valid.acc", "RS.test.acc", "RS.train.time", "RS.n.support.vectors", 
"RS.index", "RS.n.solutions", "RS.generations", "RS.n.evaluations", 
"RS.cpu.time", "DF.cost", "DF.gamma", "DF.data.balancing", "DF.feature.selection", 
"DF.valid.acc", "DF.test.acc", "DF.train.time", "DF.n.support.vectors", 
"DF.index", "DF.n.solutions", "DF.generations", "DF.n.evaluations", 
"DF.cpu.time", "SMBO.cost", "SMBO.gamma", "SMBO.balanced.test.accuracy"
), row.names = c(NA, -11L), class = "data.frame")
