new.sol <-
structure(list(Sampling = c(50, 55, 60, 65, 70, 75, 80, 85, 90, 
95, 100), PSO.cost = c(8.39637, 12.35362, 14.25208, 15, 10.21729, 
15, 9.6113, 8.75761, 14.7347, 11.43579, 13.78712), PSO.gamma = c(-2.78936, 
-1.21762, -1.87896, -6.75909, -5.12901, -2.44624, -6.42206, -5.97122, 
-8.03136, -4.47238, -6.2392), PSO.data.balancing = c(0, 0, 0, 
0, 0, 0, 0, 0, 0, 0, 0), PSO.feature.selection = c(0, 0, 0, 0, 
0, 0, 0, 0, 0, 0, 0), PSO.valid.acc = c(0.99583, 0.99245, 0.99649, 
0.9968, 0.99256, 0.99722, 0.99484, 1, 1, 1, 0.99896), PSO.test.acc = c(0.99375, 
0.98864, 0.99304, 0.9968, 0.99256, 0.99306, 0.99222, 0.99753, 
1, 0.99672, 1), PSO.train.time = c(0.0858, 0.1248, 0.1322, 0.0785, 
0.0804, 0.1509, 0.0935, 0.0899, 0.1552, 0.1133, 0.1163), PSO.n.support.vectors = c(201.7, 
328.9, 297.3, 61.3, 91.6, 285.7, 72.7, 80.4, 56, 122.4, 79.9), 
    PSO.index = c(22, 5, 45, 38, 15, 227, 279, 37, 16, 6, 8), 
    PSO.n.solutions = c(1372, 1376, 1410, 1543, 1811, 811, 192, 
    1131, 1744, 1806, 1405), PSO.generations = c(100, 100, 100, 
    100, 100, 100, 100, 100, 100, 100, 100), PSO.n.evaluations = c(2500, 
    2500, 2500, 2500, 2500, 2500, 2500, 2500, 2500, 2500, 2500
    ), PSO.cpu.time = c(9643.136, 10327.049, 10883.385, 9259.782, 
    9302.467, 11361.135, 9531.179, 9486.19899999999, 10147.098, 
    10193.009, 10197.517), RS.cost = c(10.15095, 7.59444, 9.27644, 
    14.97599, 13.09558, 6.19164, 11.3685, 14.45637, 11.21845, 
    12.81693, 10.61888), RS.gamma = c(-3.29911, -1.61478, -1.61225, 
    -6.40895, -5.72664, -2.44508, -6.96475, -5.66631, -5.06551, 
    -5.90264, -6.06544), RS.data.balancing = c(0, 0, 0, 0, 0, 
    0, 0, 0, 0, 0, 0), RS.feature.selection = c(0, 0, 0, 0, 0, 
    0, 0, 0, 0, 0, 0), RS.valid.acc = c(0.99583, 0.99245, 0.99649, 
    0.9968, 0.99256, 0.99722, 0.9948, 1, 1, 1, 0.99896), RS.test.acc = c(0.99171, 
    0.98864, 0.99132, 0.9968, 0.9896, 0.99306, 0.99351, 1, 1, 
    1, 1), RS.train.time = c(0.0762, 0.1126, 0.1306, 0.0752, 
    0.0788, 0.1581, 0.1039, 0.0974, 0.1048, 0.11, 0.1176), RS.n.support.vectors = c(171.9, 
    296.7, 317.8, 65.3, 78.9, 285.9, 63.3, 83, 100.9, 82.1, 82.9
    ), RS.index = c(23, 1, 8, 172, 54, 168, 33, 578, 43, 27, 
    2), RS.n.solutions = c(68, 136, 39, 31, 96, 7, 96, 11, 151, 
    194, 80), RS.generations = c(100, 100, 100, 100, 100, 100, 
    100, 100, 100, 100, 100), RS.n.evaluations = c(2500, 2500, 
    2500, 2500, 2500, 2500, 2500, 2500, 2500, 2500, 2500), RS.cpu.time = c(10386.348, 
    10711.063, 11240.475, 11516.28, 11837.717, 12521.136, 12782.255, 
    13395.817, 14158.787, 14723.395, 15582.172), DF.cost = c(1, 
    1, 1, 1, 1, 1, 1, 1, 1, 1, 1), DF.gamma = c(0.11111, 0.11111, 
    0.11111, 0.11111, 0.11111, 0.11111, 0.11111, 0.11111, 0.11111, 
    0.11111, 0.11111), DF.data.balancing = c(0, 0, 0, 0, 0, 0, 
    0, 0, 0, 0, 0), DF.feature.selection = c(0, 0, 0, 0, 0, 0, 
    0, 0, 0, 0, 0), DF.valid.acc = c(0.87489, 0.89742, 0.91836, 
    0.95514, 0.96576, 0.97081, 0.9779, 0.98159, 0.98035, 0.98243, 
    0.98329), DF.test.acc = c(0.87667, 0.89941, 0.92356, 0.9503, 
    0.96872, 0.9722, 0.97787, 0.98281, 0.98265, 0.98243, 0.98329
    ), DF.train.time = c(0.0863, 0.0972, 0.1178, 0.1308, 0.1456, 
    0.1615, 0.1833, 0.2012, 0.2299, 0.2387, 0.2666), DF.n.support.vectors = c(266.5, 
    291.4, 315.3, 343.3, 360.9, 383.8, 402.4, 423.8, 438.7, 455.5, 
    473), DF.index = c(1, 1, 1, 1, 1, 1, 1, 1, 1, 1, 1), DF.n.solutions = c(1, 
    1, 1, 1, 1, 1, 1, 1, 1, 1, 1), DF.generations = c(1, 1, 1, 
    1, 1, 1, 1, 1, 1, 1, 1), DF.n.evaluations = c(1, 1, 1, 1, 
    1, 1, 1, 1, 1, 1, 1), DF.cpu.time = c(4.043, 3.973, 4.265, 
    4.009, 4.339, 4.33, 4.559, 4.78, 5.154, 5.172, 5.498), SMBO.cost = c(12.078104650298, 
    12.078104650298, 12.078104650298, 12.078104650298, 12.078104650298, 
    12.078104650298, 12.078104650298, 12.078104650298, 12.078104650298, 
    12.078104650298, 12.078104650298), SMBO.gamma = c(-5.55326234857348, 
    -5.55326234857348, -5.55326234857348, -5.55326234857348, 
    -5.55326234857348, -5.55326234857348, -5.55326234857348, 
    -5.55326234857348, -5.55326234857348, -5.55326234857348, 
    -5.55326234857348), SMBO.balanced.test.accuracy = c(1, 1, 
    1, 1, 1, 1, 1, 1, 1, 1, 1)), .Names = c("Sampling", "PSO.cost", 
"PSO.gamma", "PSO.data.balancing", "PSO.feature.selection", "PSO.valid.acc", 
"PSO.test.acc", "PSO.train.time", "PSO.n.support.vectors", "PSO.index", 
"PSO.n.solutions", "PSO.generations", "PSO.n.evaluations", "PSO.cpu.time", 
"RS.cost", "RS.gamma", "RS.data.balancing", "RS.feature.selection", 
"RS.valid.acc", "RS.test.acc", "RS.train.time", "RS.n.support.vectors", 
"RS.index", "RS.n.solutions", "RS.generations", "RS.n.evaluations", 
"RS.cpu.time", "DF.cost", "DF.gamma", "DF.data.balancing", "DF.feature.selection", 
"DF.valid.acc", "DF.test.acc", "DF.train.time", "DF.n.support.vectors", 
"DF.index", "DF.n.solutions", "DF.generations", "DF.n.evaluations", 
"DF.cpu.time", "SMBO.cost", "SMBO.gamma", "SMBO.balanced.test.accuracy"
), row.names = c(NA, -11L), class = "data.frame")
