new.sol <-
structure(list(Sampling = c(50, 55, 60, 65, 70, 75, 80, 85, 90, 
95, 100), PSO.cost = c(12.53977, 11.23539, 14.92371, 14.55986, 
5.75398, 14.94275, 7.89396, 8.23233, 14.98333, 9.7015, 13.10612
), PSO.gamma = c(0.88328, -10.85429, -13.26176, -8.94463, -8.60699, 
-12.4027, -11.31148, -2.06896, -14.17874, -10.43068, -12.32352
), PSO.data.balancing = c(0, 0, 0, 0, 0, 0, 0, 0, 0, 0, 0), PSO.feature.selection = c(0, 
0, 0, 0, 0, 0, 0, 0, 0, 0, 0), PSO.valid.acc = c(0.51119, 0.49833, 
0.46714, 0.50714, 0.45536, 0.44496, 0.42968, 0.45252, 0.45788, 
0.44606, 0.42505), PSO.test.acc = c(0.3869, 0.49738, 0.39714, 
0.42679, 0.39643, 0.40071, 0.40468, 0.34489, 0.38518, 0.37434, 
0.38525), PSO.train.time = c(0.01, 0.011, 0.0123, 0.0311, 0.0111, 
0.0147, 0.0107, 0.0141, 0.0142, 0.0134, 0.0152), PSO.n.support.vectors = c(43.2, 
42.9, 45.4, 48.2, 56.5, 56.9, 65.7, 65.3, 68.5, 74.3, 82.6), 
    PSO.index = c(314, 3, 517, 1348, 1441, 1383, 146, 1225, 629, 
    523, 583), PSO.n.solutions = c(803, 942, 153, 7, 29, 349, 
    107, 40, 25, 51, 81), PSO.generations = c(100, 100, 100, 
    100, 100, 100, 100, 100, 100, 100, 100), PSO.n.evaluations = c(2500, 
    2500, 2500, 2500, 2500, 2500, 2500, 2500, 2500, 2500, 2500
    ), PSO.cpu.time = c(6371.642, 6365.344, 6267.494, 6591.506, 
    6256.595, 6287.121, 6283.624, 6198.96799999999, 6334.95599999999, 
    6441.245, 6267.19899999999), RS.cost = c(12.81921, 11.92294, 
    14.95656, 13.53102, 10.65057, 14.54943, 7.01034, -0.12585, 
    14.58287, 4.75719, 14.48521), RS.gamma = c(0.87825, -11.97423, 
    -13.24963, -8.33348, -13.43046, -11.98666, -10.48832, 1.83264, 
    -14.04681, -7.77356, -14.41453), RS.data.balancing = c(0, 
    0, 0, 0, 0, 0, 0, 0, 0, 0, 0), RS.feature.selection = c(0, 
    0, 0, 0, 0, 0, 0, 0, 0, 0, 0), RS.valid.acc = c(0.51119, 
    0.49833, 0.45048, 0.49464, 0.44286, 0.44496, 0.42968, 0.45641, 
    0.44677, 0.44606, 0.41485), RS.test.acc = c(0.3869, 0.45571, 
    0.41143, 0.41012, 0.40893, 0.37214, 0.39218, 0.41482, 0.37407, 
    0.37232, 0.41116), RS.train.time = c(0.0096, 0.0103, 0.0118, 
    0.0244, 0.0106, 0.0136, 0.0109, 0.0109, 0.0136, 0.0136, 0.0146
    ), RS.n.support.vectors = c(43.2, 43.3, 45.3, 47.8, 56, 57.2, 
    65.7, 71.2, 68.9, 76.6, 82.3), RS.index = c(868, 27, 106, 
    313, 2, 2428, 148, 931, 933, 1499, 63), RS.n.solutions = c(1, 
    33, 3, 3, 1, 1, 7, 1, 3, 3, 5), RS.generations = c(100, 100, 
    100, 100, 100, 100, 100, 100, 100, 100, 100), RS.n.evaluations = c(2500, 
    2500, 2500, 2500, 2500, 2500, 2500, 2500, 2500, 2500, 2500
    ), RS.cpu.time = c(6207.83, 6345.255, 6418.92, 6457.461, 
    6358.677, 6301.26400000001, 6208.711, 6311.368, 6439.334, 
    6495.307, 6254.451), DF.cost = c(1, 1, 1, 1, 1, 1, 1, 1, 
    1, 1, 1), DF.gamma = c(0.16667, 0.16667, 0.16667, 0.16667, 
    0.16667, 0.16667, 0.16667, 0.16667, 0.16667, 0.16667, 0.16667
    ), DF.data.balancing = c(0, 0, 0, 0, 0, 0, 0, 0, 0, 0, 0), 
    DF.feature.selection = c(0, 0, 0, 0, 0, 0, 0, 0, 0, 0, 0), 
    DF.valid.acc = c(0.36595, 0.39714, 0.30429, 0.36667, 0.33036, 
    0.35778, 0.33496, 0.33494, 0.29831, 0.37636, 0.36465), DF.test.acc = c(0.37595, 
    0.3781, 0.33524, 0.32143, 0.28929, 0.37889, 0.33357, 0.31446, 
    0.30207, 0.36434, 0.3498), DF.train.time = c(0.0099, 0.0099, 
    0.0109, 0.0117, 0.0109, 0.0112, 0.011, 0.0119, 0.0134, 0.0127, 
    0.0134), DF.n.support.vectors = c(43.2, 47.2, 50.8, 54.6, 
    58.5, 62.5, 67, 70.5, 74.6, 78.5, 86.3), DF.index = c(1, 
    1, 1, 1, 1, 1, 1, 1, 1, 1, 1), DF.n.solutions = c(1, 1, 1, 
    1, 1, 1, 1, 1, 1, 1, 1), DF.generations = c(1, 1, 1, 1, 1, 
    1, 1, 1, 1, 1, 1), DF.n.evaluations = c(1, 1, 1, 1, 1, 1, 
    1, 1, 1, 1, 1), DF.cpu.time = c(2.498, 2.43, 2.587, 2.567, 
    2.498, 2.552, 2.495, 2.565, 2.526, 2.537, 2.531), SMBO.cost = c(11.1823221561897, 
    11.1823221561897, 11.1823221561897, 11.1823221561897, 11.1823221561897, 
    11.1823221561897, 11.1823221561897, 11.1823221561897, 11.1823221561897, 
    11.1823221561897, 11.1823221561897), SMBO.gamma = c(-7.06805601157548, 
    -7.06805601157548, -7.06805601157548, -7.06805601157548, 
    -7.06805601157548, -7.06805601157548, -7.06805601157548, 
    -7.06805601157548, -7.06805601157548, -7.06805601157548, 
    -7.06805601157548), SMBO.balanced.test.accuracy = c(0.472742303992304, 
    0.472742303992304, 0.472742303992304, 0.472742303992304, 
    0.472742303992304, 0.472742303992304, 0.472742303992304, 
    0.472742303992304, 0.472742303992304, 0.472742303992304, 
    0.472742303992304)), .Names = c("Sampling", "PSO.cost", "PSO.gamma", 
"PSO.data.balancing", "PSO.feature.selection", "PSO.valid.acc", 
"PSO.test.acc", "PSO.train.time", "PSO.n.support.vectors", "PSO.index", 
"PSO.n.solutions", "PSO.generations", "PSO.n.evaluations", "PSO.cpu.time", 
"RS.cost", "RS.gamma", "RS.data.balancing", "RS.feature.selection", 
"RS.valid.acc", "RS.test.acc", "RS.train.time", "RS.n.support.vectors", 
"RS.index", "RS.n.solutions", "RS.generations", "RS.n.evaluations", 
"RS.cpu.time", "DF.cost", "DF.gamma", "DF.data.balancing", "DF.feature.selection", 
"DF.valid.acc", "DF.test.acc", "DF.train.time", "DF.n.support.vectors", 
"DF.index", "DF.n.solutions", "DF.generations", "DF.n.evaluations", 
"DF.cpu.time", "SMBO.cost", "SMBO.gamma", "SMBO.balanced.test.accuracy"
), row.names = c(NA, -11L), class = "data.frame")
