new.sol <-
structure(list(Sampling = c(50, 55, 60, 65, 70, 75, 80, 85, 90, 
95, 100), PSO.cost = c(3.03883, 11.02402, 10.0695, 7.88261, 14.74631, 
15, 15, 15, 14.92137, 15, 11.15867), PSO.gamma = c(-8.33157, 
-15, 1.17232, -6.39973, -7.16353, -6.44976, -0.9026, -13.05605, 
-14.82652, -12.04589, -11.04815), PSO.data.balancing = c(0, 0, 
0, 0, 0, 0, 0, 0, 0, 0, 0), PSO.feature.selection = c(0, 0, 0, 
0, 0, 0, 0, 0, 0, 0, 0), PSO.valid.acc = c(0.48, 0.4619, 0.49881, 
0.41667, 0.47738, 0.50714, 0.45556, 0.48093, 0.46455, 0.45404, 
0.42141), PSO.test.acc = c(0.45667, 0.39357, 0.42857, 0.30655, 
0.36964, 0.40357, 0.35833, 0.3947, 0.41253, 0.39058, 0.42855), 
    PSO.train.time = c(0.0097, 0.0107, 0.0107, 0.0121, 0.0447, 
    0.043, 0.012, 0.0157, 0.014, 0.0192, 0.0144), PSO.n.support.vectors = c(42.2, 
    45.8, 51.2, 52.5, 53.3, 53.6, 65, 64.7, 71.3, 73.1, 82.5), 
    PSO.index = c(170, 189, 38, 292, 1041, 192, 468, 1576, 265, 
    1775, 125), PSO.n.solutions = c(219, 123, 750, 229, 43, 229, 
    309, 11, 164, 6, 331), PSO.generations = c(100, 100, 100, 
    100, 100, 100, 100, 100, 100, 100, 100), PSO.n.evaluations = c(2500, 
    2500, 2500, 2500, 2500, 2500, 2500, 2500, 2500, 2500, 2500
    ), PSO.cpu.time = c(6239.845, 6250.663, 6378.536, 6477.335, 
    7090.624, 7010.74600000001, 6449.917, 6534.45700000001, 6469.012, 
    6660.765, 6485.05900000001), RS.cost = c(4.37344, 6.88772, 
    8.97453, 8.56861, 14.55851, 14.89722, 4.29673, 7.90541, 14.33941, 
    14.99013, 12.51366), RS.gamma = c(-9.57535, -10.86203, 1.21728, 
    -9.06788, -7.03833, -6.3893, -8.29451, -5.69315, -12.88856, 
    -11.98618, -12.56543), RS.data.balancing = c(0, 0, 0, 0, 
    0, 0, 0, 0, 0, 0, 0), RS.feature.selection = c(0, 0, 0, 0, 
    0, 0, 0, 0, 0, 0, 0), RS.valid.acc = c(0.48, 0.4619, 0.49881, 
    0.40357, 0.4631, 0.49464, 0.46389, 0.46366, 0.45343, 0.45237, 
    0.41538), RS.test.acc = c(0.45667, 0.39357, 0.42857, 0.30595, 
    0.38393, 0.40357, 0.44028, 0.42033, 0.42593, 0.40308, 0.41855
    ), RS.train.time = c(0.0099, 0.0099, 0.0117, 0.0121, 0.0414, 
    0.0406, 0.0113, 0.0137, 0.0149, 0.0195, 0.0145), RS.n.support.vectors = c(42.2, 
    45.6, 51.2, 52.9, 53.4, 53.6, 65.8, 66.4, 70.1, 73.2, 82.1
    ), RS.index = c(176, 297, 46, 23, 466, 628, 366, 1071, 258, 
    908, 438), RS.n.solutions = c(9, 2, 6, 10, 2, 1, 2, 1, 5, 
    1, 5), RS.generations = c(100, 100, 100, 100, 100, 100, 100, 
    100, 100, 100, 100), RS.n.evaluations = c(2500, 2500, 2500, 
    2500, 2500, 2500, 2500, 2500, 2500, 2500, 2500), RS.cpu.time = c(6138.664, 
    6159.398, 6455.547, 6452.648, 6462.919, 6453.50599999999, 
    6466.656, 6424.36599999999, 6457.76700000001, 6504.227, 6537.88800000001
    ), DF.cost = c(1, 1, 1, 1, 1, 1, 1, 1, 1, 1, 1), DF.gamma = c(0.16667, 
    0.16667, 0.16667, 0.16667, 0.16667, 0.16667, 0.16667, 0.16667, 
    0.16667, 0.16667, 0.16667), DF.data.balancing = c(0, 0, 0, 
    0, 0, 0, 0, 0, 0, 0, 0), DF.feature.selection = c(0, 0, 0, 
    0, 0, 0, 0, 0, 0, 0, 0), DF.valid.acc = c(0.32333, 0.3019, 
    0.33333, 0.27619, 0.32262, 0.39107, 0.36944, 0.38755, 0.36578, 
    0.34232, 0.32316), DF.test.acc = c(0.35667, 0.32536, 0.31667, 
    0.30893, 0.34762, 0.36607, 0.37083, 0.41573, 0.38396, 0.35455, 
    0.33752), DF.train.time = c(0.0094, 0.0106, 0.0105, 0.011, 
    0.011, 0.0112, 0.0115, 0.0118, 0.0126, 0.0124, 0.0129), DF.n.support.vectors = c(42.3, 
    46.9, 50.9, 55, 59.1, 62.8, 66.5, 70.1, 74.4, 78.8, 85.6), 
    DF.index = c(1, 1, 1, 1, 1, 1, 1, 1, 1, 1, 1), DF.n.solutions = c(1, 
    1, 1, 1, 1, 1, 1, 1, 1, 1, 1), DF.generations = c(1, 1, 1, 
    1, 1, 1, 1, 1, 1, 1, 1), DF.n.evaluations = c(1, 1, 1, 1, 
    1, 1, 1, 1, 1, 1, 1), DF.cpu.time = c(2.42, 2.559, 2.596, 
    2.586, 2.529, 2.555, 2.57, 2.566, 2.564, 2.582, 2.577), SMBO.cost = c(8.49373165091819, 
    8.49373165091819, 8.49373165091819, 8.49373165091819, 8.49373165091819, 
    8.49373165091819, 8.49373165091819, 8.49373165091819, 8.49373165091819, 
    8.49373165091819, 8.49373165091819), SMBO.gamma = c(-5.17676254863851, 
    -5.17676254863851, -5.17676254863851, -5.17676254863851, 
    -5.17676254863851, -5.17676254863851, -5.17676254863851, 
    -5.17676254863851, -5.17676254863851, -5.17676254863851, 
    -5.17676254863851), SMBO.balanced.test.accuracy = c(0.443584656084656, 
    0.443584656084656, 0.443584656084656, 0.443584656084656, 
    0.443584656084656, 0.443584656084656, 0.443584656084656, 
    0.443584656084656, 0.443584656084656, 0.443584656084656, 
    0.443584656084656)), .Names = c("Sampling", "PSO.cost", "PSO.gamma", 
"PSO.data.balancing", "PSO.feature.selection", "PSO.valid.acc", 
"PSO.test.acc", "PSO.train.time", "PSO.n.support.vectors", "PSO.index", 
"PSO.n.solutions", "PSO.generations", "PSO.n.evaluations", "PSO.cpu.time", 
"RS.cost", "RS.gamma", "RS.data.balancing", "RS.feature.selection", 
"RS.valid.acc", "RS.test.acc", "RS.train.time", "RS.n.support.vectors", 
"RS.index", "RS.n.solutions", "RS.generations", "RS.n.evaluations", 
"RS.cpu.time", "DF.cost", "DF.gamma", "DF.data.balancing", "DF.feature.selection", 
"DF.valid.acc", "DF.test.acc", "DF.train.time", "DF.n.support.vectors", 
"DF.index", "DF.n.solutions", "DF.generations", "DF.n.evaluations", 
"DF.cpu.time", "SMBO.cost", "SMBO.gamma", "SMBO.balanced.test.accuracy"
), row.names = c(NA, -11L), class = "data.frame")
