new.sol <-
structure(list(Sampling = c(50, 55, 60, 65, 70, 75, 80, 85, 90, 
95, 100), PSO.cost = c(1.23066, 1.05452, 0.09498, 7.84341, 4.3208, 
0.46494, 0.21767, 8.28765, 8.15653, 14.51212, 15), PSO.gamma = c(-3.45233, 
-2.44486, -2.29965, -11.55331, -7.44719, -4.3476, -3.85712, -9.17376, 
-11.09766, -7.49122, -13.81411), PSO.data.balancing = c(0, 0, 
0, 0, 0, 0, 0, 0, 0, 0, 0), PSO.feature.selection = c(0, 0, 0, 
0, 0, 0, 0, 0, 0, 0, 0), PSO.valid.acc = c(0.53619, 0.54714, 
0.48952, 0.46369, 0.46607, 0.4621, 0.42063, 0.41944, 0.40545, 
0.43389, 0.43727), PSO.test.acc = c(0.45857, 0.51405, 0.48619, 
0.49048, 0.40873, 0.37143, 0.38135, 0.35861, 0.35616, 0.30111, 
0.37439), PSO.train.time = c(0.0094, 0.0094, 0.0103, 0.0105, 
0.0108, 0.0112, 0.012, 0.012, 0.0123, 0.0696, 0.016), PSO.n.support.vectors = c(42.8, 
44.9, 49.6, 52.5, 56.2, 61.8, 66.5, 69.3, 73.5, 72.4, 81.5), 
    PSO.index = c(422, 548, 54, 546, 830, 2362, 1110, 770, 15, 
    550, 671), PSO.n.solutions = c(77, 545, 656, 47, 13, 1, 13, 
    22, 214, 150, 19), PSO.generations = c(100, 100, 100, 100, 
    100, 100, 100, 100, 100, 100, 100), PSO.n.evaluations = c(2500, 
    2500, 2500, 2500, 2500, 2500, 2500, 2500, 2500, 2500, 2500
    ), PSO.cpu.time = c(5660.928, 5651.778, 5878.02, 5929.863, 
    5919.86, 5923.16899999999, 6065.504, 6030.431, 6006.65599999999, 
    7041.72199999999, 5902.208), RS.cost = c(1.33541, 0.90605, 
    0.67444, 10.65721, 2.50111, 0.44969, 0.58505, 6.48659, 10.57024, 
    14.80504, 12.27002), RS.gamma = c(-3.66564, -3.18962, -2.71106, 
    -14.07747, -5.56111, -4.36414, -4.20955, -7.47984, -13.48508, 
    -7.68039, -10.90157), RS.data.balancing = c(0, 0, 0, 0, 0, 
    0, 0, 0, 0, 0, 0), RS.feature.selection = c(0, 0, 0, 0, 0, 
    0, 0, 0, 0, 0, 0), RS.valid.acc = c(0.53619, 0.53643, 0.48952, 
    0.46369, 0.47679, 0.47321, 0.40952, 0.41833, 0.40545, 0.42389, 
    0.43727), RS.test.acc = c(0.47857, 0.49738, 0.47524, 0.47381, 
    0.38194, 0.38393, 0.39246, 0.37111, 0.35616, 0.29, 0.35126
    ), RS.train.time = c(0.0093, 0.0093, 0.01, 0.0102, 0.0104, 
    0.0113, 0.0115, 0.0125, 0.0122, 0.0763, 0.0159), RS.n.support.vectors = c(42.7, 
    44.7, 49.3, 52.2, 56.8, 61.8, 66.5, 68.8, 73.4, 72.2, 82.2
    ), RS.index = c(1632, 338, 15, 392, 2068, 2438, 417, 1096, 
    292, 1494, 1864), RS.n.solutions = c(2, 1, 3, 4, 1, 1, 2, 
    1, 6, 2, 1), RS.generations = c(100, 100, 100, 100, 100, 
    100, 100, 100, 100, 100, 100), RS.n.evaluations = c(2500, 
    2500, 2500, 2500, 2500, 2500, 2500, 2500, 2500, 2500, 2500
    ), RS.cpu.time = c(5686.14, 5734.872, 5904.018, 5918.291, 
    5925.017, 5980.92399999999, 6003.842, 6068.43000000001, 6103.34699999999, 
    5924.82699999999, 5911.23699999999), DF.cost = c(1, 1, 1, 
    1, 1, 1, 1, 1, 1, 1, 1), DF.gamma = c(0.16667, 0.16667, 0.16667, 
    0.16667, 0.16667, 0.16667, 0.16667, 0.16667, 0.16667, 0.16667, 
    0.16667), DF.data.balancing = c(0, 0, 0, 0, 0, 0, 0, 0, 0, 
    0, 0), DF.feature.selection = c(0, 0, 0, 0, 0, 0, 0, 0, 0, 
    0, 0), DF.valid.acc = c(0.45619, 0.51643, 0.45524, 0.38988, 
    0.425, 0.36865, 0.38552, 0.31111, 0.32485, 0.32, 0.31475), 
    DF.test.acc = c(0.4019, 0.48988, 0.40429, 0.43274, 0.43194, 
    0.37976, 0.39385, 0.3125, 0.35616, 0.32833, 0.38258), DF.train.time = c(0.0091, 
    0.0102, 0.0103, 0.0108, 0.0109, 0.0112, 0.0114, 0.0116, 0.012, 
    0.0119, 0.0124), DF.n.support.vectors = c(43, 46, 49.9, 54, 
    58.5, 62.6, 66.6, 70.5, 74.6, 78.6, 86), DF.index = c(1, 
    1, 1, 1, 1, 1, 1, 1, 1, 1, 1), DF.n.solutions = c(1, 1, 1, 
    1, 1, 1, 1, 1, 1, 1, 1), DF.generations = c(1, 1, 1, 1, 1, 
    1, 1, 1, 1, 1, 1), DF.n.evaluations = c(1, 1, 1, 1, 1, 1, 
    1, 1, 1, 1, 1), DF.cpu.time = c(2.212, 2.368, 2.377, 2.408, 
    2.351, 2.375, 2.379, 2.374, 2.442, 2.29, 2.34), SMBO.cost = c(7.67664480676583, 
    7.67664480676583, 7.67664480676583, 7.67664480676583, 7.67664480676583, 
    7.67664480676583, 7.67664480676583, 7.67664480676583, 7.67664480676583, 
    7.67664480676583, 7.67664480676583), SMBO.gamma = c(-5.14807363474625, 
    -5.14807363474625, -5.14807363474625, -5.14807363474625, 
    -5.14807363474625, -5.14807363474625, -5.14807363474625, 
    -5.14807363474625, -5.14807363474625, -5.14807363474625, 
    -5.14807363474625), SMBO.balanced.test.accuracy = c(0.476961926961927, 
    0.476961926961927, 0.476961926961927, 0.476961926961927, 
    0.476961926961927, 0.476961926961927, 0.476961926961927, 
    0.476961926961927, 0.476961926961927, 0.476961926961927, 
    0.476961926961927)), .Names = c("Sampling", "PSO.cost", "PSO.gamma", 
"PSO.data.balancing", "PSO.feature.selection", "PSO.valid.acc", 
"PSO.test.acc", "PSO.train.time", "PSO.n.support.vectors", "PSO.index", 
"PSO.n.solutions", "PSO.generations", "PSO.n.evaluations", "PSO.cpu.time", 
"RS.cost", "RS.gamma", "RS.data.balancing", "RS.feature.selection", 
"RS.valid.acc", "RS.test.acc", "RS.train.time", "RS.n.support.vectors", 
"RS.index", "RS.n.solutions", "RS.generations", "RS.n.evaluations", 
"RS.cpu.time", "DF.cost", "DF.gamma", "DF.data.balancing", "DF.feature.selection", 
"DF.valid.acc", "DF.test.acc", "DF.train.time", "DF.n.support.vectors", 
"DF.index", "DF.n.solutions", "DF.generations", "DF.n.evaluations", 
"DF.cpu.time", "SMBO.cost", "SMBO.gamma", "SMBO.balanced.test.accuracy"
), row.names = c(NA, -11L), class = "data.frame")
