new.sol <-
structure(list(Sampling = c(50, 55, 60, 65, 70, 75, 80, 85, 90, 
95, 100), PSO.cost = c(12.52346, 14.27757, 15, 1.12483, 5.60967, 
12.1115, 9.38386, 8.71589, 10.96354, 15, 14.38689), PSO.gamma = c(-9.75207, 
-14.34176, -12.99355, 2.88571, -2.88464, -11.81236, -12.10613, 
-11.09727, -13.18781, -13.99744, -8.95538), PSO.data.balancing = c(0, 
0, 0, 0, 0, 0, 0, 0, 0, 0, 0), PSO.feature.selection = c(0, 0, 
0, 0, 0, 0, 0, 0, 0, 0, 0), PSO.valid.acc = c(0.46595, 0.40762, 
0.45702, 0.40405, 0.48254, 0.47659, 0.42512, 0.44278, 0.46889, 
0.4603, 0.4189), PSO.test.acc = c(0.31262, 0.31905, 0.46119, 
0.35643, 0.2754, 0.40317, 0.42718, 0.42889, 0.43667, 0.41606, 
0.30458), PSO.train.time = c(0.0113, 0.0106, 0.014, 0.0108, 0.0107, 
0.012, 0.011, 0.0114, 0.0128, 0.0147, 0.0462), PSO.n.support.vectors = c(39.2, 
45.9, 48.3, 55.2, 55, 59.3, 64.6, 68.3, 71.2, 72.8, 80), PSO.index = c(193, 
321, 59, 17, 1216, 140, 53, 120, 525, 463, 221), PSO.n.solutions = c(61, 
357, 1365, 2234, 30, 89, 319, 146, 73, 111, 271), PSO.generations = c(100, 
100, 100, 100, 100, 100, 100, 100, 100, 100, 100), PSO.n.evaluations = c(2500, 
2500, 2500, 2500, 2500, 2500, 2500, 2500, 2500, 2500, 2500), 
    PSO.cpu.time = c(6016.578, 6068.075, 6367.763, 5884.698, 
    5864.564, 5891.02899999999, 5925.519, 5933.23699999999, 6019.45, 
    6012.863, 6993.93000000001), RS.cost = c(12.62386, 12.23745, 
    5.60753, 2.22867, 6.38868, 12.91269, 11.19474, 8.8328, 9.57431, 
    8.41607, 12.94941), RS.gamma = c(-9.79072, -12.36734, -5.3036, 
    2.87784, -8.44277, -11.76025, -13.88505, -12.06267, -11.402, 
    -9.55436, -8.42917), RS.data.balancing = c(0, 0, 0, 0, 0, 
    0, 0, 0, 0, 0, 0), RS.feature.selection = c(0, 0, 0, 0, 0, 
    0, 0, 0, 0, 0, 0), RS.valid.acc = c(0.46595, 0.40762, 0.46226, 
    0.40405, 0.47044, 0.47421, 0.42512, 0.44139, 0.45778, 0.4403, 
    0.4189), RS.test.acc = c(0.33262, 0.30238, 0.4656, 0.33643, 
    0.40794, 0.4004, 0.42718, 0.42889, 0.43667, 0.40384, 0.29549
    ), RS.train.time = c(0.0127, 0.0101, 0.0099, 0.0101, 0.0107, 
    0.0125, 0.0121, 0.012, 0.0122, 0.0124, 0.0294), RS.n.support.vectors = c(39.2, 
    46, 49.5, 55.2, 57.5, 58.6, 64.4, 68.7, 71, 75.2, 80.2), 
    RS.index = c(1841, 620, 171, 41, 784, 11, 453, 975, 378, 
    203, 259), RS.n.solutions = c(1, 4, 1, 29, 1, 4, 6, 3, 16, 
    3, 14), RS.generations = c(100, 100, 100, 100, 100, 100, 
    100, 100, 100, 100, 100), RS.n.evaluations = c(2500, 2500, 
    2500, 2500, 2500, 2500, 2500, 2500, 2500, 2500, 2500), RS.cpu.time = c(6141.098, 
    6024.885, 5921.332, 5864.28, 5898.088, 5932.868, 5939.2, 
    6185.34199999999, 5988.946, 6467.211, 6556.87100000001), 
    DF.cost = c(1, 1, 1, 1, 1, 1, 1, 1, 1, 1, 1), DF.gamma = c(0.16667, 
    0.16667, 0.16667, 0.16667, 0.16667, 0.16667, 0.16667, 0.16667, 
    0.16667, 0.16667, 0.16667), DF.data.balancing = c(0, 0, 0, 
    0, 0, 0, 0, 0, 0, 0, 0), DF.feature.selection = c(0, 0, 0, 
    0, 0, 0, 0, 0, 0, 0, 0), DF.valid.acc = c(0.23357, 0.31143, 
    0.32083, 0.3481, 0.35794, 0.33155, 0.34528, 0.3525, 0.34333, 
    0.36475, 0.34441), DF.test.acc = c(0.21429, 0.28333, 0.33357, 
    0.2706, 0.37937, 0.34206, 0.38385, 0.39667, 0.38444, 0.36273, 
    0.3221), DF.train.time = c(0.0094, 0.0101, 0.0098, 0.0097, 
    0.01, 0.0108, 0.0114, 0.012, 0.0124, 0.0131, 0.013), DF.n.support.vectors = c(43.2, 
    47, 51.2, 55.2, 59.1, 63.2, 66.9, 70.4, 74.4, 78.4, 86), 
    DF.index = c(1, 1, 1, 1, 1, 1, 1, 1, 1, 1, 1), DF.n.solutions = c(1, 
    1, 1, 1, 1, 1, 1, 1, 1, 1, 1), DF.generations = c(1, 1, 1, 
    1, 1, 1, 1, 1, 1, 1, 1), DF.n.evaluations = c(1, 1, 1, 1, 
    1, 1, 1, 1, 1, 1, 1), DF.cpu.time = c(2.312, 2.497, 2.358, 
    2.279, 2.258, 2.326, 2.407, 2.444, 2.412, 2.631, 2.594), 
    SMBO.cost = c(14.2827633934743, 14.2827633934743, 14.2827633934743, 
    14.2827633934743, 14.2827633934743, 14.2827633934743, 14.2827633934743, 
    14.2827633934743, 14.2827633934743, 14.2827633934743, 14.2827633934743
    ), SMBO.gamma = c(-13.0016584238295, -13.0016584238295, -13.0016584238295, 
    -13.0016584238295, -13.0016584238295, -13.0016584238295, 
    -13.0016584238295, -13.0016584238295, -13.0016584238295, 
    -13.0016584238295, -13.0016584238295), SMBO.balanced.test.accuracy = c(0.454821798571799, 
    0.454821798571799, 0.454821798571799, 0.454821798571799, 
    0.454821798571799, 0.454821798571799, 0.454821798571799, 
    0.454821798571799, 0.454821798571799, 0.454821798571799, 
    0.454821798571799)), .Names = c("Sampling", "PSO.cost", "PSO.gamma", 
"PSO.data.balancing", "PSO.feature.selection", "PSO.valid.acc", 
"PSO.test.acc", "PSO.train.time", "PSO.n.support.vectors", "PSO.index", 
"PSO.n.solutions", "PSO.generations", "PSO.n.evaluations", "PSO.cpu.time", 
"RS.cost", "RS.gamma", "RS.data.balancing", "RS.feature.selection", 
"RS.valid.acc", "RS.test.acc", "RS.train.time", "RS.n.support.vectors", 
"RS.index", "RS.n.solutions", "RS.generations", "RS.n.evaluations", 
"RS.cpu.time", "DF.cost", "DF.gamma", "DF.data.balancing", "DF.feature.selection", 
"DF.valid.acc", "DF.test.acc", "DF.train.time", "DF.n.support.vectors", 
"DF.index", "DF.n.solutions", "DF.generations", "DF.n.evaluations", 
"DF.cpu.time", "SMBO.cost", "SMBO.gamma", "SMBO.balanced.test.accuracy"
), row.names = c(NA, -11L), class = "data.frame")
