new.sol <-
structure(list(Sampling = c(50, 55, 60, 65, 70, 75, 80, 85, 90, 
95, 100), PSO.cost = c(7.41579, 2.14799, 15, 11.2495, 15, 12.31364, 
10.3288, 15, 15, 15, 14.94535), PSO.gamma = c(-13.00229, -8.481, 
-15, -7.19263, -11.80422, -8.72623, -5.10775, -4.15406, -5.66763, 
-11.6054, -6.23231), PSO.data.balancing = c(0, 0, 0, 0, 0, 0, 
0, 0, 0, 0, 0), PSO.feature.selection = c(0, 0, 0, 0, 0, 0, 0, 
0, 0, 0, 0), PSO.valid.acc = c(0.94455, 0.95758, 0.95052, 0.9478, 
0.97327, 0.94912, 0.97018, 0.96111, 0.96254, 0.95887, 0.96667
), PSO.test.acc = c(0.93545, 0.94015, 0.94219, 0.94066, 0.95899, 
0.94822, 0.95805, 0.95556, 0.97307, 0.95966, 0.95714), PSO.train.time = c(0.0122, 
0.0131, 0.0119, 0.0125, 0.0138, 0.0141, 0.0156, 0.0146, 0.0148, 
0.0158, 0.0165), PSO.n.support.vectors = c(46.1, 58.5, 19.6, 
17.2, 17.5, 18.1, 19.3, 25, 19.6, 22.3, 21.1), PSO.index = c(96, 
151, 160, 226, 217, 73, 24, 218, 55, 115, 21), PSO.n.solutions = c(50, 
244, 1008, 108, 303, 330, 1567, 970, 1403, 466, 1604), PSO.generations = c(100, 
100, 100, 100, 100, 100, 100, 100, 100, 100, 100), PSO.n.evaluations = c(2500, 
2500, 2500, 2500, 2500, 2500, 2500, 2500, 2500, 2500, 2500), 
    PSO.cpu.time = c(7487.087, 7675.64, 7678.115, 7660.688, 7819.16699999999, 
    7960.23599999999, 7923.913, 8031.452, 8105.69799999999, 8263.693, 
    8236.40299999999), RS.cost = c(-1.3609, -1.65426, 1.708, 
    0.10311, 14.62227, 12.87635, 8.59992, 8.86343, 11.62943, 
    13.1233, 14.67996), RS.gamma = c(-3.31447, -3.65265, -6.14286, 
    0.50342, -10.69254, -9.16268, -4.63154, -4.14023, -6.11433, 
    -10.12474, -6.51817), RS.data.balancing = c(0, 0, 0, 0, 0, 
    0, 0, 0, 0, 0, 0), RS.feature.selection = c(0, 0, 0, 0, 0, 
    0, 0, 0, 0, 0, 0), RS.valid.acc = c(0.94364, 0.95758, 0.95117, 
    0.94835, 0.96661, 0.94912, 0.97018, 0.96111, 0.96254, 0.95887, 
    0.96667), RS.test.acc = c(0.94455, 0.94015, 0.94283, 0.94066, 
    0.97327, 0.94822, 0.95805, 0.95556, 0.96751, 0.95966, 0.95714
    ), RS.train.time = c(0.0126, 0.0132, 0.0129, 0.016, 0.0134, 
    0.0141, 0.0134, 0.0146, 0.0153, 0.0155, 0.0172), RS.n.support.vectors = c(48.1, 
    57.7, 41.9, 87, 16.8, 17.5, 20.9, 24.9, 19.8, 22.8, 20.8), 
    RS.index = c(144, 140, 478, 451, 162, 930, 128, 1142, 34, 
    13, 179), RS.n.solutions = c(49, 27, 8, 7, 1, 5, 54, 1, 51, 
    7, 24), RS.generations = c(100, 100, 100, 100, 100, 100, 
    100, 100, 100, 100, 100), RS.n.evaluations = c(2500, 2500, 
    2500, 2500, 2500, 2500, 2500, 2500, 2500, 2500, 2500), RS.cpu.time = c(7548.704, 
    7624.397, 7641.315, 7618.141, 7895.723, 7962.19099999999, 
    8091.46000000001, 8129.48299999999, 8260.163, 8371.73300000001, 
    8215.48199999999), DF.cost = c(1, 1, 1, 1, 1, 1, 1, 1, 1, 
    1, 1), DF.gamma = c(0.14286, 0.14286, 0.14286, 0.14286, 0.14286, 
    0.14286, 0.14286, 0.14286, 0.14286, 0.14286, 0.14286), DF.data.balancing = c(0, 
    0, 0, 0, 0, 0, 0, 0, 0, 0, 0), DF.feature.selection = c(0, 
    0, 0, 0, 0, 0, 0, 0, 0, 0, 0), DF.valid.acc = c(0.91636, 
    0.94091, 0.92681, 0.91868, 0.9256, 0.91703, 0.94003, 0.92541, 
    0.92423, 0.91824, 0.92857), DF.test.acc = c(0.91636, 0.94924, 
    0.92681, 0.91868, 0.93226, 0.91614, 0.93415, 0.93166, 0.94094, 
    0.92876, 0.92857), DF.train.time = c(0.0129, 0.0136, 0.0134, 
    0.0133, 0.0142, 0.0149, 0.0148, 0.0151, 0.0155, 0.016, 0.0165
    ), DF.n.support.vectors = c(36.8, 39.1, 40.6, 43.1, 46.4, 
    48.3, 50.7, 53, 54.2, 57.8, 60.3), DF.index = c(1, 1, 1, 
    1, 1, 1, 1, 1, 1, 1, 1), DF.n.solutions = c(1, 1, 1, 1, 1, 
    1, 1, 1, 1, 1, 1), DF.generations = c(1, 1, 1, 1, 1, 1, 1, 
    1, 1, 1, 1), DF.n.evaluations = c(1, 1, 1, 1, 1, 1, 1, 1, 
    1, 1, 1), DF.cpu.time = c(3.124, 3.092, 3.075, 3.054, 3.208, 
    3.378, 3.208, 3.244, 3.408, 3.25, 3.242), SMBO.cost = c(12.8042800468493, 
    12.8042800468493, 12.8042800468493, 12.8042800468493, 12.8042800468493, 
    12.8042800468493, 12.8042800468493, 12.8042800468493, 12.8042800468493, 
    12.8042800468493, 12.8042800468493), SMBO.gamma = c(-10.4924488502274, 
    -10.4924488502274, -10.4924488502274, -10.4924488502274, 
    -10.4924488502274, -10.4924488502274, -10.4924488502274, 
    -10.4924488502274, -10.4924488502274, -10.4924488502274, 
    -10.4924488502274), SMBO.balanced.test.accuracy = c(0.953944203944204, 
    0.953944203944204, 0.953944203944204, 0.953944203944204, 
    0.953944203944204, 0.953944203944204, 0.953944203944204, 
    0.953944203944204, 0.953944203944204, 0.953944203944204, 
    0.953944203944204)), .Names = c("Sampling", "PSO.cost", "PSO.gamma", 
"PSO.data.balancing", "PSO.feature.selection", "PSO.valid.acc", 
"PSO.test.acc", "PSO.train.time", "PSO.n.support.vectors", "PSO.index", 
"PSO.n.solutions", "PSO.generations", "PSO.n.evaluations", "PSO.cpu.time", 
"RS.cost", "RS.gamma", "RS.data.balancing", "RS.feature.selection", 
"RS.valid.acc", "RS.test.acc", "RS.train.time", "RS.n.support.vectors", 
"RS.index", "RS.n.solutions", "RS.generations", "RS.n.evaluations", 
"RS.cpu.time", "DF.cost", "DF.gamma", "DF.data.balancing", "DF.feature.selection", 
"DF.valid.acc", "DF.test.acc", "DF.train.time", "DF.n.support.vectors", 
"DF.index", "DF.n.solutions", "DF.generations", "DF.n.evaluations", 
"DF.cpu.time", "SMBO.cost", "SMBO.gamma", "SMBO.balanced.test.accuracy"
), row.names = c(NA, -11L), class = "data.frame")
