new.sol <-
structure(list(Sampling = c(50, 55, 60, 65, 70, 75, 80, 85, 90, 
95, 100), PSO.cost = c(7.52371, 5.50871, 1, 6.24229, 14.77782, 
6.45384, 15, -1.13794, 10.26131, 13.39813, 15), PSO.gamma = c(-9.21535, 
-4.061, 0.14286, -4.01971, -10.22388, -3.17956, -10.59193, 0.11122, 
-4.59838, -5.62092, -6.0269), PSO.data.balancing = c(0, 0, 0, 
0, 0, 0, 0, 0, 0, 0, 0), PSO.feature.selection = c(0, 0, 0, 0, 
0, 0, 0, 0, 0, 0, 0), PSO.valid.acc = c(0.95273, 0.96591, 0.96016, 
0.97033, 0.95952, 0.96077, 0.95074, 0.9549, 0.96754, 0.97521, 
0.96667), PSO.test.acc = c(0.94273, 0.93015, 0.94414, 0.95533, 
0.95857, 0.94167, 0.95662, 0.94935, 0.93477, 0.95442, 0.9619), 
    PSO.train.time = c(0.0128, 0.0114, 0.013, 0.0123, 0.013, 
    0.0134, 0.0133, 0.0162, 0.0138, 0.0144, 0.0159), PSO.n.support.vectors = c(23.4, 
    21.8, 42, 25.6, 15.6, 28.2, 18.6, 104.1, 22.2, 21, 20.4), 
    PSO.index = c(5, 2231, 1, 200, 354, 456, 361, 408, 190, 118, 
    80), PSO.n.solutions = c(416, 2, 39, 363, 1051, 504, 561, 
    168, 1206, 620, 1322), PSO.generations = c(100, 100, 100, 
    100, 100, 100, 100, 100, 100, 100, 100), PSO.n.evaluations = c(2500, 
    2500, 2500, 2500, 2500, 2500, 2500, 2500, 2500, 2500, 2500
    ), PSO.cpu.time = c(7628.925, 7666.19, 7605.133, 7856.955, 
    8174.44299999999, 8087.963, 7554.40400000001, 7717.895, 8146.10799999999, 
    7810.37100000001, 7808.742), RS.cost = c(13.13939, 5.79767, 
    -0.33861, 5.91901, 14.98737, 6.49553, 14.47254, -1.09229, 
    11.81783, 14.25966, 13.21569), RS.gamma = c(-11.44126, -4.25157, 
    -2.60082, -4.05207, -10.07712, -3.10373, -10.57738, -0.11175, 
    -4.25224, -5.52629, -6.07001), RS.data.balancing = c(0, 0, 
    0, 0, 0, 0, 0, 0, 0, 0, 0), RS.feature.selection = c(0, 0, 
    0, 0, 0, 0, 0, 0, 0, 0, 0), RS.valid.acc = c(0.95273, 0.95758, 
    0.96016, 0.96264, 0.95952, 0.96077, 0.95074, 0.94935, 0.96754, 
    0.97521, 0.96667), RS.test.acc = c(0.96182, 0.93015, 0.94414, 
    0.95597, 0.96571, 0.935, 0.95662, 0.93824, 0.92421, 0.95442, 
    0.9619), RS.train.time = c(0.0122, 0.0122, 0.0127, 0.0127, 
    0.0143, 0.0137, 0.0139, 0.0176, 0.0148, 0.0142, 0.0155), 
    RS.n.support.vectors = c(16.4, 20.7, 45, 25.6, 15.3, 28.7, 
    19.6, 97.4, 23.3, 21.1, 20.4), RS.index = c(1, 2266, 37, 
    88, 614, 289, 422, 165, 37, 46, 331), RS.n.solutions = c(148, 
    1, 12, 8, 5, 1, 3, 3, 20, 29, 7), RS.generations = c(100, 
    100, 100, 100, 100, 100, 100, 100, 100, 100, 100), RS.n.evaluations = c(2500, 
    2500, 2500, 2500, 2500, 2500, 2500, 2500, 2500, 2500, 2500
    ), RS.cpu.time = c(7888.933, 7585.753, 7524.14, 8106.544, 
    8000.211, 7963.48300000001, 7480.42, 8214.099, 8024.601, 
    7856.21299999999, 8033.30599999998), DF.cost = c(1, 1, 1, 
    1, 1, 1, 1, 1, 1, 1, 1), DF.gamma = c(0.14286, 0.14286, 0.14286, 
    0.14286, 0.14286, 0.14286, 0.14286, 0.14286, 0.14286, 0.14286, 
    0.14286), DF.data.balancing = c(0, 0, 0, 0, 0, 0, 0, 0, 0, 
    0, 0), DF.feature.selection = c(0, 0, 0, 0, 0, 0, 0, 0, 0, 
    0, 0), DF.valid.acc = c(0.94273, 0.94848, 0.96016, 0.93454, 
    0.93143, 0.92732, 0.93897, 0.93824, 0.93503, 0.92784, 0.92857
    ), DF.test.acc = c(0.95182, 0.94682, 0.94414, 0.93399, 0.93143, 
    0.92107, 0.93272, 0.93235, 0.93503, 0.9331, 0.92381), DF.train.time = c(0.0122, 
    0.0135, 0.0125, 0.0137, 0.014, 0.0134, 0.0135, 0.0166, 0.0147, 
    0.015, 0.0158), DF.n.support.vectors = c(38, 40.9, 42, 43.6, 
    46.3, 49, 51.7, 52.8, 54, 56.6, 60.3), DF.index = c(1, 1, 
    1, 1, 1, 1, 1, 1, 1, 1, 1), DF.n.solutions = c(1, 1, 1, 1, 
    1, 1, 1, 1, 1, 1, 1), DF.generations = c(1, 1, 1, 1, 1, 1, 
    1, 1, 1, 1, 1), DF.n.evaluations = c(1, 1, 1, 1, 1, 1, 1, 
    1, 1, 1, 1), DF.cpu.time = c(3.42, 3.222, 2.852, 3.112, 3.218, 
    2.811, 2.822, 3.045, 3.227, 3.263, 3.141), SMBO.cost = c(11.4347060156889, 
    11.4347060156889, 11.4347060156889, 11.4347060156889, 11.4347060156889, 
    11.4347060156889, 11.4347060156889, 11.4347060156889, 11.4347060156889, 
    11.4347060156889, 11.4347060156889), SMBO.gamma = c(-8.18362760164587, 
    -8.18362760164587, -8.18362760164587, -8.18362760164587, 
    -8.18362760164587, -8.18362760164587, -8.18362760164587, 
    -8.18362760164587, -8.18362760164587, -8.18362760164587, 
    -8.18362760164587), SMBO.balanced.test.accuracy = c(0.967086054042576, 
    0.967086054042576, 0.967086054042576, 0.967086054042576, 
    0.967086054042576, 0.967086054042576, 0.967086054042576, 
    0.967086054042576, 0.967086054042576, 0.967086054042576, 
    0.967086054042576)), .Names = c("Sampling", "PSO.cost", "PSO.gamma", 
"PSO.data.balancing", "PSO.feature.selection", "PSO.valid.acc", 
"PSO.test.acc", "PSO.train.time", "PSO.n.support.vectors", "PSO.index", 
"PSO.n.solutions", "PSO.generations", "PSO.n.evaluations", "PSO.cpu.time", 
"RS.cost", "RS.gamma", "RS.data.balancing", "RS.feature.selection", 
"RS.valid.acc", "RS.test.acc", "RS.train.time", "RS.n.support.vectors", 
"RS.index", "RS.n.solutions", "RS.generations", "RS.n.evaluations", 
"RS.cpu.time", "DF.cost", "DF.gamma", "DF.data.balancing", "DF.feature.selection", 
"DF.valid.acc", "DF.test.acc", "DF.train.time", "DF.n.support.vectors", 
"DF.index", "DF.n.solutions", "DF.generations", "DF.n.evaluations", 
"DF.cpu.time", "SMBO.cost", "SMBO.gamma", "SMBO.balanced.test.accuracy"
), row.names = c(NA, -11L), class = "data.frame")
