new.sol <-
structure(list(Sampling = c(50, 55, 60, 65, 70, 75, 80, 85, 90, 
95, 100), PSO.cost = c(12.38091, 15, 9.50966, 10.56275, 3.69971, 
15, 13.74834, 14.215, 7.21264, 15, 12.59581), PSO.gamma = c(-6.54258, 
-12.22563, -10.81526, -9.64386, -5.18786, -9.87074, -10.48125, 
-7.69334, -3.33892, -10.80051, -9.62334), PSO.data.balancing = c(0, 
0, 0, 0, 0, 0, 0, 0, 0, 0, 0), PSO.feature.selection = c(0, 0, 
0, 0, 0, 0, 0, 0, 0, 0, 0), PSO.valid.acc = c(0.96364, 0.95606, 
0.95897, 0.96136, 0.97238, 0.96792, 0.96397, 0.96536, 0.96228, 
0.95997, 0.96667), PSO.test.acc = c(0.93364, 0.94773, 0.95064, 
0.94921, 0.94421, 0.95542, 0.96397, 0.94216, 0.95146, 0.94944, 
0.94286), PSO.train.time = c(0.0112, 0.0118, 0.0123, 0.013, 0.0123, 
0.0165, 0.017, 0.0171, 0.018, 0.0202, 0.0174), PSO.n.support.vectors = c(13.3, 
13.2, 23.6, 19.2, 29.6, 17.7, 18.9, 18.1, 32.4, 20.3, 23.2), 
    PSO.index = c(8, 260, 39, 31, 795, 81, 87, 89, 25, 182, 319
    ), PSO.n.solutions = c(1235, 297, 473, 259, 32, 1242, 862, 
    1448, 1364, 919, 193), PSO.generations = c(100, 100, 100, 
    100, 100, 100, 100, 100, 100, 100, 100), PSO.n.evaluations = c(2500, 
    2500, 2500, 2500, 2500, 2500, 2500, 2500, 2500, 2500, 2500
    ), PSO.cpu.time = c(7077.015, 7197.172, 7364.392, 7460.11399999999, 
    8450.87, 10646.388, 10657.151, 10190.444, 10954.7, 11497.075, 
    10761.468), RS.cost = c(8.39634, 14.88283, 13.86131, 10.81073, 
    4.11477, 13.80724, 12.97789, 12.99535, 11.32293, 14.17547, 
    12.27458), RS.gamma = c(-5.77622, -11.94542, -13.66291, -10.01603, 
    -5.53509, -8.95635, -10.46909, -6.38013, -3.06335, -10.79794, 
    -9.78475), RS.data.balancing = c(0, 0, 0, 0, 0, 0, 0, 0, 
    0, 0, 0), RS.feature.selection = c(0, 0, 0, 0, 0, 0, 0, 0, 
    0, 0, 0), RS.valid.acc = c(0.97273, 0.95606, 0.95897, 0.96136, 
    0.97238, 0.96792, 0.96397, 0.96536, 0.96228, 0.95497, 0.9619
    ), RS.test.acc = c(0.93364, 0.93864, 0.94231, 0.94088, 0.94421, 
    0.94917, 0.95772, 0.94216, 0.95117, 0.94918, 0.94286), RS.train.time = c(0.0108, 
    0.0124, 0.0123, 0.0128, 0.0154, 0.0177, 0.0175, 0.0169, 0.0177, 
    0.0199, 0.0178), RS.n.support.vectors = c(15.1, 13.1, 19.1, 
    19.5, 29, 18.5, 20.2, 18.5, 34.3, 21.8, 24.5), RS.index = c(1404, 
    132, 5, 164, 1584, 177, 91, 28, 4, 127, 68), RS.n.solutions = c(1, 
    6, 56, 3, 2, 8, 36, 19, 76, 6, 41), RS.generations = c(100, 
    100, 100, 100, 100, 100, 100, 100, 100, 100, 100), RS.n.evaluations = c(2500, 
    2500, 2500, 2500, 2500, 2500, 2500, 2500, 2500, 2500, 2500
    ), RS.cpu.time = c(7056.254, 7420.74, 7459.443, 7466.518, 
    10544.22, 10755.124, 10660.356, 10512.6, 11458.859, 11340.19, 
    10853.856), DF.cost = c(1, 1, 1, 1, 1, 1, 1, 1, 1, 1, 1), 
    DF.gamma = c(0.14286, 0.14286, 0.14286, 0.14286, 0.14286, 
    0.14286, 0.14286, 0.14286, 0.14286, 0.14286, 0.14286), DF.data.balancing = c(0, 
    0, 0, 0, 0, 0, 0, 0, 0, 0, 0), DF.feature.selection = c(0, 
    0, 0, 0, 0, 0, 0, 0, 0, 0, 0), DF.valid.acc = c(0.93455, 
    0.92955, 0.93516, 0.93921, 0.94271, 0.94167, 0.93346, 0.91993, 
    0.94064, 0.9236, 0.92857), DF.test.acc = c(0.92455, 0.91045, 
    0.92683, 0.93921, 0.94271, 0.94833, 0.92721, 0.93693, 0.93509, 
    0.9236, 0.93333), DF.train.time = c(0.0124, 0.0125, 0.0129, 
    0.0131, 0.0161, 0.0177, 0.0165, 0.0186, 0.0191, 0.0193, 0.0188
    ), DF.n.support.vectors = c(39.9, 39.3, 42.8, 44.7, 46.8, 
    50, 51.1, 54.9, 55.9, 58.3, 60.3), DF.index = c(1, 1, 1, 
    1, 1, 1, 1, 1, 1, 1, 1), DF.n.solutions = c(1, 1, 1, 1, 1, 
    1, 1, 1, 1, 1, 1), DF.generations = c(1, 1, 1, 1, 1, 1, 1, 
    1, 1, 1, 1), DF.n.evaluations = c(1, 1, 1, 1, 1, 1, 1, 1, 
    1, 1, 1), DF.cpu.time = c(2.877, 2.954, 3.032, 2.958, 4.151, 
    4.245, 4.195, 4.247, 4.663, 4.296, 4.104), SMBO.cost = c(12.6194760301416, 
    12.6194760301416, 12.6194760301416, 12.6194760301416, 12.6194760301416, 
    12.6194760301416, 12.6194760301416, 12.6194760301416, 12.6194760301416, 
    12.6194760301416, 12.6194760301416), SMBO.gamma = c(-3.77870905838881, 
    -3.77870905838881, -3.77870905838881, -3.77870905838881, 
    -3.77870905838881, -3.77870905838881, -3.77870905838881, 
    -3.77870905838881, -3.77870905838881, -3.77870905838881, 
    -3.77870905838881), SMBO.balanced.test.accuracy = c(0.971901649548708, 
    0.971901649548708, 0.971901649548708, 0.971901649548708, 
    0.971901649548708, 0.971901649548708, 0.971901649548708, 
    0.971901649548708, 0.971901649548708, 0.971901649548708, 
    0.971901649548708)), .Names = c("Sampling", "PSO.cost", "PSO.gamma", 
"PSO.data.balancing", "PSO.feature.selection", "PSO.valid.acc", 
"PSO.test.acc", "PSO.train.time", "PSO.n.support.vectors", "PSO.index", 
"PSO.n.solutions", "PSO.generations", "PSO.n.evaluations", "PSO.cpu.time", 
"RS.cost", "RS.gamma", "RS.data.balancing", "RS.feature.selection", 
"RS.valid.acc", "RS.test.acc", "RS.train.time", "RS.n.support.vectors", 
"RS.index", "RS.n.solutions", "RS.generations", "RS.n.evaluations", 
"RS.cpu.time", "DF.cost", "DF.gamma", "DF.data.balancing", "DF.feature.selection", 
"DF.valid.acc", "DF.test.acc", "DF.train.time", "DF.n.support.vectors", 
"DF.index", "DF.n.solutions", "DF.generations", "DF.n.evaluations", 
"DF.cpu.time", "SMBO.cost", "SMBO.gamma", "SMBO.balanced.test.accuracy"
), row.names = c(NA, -11L), class = "data.frame")
