new.sol <-
structure(list(Sampling = c(50, 55, 60, 65, 70, 75, 80, 85, 90, 
95, 100), PSO.cost = c(12.61815, 5.94834, 2.6802, 12.43075, 11.66533, 
5.59625, 15, 12.56114, 12.2247, 14.70791, 10.21379), PSO.gamma = c(-11.77821, 
-6.81587, -4.85957, -8.10878, -4.4947, -3.53015, -11.3791, -9.07723, 
-7.59489, -10.10436, -3.01801), PSO.data.balancing = c(0, 0, 
0, 0, 0, 0, 0, 0, 0, 0, 0), PSO.feature.selection = c(0, 0, 0, 
0, 0, 0, 0, 0, 0, 0, 0), PSO.valid.acc = c(0.96273, 0.94965, 
0.94295, 0.98571, 0.97905, 0.96282, 0.98268, 0.96631, 0.97774, 
0.96469, 0.95714), PSO.test.acc = c(0.94273, 0.94056, 0.94295, 
0.97857, 0.95857, 0.93152, 0.95874, 0.96692, 0.96137, 0.94866, 
0.9619), PSO.train.time = c(0.0117, 0.0115, 0.0122, 0.0145, 0.0146, 
0.0154, 0.0156, 0.0163, 0.0165, 0.0148, 0.0147), PSO.n.support.vectors = c(18.6, 
24.5, 31.9, 16.4, 22.2, 28.4, 17.6, 21.3, 20.6, 20.6, 34.3), 
    PSO.index = c(102, 27, 219, 100, 69, 773, 1083, 38, 638, 
    132, 51), PSO.n.solutions = c(360, 308, 471, 475, 1370, 82, 
    14, 1107, 377, 913, 598), PSO.generations = c(100, 100, 100, 
    100, 100, 100, 100, 100, 100, 100, 100), PSO.n.evaluations = c(2500, 
    2500, 2500, 2500, 2500, 2500, 2500, 2500, 2500, 2500, 2500
    ), PSO.cpu.time = c(6926.409, 6932.513, 6882.982, 9531.67099999999, 
    9433.811, 9668.28200000001, 9610.08200000001, 9600.52399999999, 
    9701.13099999999, 6863.63200000001, 7052.51499999998), RS.cost = c(13.17286, 
    12.58378, 2.97409, 11.94127, 12.08087, 4.6645, 14.34518, 
    14.44613, 12.5, 14.21881, 14.2007), RS.gamma = c(-12.04935, 
    -10.51112, -5.37941, -7.99994, -4.02059, -2.89487, -10.62172, 
    -10.79285, -7.75423, -10.00698, -10.31997), RS.data.balancing = c(0, 
    0, 0, 0, 0, 0, 0, 0, 0, 0, 0), RS.feature.selection = c(0, 
    0, 0, 0, 0, 0, 0, 0, 0, 0, 0), RS.valid.acc = c(0.96273, 
    0.94965, 0.94295, 0.98571, 0.97905, 0.96245, 0.97643, 0.96631, 
    0.97248, 0.96469, 0.9619), RS.test.acc = c(0.94273, 0.94965, 
    0.94295, 0.97857, 0.95857, 0.94444, 0.9643, 0.96692, 0.96137, 
    0.94866, 0.9619), RS.train.time = c(0.0116, 0.0114, 0.0114, 
    0.0144, 0.0144, 0.0162, 0.0159, 0.0153, 0.0163, 0.0139, 0.0142
    ), RS.n.support.vectors = c(18, 17.1, 32.1, 16.9, 24.9, 34.6, 
    17, 20, 20.5, 21.4, 23), RS.index = c(12, 1, 88, 1244, 3, 
    1899, 126, 82, 48, 88, 1088), RS.n.solutions = c(21, 100, 
    18, 1, 42, 1, 11, 29, 11, 9, 2), RS.generations = c(100, 
    100, 100, 100, 100, 100, 100, 100, 100, 100, 100), RS.n.evaluations = c(2500, 
    2500, 2500, 2500, 2500, 2500, 2500, 2500, 2500, 2500, 2500
    ), RS.cpu.time = c(6981.753, 6875.411, 7133.947, 9466.14999999999, 
    9636.27899999999, 9725.45000000001, 9657.08799999999, 9698.76700000001, 
    8095.18400000001, 7044.511, 7084.97500000001), DF.cost = c(1, 
    1, 1, 1, 1, 1, 1, 1, 1, 1, 1), DF.gamma = c(0.14286, 0.14286, 
    0.14286, 0.14286, 0.14286, 0.14286, 0.14286, 0.14286, 0.14286, 
    0.14286, 0.14286), DF.data.balancing = c(0, 0, 0, 0, 0, 0, 
    0, 0, 0, 0, 0), DF.feature.selection = c(0, 0, 0, 0, 0, 0, 
    0, 0, 0, 0, 0), DF.valid.acc = c(0.92364, 0.93287, 0.93526, 
    0.92527, 0.93048, 0.91771, 0.9223, 0.92647, 0.9242, 0.92863, 
    0.93333), DF.test.acc = c(0.91455, 0.91378, 0.92756, 0.93242, 
    0.93048, 0.91902, 0.93374, 0.92647, 0.91864, 0.92813, 0.93333
    ), DF.train.time = c(0.0117, 0.0124, 0.0146, 0.0156, 0.016, 
    0.0162, 0.0162, 0.0165, 0.0145, 0.0139, 0.015), DF.n.support.vectors = c(40.3, 
    41.5, 43.3, 45.8, 46.5, 48.9, 50.3, 54.8, 56.2, 59, 61.3), 
    DF.index = c(1, 1, 1, 1, 1, 1, 1, 1, 1, 1, 1), DF.n.solutions = c(1, 
    1, 1, 1, 1, 1, 1, 1, 1, 1, 1), DF.generations = c(1, 1, 1, 
    1, 1, 1, 1, 1, 1, 1, 1), DF.n.evaluations = c(1, 1, 1, 1, 
    1, 1, 1, 1, 1, 1, 1), DF.cpu.time = c(2.745, 2.821, 3.731, 
    4.045, 3.995, 3.951, 3.802, 3.899, 2.815, 2.655, 2.886), 
    SMBO.cost = c(12.8538616803906, 12.8538616803906, 12.8538616803906, 
    12.8538616803906, 12.8538616803906, 12.8538616803906, 12.8538616803906, 
    12.8538616803906, 12.8538616803906, 12.8538616803906, 12.8538616803906
    ), SMBO.gamma = c(-9.19393579651462, -9.19393579651462, -9.19393579651462, 
    -9.19393579651462, -9.19393579651462, -9.19393579651462, 
    -9.19393579651462, -9.19393579651462, -9.19393579651462, 
    -9.19393579651462, -9.19393579651462), SMBO.balanced.test.accuracy = c(0.964227194395005, 
    0.964227194395005, 0.964227194395005, 0.964227194395005, 
    0.964227194395005, 0.964227194395005, 0.964227194395005, 
    0.964227194395005, 0.964227194395005, 0.964227194395005, 
    0.964227194395005)), .Names = c("Sampling", "PSO.cost", "PSO.gamma", 
"PSO.data.balancing", "PSO.feature.selection", "PSO.valid.acc", 
"PSO.test.acc", "PSO.train.time", "PSO.n.support.vectors", "PSO.index", 
"PSO.n.solutions", "PSO.generations", "PSO.n.evaluations", "PSO.cpu.time", 
"RS.cost", "RS.gamma", "RS.data.balancing", "RS.feature.selection", 
"RS.valid.acc", "RS.test.acc", "RS.train.time", "RS.n.support.vectors", 
"RS.index", "RS.n.solutions", "RS.generations", "RS.n.evaluations", 
"RS.cpu.time", "DF.cost", "DF.gamma", "DF.data.balancing", "DF.feature.selection", 
"DF.valid.acc", "DF.test.acc", "DF.train.time", "DF.n.support.vectors", 
"DF.index", "DF.n.solutions", "DF.generations", "DF.n.evaluations", 
"DF.cpu.time", "SMBO.cost", "SMBO.gamma", "SMBO.balanced.test.accuracy"
), row.names = c(NA, -11L), class = "data.frame")
