new.sol <-
structure(list(Sampling = c(50, 55, 60, 65, 70, 75, 80, 85, 90, 
95, 100), PSO.cost = c(11.9688, 14.53338, 14.68494, 12.78394, 
6.12047, 13.6536, 6.09022, 8.61201, 10.74016, 11.69359, 13.12146
), PSO.gamma = c(-7.21966, -11.65264, -13.4549, -6.75896, -4.75509, 
-10.99327, -5.81642, -2.22663, -7.73526, -4.62254, -6.95217), 
    PSO.data.balancing = c(0, 0, 0, 0, 0, 0, 0, 0, 0, 0, 0), 
    PSO.feature.selection = c(0, 0, 0, 0, 0, 0, 0, 0, 0, 0, 0
    ), PSO.valid.acc = c(0.95273, 0.93962, 0.93782, 0.93407, 
    0.93795, 0.95458, 0.9473, 0.93725, 0.97833, 0.96355, 0.96667
    ), PSO.test.acc = c(0.91455, 0.9045, 0.92244, 0.92692, 0.92366, 
    0.91583, 0.93475, 0.91961, 0.945, 0.9522, 0.94762), PSO.train.time = c(0.0112, 
    0.0118, 0.0112, 0.0122, 0.0127, 0.0126, 0.0135, 0.0144, 0.0132, 
    0.0141, 0.0165), PSO.n.support.vectors = c(17.4, 18.4, 21.3, 
    19.3, 26.5, 20.3, 28.1, 44, 23.1, 23, 21.1), PSO.index = c(905, 
    307, 122, 29, 74, 18, 406, 204, 67, 5, 84), PSO.n.solutions = c(95, 
    251, 536, 1580, 576, 417, 236, 222, 128, 982, 805), PSO.generations = c(100, 
    100, 100, 100, 100, 100, 100, 100, 100, 100, 100), PSO.n.evaluations = c(2500, 
    2500, 2500, 2500, 2500, 2500, 2500, 2500, 2500, 2500, 2500
    ), PSO.cpu.time = c(6871.254, 6764.651, 6807.978, 6800.292, 
    7026.6, 7257.39300000001, 7213.49000000001, 7179.372, 7296.219, 
    7329.61100000002, 7244.163), RS.cost = c(11.77733, 13.74343, 
    14.20659, 7.28225, 6.94649, 14.94519, 6.11366, 0.96939, 11.4322, 
    10.32099, 14.99176), RS.gamma = c(-7.1378, -10.7527, -12.82465, 
    -5.51518, -5.67104, -12.2051, -5.22832, 0.22019, -8.33373, 
    -4.53433, -6.1475), RS.data.balancing = c(0, 0, 0, 0, 0, 
    0, 0, 0, 0, 0, 0), RS.feature.selection = c(0, 0, 0, 0, 0, 
    0, 0, 0, 0, 0, 0), RS.valid.acc = c(0.95273, 0.93962, 0.93782, 
    0.93462, 0.93795, 0.95458, 0.94698, 0.94216, 0.97278, 0.96355, 
    0.96667), RS.test.acc = c(0.91455, 0.9045, 0.92244, 0.93462, 
    0.93692, 0.9225, 0.94064, 0.91895, 0.95056, 0.9522, 0.95714
    ), RS.train.time = c(0.011, 0.0111, 0.0116, 0.0125, 0.0127, 
    0.0131, 0.013, 0.0181, 0.0132, 0.0146, 0.016), RS.n.support.vectors = c(17.7, 
    17.9, 20.8, 23.9, 25.9, 20.3, 26.9, 99.8, 22.9, 23.9, 21.4
    ), RS.index = c(2416, 302, 62, 75, 587, 340, 810, 139, 20, 
    188, 317), RS.n.solutions = c(1, 9, 15, 3, 6, 1, 1, 2, 10, 
    103, 6), RS.generations = c(100, 100, 100, 100, 100, 100, 
    100, 100, 100, 100, 100), RS.n.evaluations = c(2500, 2500, 
    2500, 2500, 2500, 2500, 2500, 2500, 2500, 2500, 2500), RS.cpu.time = c(6820.629, 
    6796.819, 6840.529, 7003.595, 7104.39, 7291.803, 7139.92, 
    7198.44, 7342.932, 7527.51300000001, 7405.95199999999), DF.cost = c(1, 
    1, 1, 1, 1, 1, 1, 1, 1, 1, 1), DF.gamma = c(0.14286, 0.14286, 
    0.14286, 0.14286, 0.14286, 0.14286, 0.14286, 0.14286, 0.14286, 
    0.14286, 0.14286), DF.data.balancing = c(0, 0, 0, 0, 0, 0, 
    0, 0, 0, 0, 0), DF.feature.selection = c(0, 0, 0, 0, 0, 0, 
    0, 0, 0, 0, 0), DF.valid.acc = c(0.89545, 0.88692, 0.9141, 
    0.91264, 0.90264, 0.91625, 0.9355, 0.90817, 0.9114, 0.92574, 
    0.93333), DF.test.acc = c(0.89621, 0.89756, 0.9141, 0.90495, 
    0.91597, 0.92292, 0.92258, 0.90817, 0.92251, 0.92654, 0.92857
    ), DF.train.time = c(0.0113, 0.0116, 0.0119, 0.0126, 0.0133, 
    0.0134, 0.0141, 0.0142, 0.015, 0.0151, 0.016), DF.n.support.vectors = c(43.1, 
    44.1, 45.9, 47.9, 51.5, 52.6, 52.3, 55.9, 55.5, 58.5, 60.6
    ), DF.index = c(1, 1, 1, 1, 1, 1, 1, 1, 1, 1, 1), DF.n.solutions = c(1, 
    1, 1, 1, 1, 1, 1, 1, 1, 1, 1), DF.generations = c(1, 1, 1, 
    1, 1, 1, 1, 1, 1, 1, 1), DF.n.evaluations = c(1, 1, 1, 1, 
    1, 1, 1, 1, 1, 1, 1), DF.cpu.time = c(2.598, 2.633, 2.705, 
    2.798, 2.772, 2.87, 2.923, 2.93, 3.019, 2.997, 2.977), SMBO.cost = c(14.4895538514059, 
    14.4895538514059, 14.4895538514059, 14.4895538514059, 14.4895538514059, 
    14.4895538514059, 14.4895538514059, 14.4895538514059, 14.4895538514059, 
    14.4895538514059, 14.4895538514059), SMBO.gamma = c(-8.54032865985933, 
    -8.54032865985933, -8.54032865985933, -8.54032865985933, 
    -8.54032865985933, -8.54032865985933, -8.54032865985933, 
    -8.54032865985933, -8.54032865985933, -8.54032865985933, 
    -8.54032865985933), SMBO.balanced.test.accuracy = c(0.954060968553722, 
    0.954060968553722, 0.954060968553722, 0.954060968553722, 
    0.954060968553722, 0.954060968553722, 0.954060968553722, 
    0.954060968553722, 0.954060968553722, 0.954060968553722, 
    0.954060968553722)), .Names = c("Sampling", "PSO.cost", "PSO.gamma", 
"PSO.data.balancing", "PSO.feature.selection", "PSO.valid.acc", 
"PSO.test.acc", "PSO.train.time", "PSO.n.support.vectors", "PSO.index", 
"PSO.n.solutions", "PSO.generations", "PSO.n.evaluations", "PSO.cpu.time", 
"RS.cost", "RS.gamma", "RS.data.balancing", "RS.feature.selection", 
"RS.valid.acc", "RS.test.acc", "RS.train.time", "RS.n.support.vectors", 
"RS.index", "RS.n.solutions", "RS.generations", "RS.n.evaluations", 
"RS.cpu.time", "DF.cost", "DF.gamma", "DF.data.balancing", "DF.feature.selection", 
"DF.valid.acc", "DF.test.acc", "DF.train.time", "DF.n.support.vectors", 
"DF.index", "DF.n.solutions", "DF.generations", "DF.n.evaluations", 
"DF.cpu.time", "SMBO.cost", "SMBO.gamma", "SMBO.balanced.test.accuracy"
), row.names = c(NA, -11L), class = "data.frame")
