new.sol <-
structure(list(Sampling = c(50, 55, 60, 65, 70, 75, 80, 85, 90, 
95, 100), PSO.cost = c(8.06659, 9.10437, 12.95611, 14.74177, 
12.53408, 12.41491, 9.52279, 9.39781, 15, 15, 11.43441), PSO.gamma = c(-4.37802, 
-10.70955, -6.43885, -4.91398, -7.59893, -7.80359, -4.12689, 
-3.25634, -8.48411, -9.23545, -4.65792), PSO.data.balancing = c(0, 
0, 0, 0, 0, 0, 0, 0, 0, 0, 0), PSO.feature.selection = c(0, 0, 
0, 0, 0, 0, 0, 0, 0, 0, 0), PSO.valid.acc = c(0.96333, 0.94848, 
0.96923, 0.97747, 0.9719, 0.97321, 0.96944, 0.97124, 0.96751, 
0.97445, 0.97143), PSO.test.acc = c(0.93682, 0.9303, 0.96859, 
0.96923, 0.96619, 0.96786, 0.96319, 0.9719, 0.95643, 0.94757, 
0.94762), PSO.train.time = c(0.0115, 0.0117, 0.0119, 0.0122, 
0.0131, 0.015, 0.0137, 0.0142, 0.0156, 0.0147, 0.0146), PSO.n.support.vectors = c(15.7, 
23.6, 16.1, 19.7, 17.6, 18.8, 22.4, 32.6, 17.4, 17.8, 22.1), 
    PSO.index = c(955, 182, 31, 74, 127, 117, 25, 218, 239, 223, 
    106), PSO.n.solutions = c(305, 143, 1654, 360, 147, 340, 
    1508, 1008, 1030, 186, 777), PSO.generations = c(100, 100, 
    100, 100, 100, 100, 100, 100, 100, 100, 100), PSO.n.evaluations = c(2500, 
    2500, 2500, 2500, 2500, 2500, 2500, 2500, 2500, 2500, 2500
    ), PSO.cpu.time = c(7310.868, 7344.361, 7341.187, 7209.443, 
    7283.046, 7367.08, 7319.281, 7369.353, 7383.705, 7169.003, 
    7197.66), RS.cost = c(7.20955, 9.22023, 10.65061, 11.7384, 
    13.62525, 13.8822, 12.17009, 12.2105, 14.90333, 13.45506, 
    10.22977), RS.gamma = c(-4.07164, -10.99676, -6.09274, -4.86404, 
    -8.07165, -8.52242, -4.47633, -3.33501, -8.56402, -6.91736, 
    -4.66059), RS.data.balancing = c(0, 0, 0, 0, 0, 0, 0, 0, 
    0, 0, 0), RS.feature.selection = c(0, 0, 0, 0, 0, 0, 0, 0, 
    0, 0, 0), RS.valid.acc = c(0.955, 0.94848, 0.96923, 0.97747, 
    0.9719, 0.97321, 0.96944, 0.97124, 0.96751, 0.96995, 0.97143
    ), RS.test.acc = c(0.93682, 0.9303, 0.9609, 0.96923, 0.96619, 
    0.96786, 0.95731, 0.9719, 0.95643, 0.9631, 0.94762), RS.train.time = c(0.0114, 
    0.0118, 0.0122, 0.0125, 0.0127, 0.0152, 0.0132, 0.0147, 0.0163, 
    0.0145, 0.0143), RS.n.support.vectors = c(16.6, 24.3, 16.9, 
    19.8, 17.1, 18.2, 21.3, 32.1, 17.8, 18.8, 22.1), RS.index = c(1071, 
    84, 8, 102, 36, 274, 65, 58, 1832, 25, 3), RS.n.solutions = c(3, 
    30, 65, 10, 1, 10, 35, 18, 1, 44, 6), RS.generations = c(100, 
    100, 100, 100, 100, 100, 100, 100, 100, 100, 100), RS.n.evaluations = c(2500, 
    2500, 2500, 2500, 2500, 2500, 2500, 2500, 2500, 2500, 2500
    ), RS.cpu.time = c(7471.997, 7304.471, 7347.98, 7287.596, 
    7332.571, 7354.02600000001, 7334.25599999999, 7533.46999999999, 
    7727.66800000001, 7196.03600000002, 7633.86300000001), DF.cost = c(1, 
    1, 1, 1, 1, 1, 1, 1, 1, 1, 1), DF.gamma = c(0.14286, 0.14286, 
    0.14286, 0.14286, 0.14286, 0.14286, 0.14286, 0.14286, 0.14286, 
    0.14286, 0.14286), DF.data.balancing = c(0, 0, 0, 0, 0, 0, 
    0, 0, 0, 0, 0), DF.feature.selection = c(0, 0, 0, 0, 0, 0, 
    0, 0, 0, 0, 0), DF.valid.acc = c(0.91773, 0.92939, 0.91923, 
    0.93956, 0.93088, 0.94202, 0.94069, 0.94248, 0.94646, 0.93305, 
    0.93333), DF.test.acc = c(0.91773, 0.93848, 0.93654, 0.93956, 
    0.93136, 0.92952, 0.93444, 0.94281, 0.93535, 0.94413, 0.94286
    ), DF.train.time = c(0.0121, 0.0122, 0.0123, 0.0125, 0.0152, 
    0.0142, 0.0152, 0.0156, 0.0145, 0.0151, 0.0158), DF.n.support.vectors = c(36.8, 
    40.1, 44.3, 47.3, 47.2, 50.1, 52.5, 54.2, 56.2, 55.7, 60.5
    ), DF.index = c(1, 1, 1, 1, 1, 1, 1, 1, 1, 1, 1), DF.n.solutions = c(1, 
    1, 1, 1, 1, 1, 1, 1, 1, 1, 1), DF.generations = c(1, 1, 1, 
    1, 1, 1, 1, 1, 1, 1, 1), DF.n.evaluations = c(1, 1, 1, 1, 
    1, 1, 1, 1, 1, 1, 1), DF.cpu.time = c(2.886, 2.868, 2.867, 
    2.802, 2.907, 2.921, 2.972, 2.859, 2.924, 2.959, 3.039), 
    SMBO.cost = c(10.8907285625044, 10.8907285625044, 10.8907285625044, 
    10.8907285625044, 10.8907285625044, 10.8907285625044, 10.8907285625044, 
    10.8907285625044, 10.8907285625044, 10.8907285625044, 10.8907285625044
    ), SMBO.gamma = c(-10.8120790376485, -10.8120790376485, -10.8120790376485, 
    -10.8120790376485, -10.8120790376485, -10.8120790376485, 
    -10.8120790376485, -10.8120790376485, -10.8120790376485, 
    -10.8120790376485, -10.8120790376485), SMBO.balanced.test.accuracy = c(0.966447870696237, 
    0.966447870696237, 0.966447870696237, 0.966447870696237, 
    0.966447870696237, 0.966447870696237, 0.966447870696237, 
    0.966447870696237, 0.966447870696237, 0.966447870696237, 
    0.966447870696237)), .Names = c("Sampling", "PSO.cost", "PSO.gamma", 
"PSO.data.balancing", "PSO.feature.selection", "PSO.valid.acc", 
"PSO.test.acc", "PSO.train.time", "PSO.n.support.vectors", "PSO.index", 
"PSO.n.solutions", "PSO.generations", "PSO.n.evaluations", "PSO.cpu.time", 
"RS.cost", "RS.gamma", "RS.data.balancing", "RS.feature.selection", 
"RS.valid.acc", "RS.test.acc", "RS.train.time", "RS.n.support.vectors", 
"RS.index", "RS.n.solutions", "RS.generations", "RS.n.evaluations", 
"RS.cpu.time", "DF.cost", "DF.gamma", "DF.data.balancing", "DF.feature.selection", 
"DF.valid.acc", "DF.test.acc", "DF.train.time", "DF.n.support.vectors", 
"DF.index", "DF.n.solutions", "DF.generations", "DF.n.evaluations", 
"DF.cpu.time", "SMBO.cost", "SMBO.gamma", "SMBO.balanced.test.accuracy"
), row.names = c(NA, -11L), class = "data.frame")
