new.sol <-
structure(list(Sampling = c(50, 55, 60, 65, 70, 75, 80, 85, 90, 
95, 100), PSO.cost = c(15, 7.26857, -0.43996, 3.90346, 2.11418, 
3.16924, 9.27094, 13.58958, 10.19809, 15, 13.23327), PSO.gamma = c(-10.4167, 
-5.90587, -4.06753, -1.75973, -1.29927, -1.45727, -1.06798, -7.34878, 
-7.77947, -10.46306, -5.78932), PSO.data.balancing = c(0, 0, 
0, 0, 0, 0, 0, 0, 0, 0, 0), PSO.feature.selection = c(0, 0, 0, 
0, 0, 0, 0, 0, 0, 0, 0), PSO.valid.acc = c(0.9398, 0.95682, 0.95355, 
0.97143, 0.97905, 0.97412, 0.97647, 0.95458, 0.97392, 0.94363, 
0.96667), PSO.test.acc = c(0.92258, 0.94773, 0.92907, 0.95604, 
0.97905, 0.95526, 0.95846, 0.94869, 0.94055, 0.94389, 0.9619), 
    PSO.train.time = c(0.0107, 0.0148, 0.0166, 0.013, 0.0135, 
    0.0131, 0.0152, 0.0177, 0.0169, 0.0181, 0.0192), PSO.n.support.vectors = c(14.3, 
    18.4, 46.7, 41.5, 50.3, 49.7, 60.1, 19.3, 25, 19.2, 21.1), 
    PSO.index = c(140, 119, 820, 27, 420, 248, 13, 186, 1104, 
    876, 40), PSO.n.solutions = c(722, 214, 96, 1224, 809, 791, 
    1390, 780, 37, 52, 1424), PSO.generations = c(100, 100, 100, 
    100, 100, 100, 100, 100, 100, 100, 100), PSO.n.evaluations = c(2500, 
    2500, 2500, 2500, 2500, 2500, 2500, 2500, 2500, 2500, 2500
    ), PSO.cpu.time = c(6829.237, 10357.34, 8942.554, 7460.254, 
    7358.60500000001, 7348.492, 7966.451, 10446.684, 10556.721, 
    11156.255, 11307.986), RS.cost = c(14.41079, 6.93079, 4.94592, 
    3.03419, 1.8545, 3.28283, 12.30108, 3.06683, 10.72462, 11.8786, 
    12.72452), RS.gamma = c(-9.84296, -5.73088, -3.91127, -1.61256, 
    -1.50964, -1.40199, -1.08263, -1.92917, -8.18261, -13.4107, 
    -5.85146), RS.data.balancing = c(0, 0, 0, 0, 0, 0, 0, 0, 
    0, 0, 0), RS.feature.selection = c(0, 0, 0, 0, 0, 0, 0, 0, 
    0, 0, 0), RS.valid.acc = c(0.9398, 0.95682, 0.953, 0.97143, 
    0.97905, 0.97412, 0.97647, 0.95458, 0.96836, 0.93944, 0.96667
    ), RS.test.acc = c(0.92258, 0.94773, 0.92992, 0.9489, 0.97905, 
    0.95526, 0.95846, 0.94902, 0.95692, 0.91836, 0.9619), RS.train.time = c(0.0145, 
    0.0152, 0.0118, 0.0121, 0.0133, 0.0138, 0.0183, 0.0171, 0.0172, 
    0.0166, 0.0188), RS.n.support.vectors = c(14.4, 19, 20.9, 
    43.8, 47.3, 50.7, 59.6, 48.9, 24.1, 35.6, 21.1), RS.index = c(2003, 
    971, 198, 136, 1811, 1345, 11, 60, 172, 265, 7), RS.n.solutions = c(1, 
    4, 23, 13, 1, 3, 27, 6, 5, 13, 34), RS.generations = c(100, 
    100, 100, 100, 100, 100, 100, 100, 100, 100, 100), RS.n.evaluations = c(2500, 
    2500, 2500, 2500, 2500, 2500, 2500, 2500, 2500, 2500, 2500
    ), RS.cpu.time = c(8998.927, 10739.585, 7452.283, 7423.38, 
    7347.719, 7405.72, 10338.287, 10688.585, 11007.874, 11334.122, 
    11137.671), DF.cost = c(1, 1, 1, 1, 1, 1, 1, 1, 1, 1, 1), 
    DF.gamma = c(0.14286, 0.14286, 0.14286, 0.14286, 0.14286, 
    0.14286, 0.14286, 0.14286, 0.14286, 0.14286, 0.14286), DF.data.balancing = c(0, 
    0, 0, 0, 0, 0, 0, 0, 0, 0, 0), DF.feature.selection = c(0, 
    0, 0, 0, 0, 0, 0, 0, 0, 0, 0), DF.valid.acc = c(0.90328, 
    0.93864, 0.92983, 0.93462, 0.95143, 0.9487, 0.94007, 0.9317, 
    0.92532, 0.9181, 0.92857), DF.test.acc = c(0.90237, 0.93864, 
    0.93621, 0.9489, 0.9581, 0.94197, 0.95184, 0.93758, 0.94143, 
    0.91865, 0.92381), DF.train.time = c(0.0156, 0.0162, 0.0124, 
    0.0127, 0.0133, 0.0133, 0.0161, 0.0162, 0.0186, 0.0181, 0.0183
    ), DF.n.support.vectors = c(37.8, 39.7, 40.8, 44.9, 46.2, 
    48.8, 51.3, 52.5, 55.1, 56.4, 60.9), DF.index = c(1, 1, 1, 
    1, 1, 1, 1, 1, 1, 1, 1), DF.n.solutions = c(1, 1, 1, 1, 1, 
    1, 1, 1, 1, 1, 1), DF.generations = c(1, 1, 1, 1, 1, 1, 1, 
    1, 1, 1, 1), DF.n.evaluations = c(1, 1, 1, 1, 1, 1, 1, 1, 
    1, 1, 1), DF.cpu.time = c(4.346, 4.225, 2.938, 2.911, 2.863, 
    2.937, 3.964, 3.986, 4.479, 4.318, 4.214), SMBO.cost = c(14.8892742476258, 
    14.8892742476258, 14.8892742476258, 14.8892742476258, 14.8892742476258, 
    14.8892742476258, 14.8892742476258, 14.8892742476258, 14.8892742476258, 
    14.8892742476258, 14.8892742476258), SMBO.gamma = c(-3.28897526959205, 
    -3.28897526959205, -3.28897526959205, -3.28897526959205, 
    -3.28897526959205, -3.28897526959205, -3.28897526959205, 
    -3.28897526959205, -3.28897526959205, -3.28897526959205, 
    -3.28897526959205), SMBO.balanced.test.accuracy = c(0.97463935241713, 
    0.97463935241713, 0.97463935241713, 0.97463935241713, 0.97463935241713, 
    0.97463935241713, 0.97463935241713, 0.97463935241713, 0.97463935241713, 
    0.97463935241713, 0.97463935241713)), .Names = c("Sampling", 
"PSO.cost", "PSO.gamma", "PSO.data.balancing", "PSO.feature.selection", 
"PSO.valid.acc", "PSO.test.acc", "PSO.train.time", "PSO.n.support.vectors", 
"PSO.index", "PSO.n.solutions", "PSO.generations", "PSO.n.evaluations", 
"PSO.cpu.time", "RS.cost", "RS.gamma", "RS.data.balancing", "RS.feature.selection", 
"RS.valid.acc", "RS.test.acc", "RS.train.time", "RS.n.support.vectors", 
"RS.index", "RS.n.solutions", "RS.generations", "RS.n.evaluations", 
"RS.cpu.time", "DF.cost", "DF.gamma", "DF.data.balancing", "DF.feature.selection", 
"DF.valid.acc", "DF.test.acc", "DF.train.time", "DF.n.support.vectors", 
"DF.index", "DF.n.solutions", "DF.generations", "DF.n.evaluations", 
"DF.cpu.time", "SMBO.cost", "SMBO.gamma", "SMBO.balanced.test.accuracy"
), row.names = c(NA, -11L), class = "data.frame")
