new.sol <-
structure(list(Sampling = c(50, 55, 60, 65, 70, 75, 80, 85, 90, 
95, 100), PSO.cost = c(7.4165, -0.10929, 2.06102, 0.47688, 3.98651, 
0.98732, -0.00773, 8.24659, 0.39637, 0.78737, -2), PSO.gamma = c(-10.34654, 
-11.48852, -13.84027, -12.48173, -5.61529, -4.26771, -5.5844, 
-7.93566, -5.22523, -13.45226, -10.75304), PSO.data.balancing = c(0, 
0, 0, 0, 0, 0, 0, 0, 0, 0, 0), PSO.feature.selection = c(0, 0, 
0, 0, 0, 0, 0, 0, 0, 0, 0), PSO.valid.acc = c(0.97409, 0.96831, 
0.97487, 0.97, 0.9659, 0.95966, 0.9569, 0.95928, 0.95917, 0.96131, 
0.9568), PSO.test.acc = c(0.965, 0.96831, 0.9713, 0.97, 0.95653, 
0.95387, 0.95141, 0.94659, 0.95429, 0.95908, 0.95042), PSO.train.time = c(0.0131, 
0.0259, 0.0293, 0.0318, 0.0164, 0.0182, 0.0192, 0.0222, 0.0205, 
0.0591, 0.0653), PSO.n.support.vectors = c(21.9, 189, 206.4, 
226, 31.5, 46.7, 59.1, 41.7, 58.9, 337.6, 360.1), PSO.index = c(76, 
89, 582, 1320, 239, 31, 819, 71, 172, 105, 2475), PSO.n.solutions = c(249, 
32, 82, 43, 400, 529, 29, 180, 244, 41, 2), PSO.generations = c(100, 
100, 100, 100, 100, 100, 100, 100, 100, 100, 100), PSO.n.evaluations = c(2500, 
2500, 2500, 2500, 2500, 2500, 2500, 2500, 2500, 2500, 2500), 
    PSO.cpu.time = c(6544.953, 6877.132, 6974.72, 6925.017, 6848.18, 
    6880.607, 6985.24000000001, 6864.79399999999, 6863.027, 7352.982, 
    7100.69700000001), RS.cost = c(1.63095, 1.56047, 1.88552, 
    -0.58114, -1.89097, 2.53433, 2.35949, 14.72284, 1.55737, 
    1.8459, -1.63304), RS.gamma = c(-13.32117, -13.15764, -13.71467, 
    -11.41, -10.14251, -14.67698, -7.77266, -11.35808, -14.11386, 
    -14.53431, -11.11485), RS.data.balancing = c(0, 0, 0, 0, 
    0, 0, 0, 0, 0, 0, 0), RS.feature.selection = c(0, 0, 0, 0, 
    0, 0, 0, 0, 0, 0, 0), RS.valid.acc = c(0.97862, 0.96831, 
    0.9713, 0.97, 0.96931, 0.96538, 0.9569, 0.95928, 0.96155, 
    0.96131, 0.9568), RS.test.acc = c(0.97428, 0.96831, 0.9713, 
    0.97333, 0.96931, 0.96538, 0.94871, 0.94659, 0.95917, 0.96131, 
    0.95042), RS.train.time = c(0.0233, 0.0261, 0.0298, 0.0317, 
    0.0364, 0.041, 0.0201, 0.0311, 0.0536, 0.0584, 0.0658), RS.n.support.vectors = c(174.5, 
    189.1, 206.4, 226, 242, 259.3, 54.5, 40.2, 316.9, 337.6, 
    360.2), RS.index = c(840, 524, 1163, 71, 1084, 1553, 419, 
    153, 2201, 1238, 365), RS.n.solutions = c(1, 3, 1, 11, 1, 
    1, 5, 6, 1, 3, 2), RS.generations = c(100, 100, 100, 100, 
    100, 100, 100, 100, 100, 100, 100), RS.n.evaluations = c(2500, 
    2500, 2500, 2500, 2500, 2500, 2500, 2500, 2500, 2500, 2500
    ), RS.cpu.time = c(6709.511, 6874.498, 6906.465, 7015.123, 
    7025.093, 7061.65300000001, 7043.239, 7018.719, 7080.795, 
    7189.15099999998, 7422.64199999999), DF.cost = c(1, 1, 1, 
    1, 1, 1, 1, 1, 1, 1, 1), DF.gamma = c(0.11111, 0.11111, 0.11111, 
    0.11111, 0.11111, 0.11111, 0.11111, 0.11111, 0.11111, 0.11111, 
    0.11111), DF.data.balancing = c(0, 0, 0, 0, 0, 0, 0, 0, 0, 
    0, 0), DF.feature.selection = c(0, 0, 0, 0, 0, 0, 0, 0, 0, 
    0, 0), DF.valid.acc = c(0.95669, 0.95662, 0.95344, 0.95333, 
    0.95056, 0.95109, 0.95404, 0.95152, 0.95435, 0.95454, 0.9482
    ), DF.test.acc = c(0.95669, 0.95662, 0.95344, 0.96, 0.9569, 
    0.94529, 0.95404, 0.94883, 0.95197, 0.95231, 0.9525), DF.train.time = c(0.015, 
    0.0159, 0.0163, 0.0176, 0.02, 0.0194, 0.0209, 0.0214, 0.0227, 
    0.0253, 0.0261), DF.n.support.vectors = c(43, 46.8, 49.4, 
    52.9, 55.7, 64.9, 67.8, 71.5, 73.8, 74.9, 82), DF.index = c(1, 
    1, 1, 1, 1, 1, 1, 1, 1, 1, 1), DF.n.solutions = c(1, 1, 1, 
    1, 1, 1, 1, 1, 1, 1, 1), DF.generations = c(1, 1, 1, 1, 1, 
    1, 1, 1, 1, 1, 1), DF.n.evaluations = c(1, 1, 1, 1, 1, 1, 
    1, 1, 1, 1, 1), DF.cpu.time = c(2.663, 2.707, 2.566, 2.794, 
    2.77, 2.769, 2.644, 2.743, 2.799, 2.795, 2.804), SMBO.cost = c(-0.644536278331652, 
    -0.644536278331652, -0.644536278331652, -0.644536278331652, 
    -0.644536278331652, -0.644536278331652, -0.644536278331652, 
    -0.644536278331652, -0.644536278331652, -0.644536278331652, 
    -0.644536278331652), SMBO.gamma = c(-5.60490158061963, -5.60490158061963, 
    -5.60490158061963, -5.60490158061963, -5.60490158061963, 
    -5.60490158061963, -5.60490158061963, -5.60490158061963, 
    -5.60490158061963, -5.60490158061963, -5.60490158061963), 
    SMBO.balanced.test.accuracy = c(0.963842195697765, 0.963842195697765, 
    0.963842195697765, 0.963842195697765, 0.963842195697765, 
    0.963842195697765, 0.963842195697765, 0.963842195697765, 
    0.963842195697765, 0.963842195697765, 0.963842195697765)), .Names = c("Sampling", 
"PSO.cost", "PSO.gamma", "PSO.data.balancing", "PSO.feature.selection", 
"PSO.valid.acc", "PSO.test.acc", "PSO.train.time", "PSO.n.support.vectors", 
"PSO.index", "PSO.n.solutions", "PSO.generations", "PSO.n.evaluations", 
"PSO.cpu.time", "RS.cost", "RS.gamma", "RS.data.balancing", "RS.feature.selection", 
"RS.valid.acc", "RS.test.acc", "RS.train.time", "RS.n.support.vectors", 
"RS.index", "RS.n.solutions", "RS.generations", "RS.n.evaluations", 
"RS.cpu.time", "DF.cost", "DF.gamma", "DF.data.balancing", "DF.feature.selection", 
"DF.valid.acc", "DF.test.acc", "DF.train.time", "DF.n.support.vectors", 
"DF.index", "DF.n.solutions", "DF.generations", "DF.n.evaluations", 
"DF.cpu.time", "SMBO.cost", "SMBO.gamma", "SMBO.balanced.test.accuracy"
), row.names = c(NA, -11L), class = "data.frame")
