new.sol <-
structure(list(Sampling = c(50, 55, 60, 65, 70, 75, 80, 85, 90, 
95, 100), PSO.cost = c(-0.44123, 1.96338, -1.45648, 2.9215, -0.82177, 
2.48717, -1.24355, -2, 2.31999, -0.4729, 2.12222), PSO.gamma = c(-10.79027, 
-13.57438, -10.37692, -15, -5.54813, -3.07635, -11.18285, -10.55273, 
-5.31057, -4.38831, -15), PSO.data.balancing = c(0, 0, 0, 0, 
0, 0, 0, 0, 0, 0, 0), PSO.feature.selection = c(0, 0, 0, 0, 0, 
0, 0, 0, 0, 0, 0), PSO.valid.acc = c(0.96973, 0.96831, 0.96045, 
0.95354, 0.95994, 0.95412, 0.95667, 0.95949, 0.95934, 0.95443, 
0.95897), PSO.test.acc = c(0.96556, 0.95631, 0.96415, 0.95677, 
0.95994, 0.94546, 0.95405, 0.95436, 0.95696, 0.9521, 0.95679), 
    PSO.train.time = c(0.0209, 0.0237, 0.0286, 0.0301, 0.0172, 
    0.0205, 0.0402, 0.0453, 0.019, 0.0215, 0.0578), PSO.n.support.vectors = c(165.2, 
    189.1, 208.3, 230.5, 60.2, 60.3, 284.8, 305.7, 48, 67, 360.1
    ), PSO.index = c(182, 2116, 2480, 265, 149, 964, 807, 848, 
    34, 560, 807), PSO.n.solutions = c(68, 2, 1, 78, 888, 96, 
    32, 19, 677, 515, 127), PSO.generations = c(100, 100, 100, 
    100, 100, 100, 100, 100, 100, 100, 100), PSO.n.evaluations = c(2500, 
    2500, 2500, 2500, 2500, 2500, 2500, 2500, 2500, 2500, 2500
    ), PSO.cpu.time = c(6041.465, 6126.553, 6329.723, 6360.383, 
    6260.769, 6449.94, 6601.016, 6765.663, 6269.18999999999, 
    6312.31899999999, 6740.45800000001), RS.cost = c(1.61864, 
    -0.53325, 11.0044, 2.67153, 0.90862, 2.30071, -1.64231, 1.97849, 
    1.66252, -0.7104, 5.46333), RS.gamma = c(-12.83871, -11.00773, 
    -14.75806, -14.72408, -12.91875, -14.75144, -10.82842, -14.5936, 
    -5.08633, -4.59785, -6.51878), RS.data.balancing = c(0, 0, 
    0, 0, 0, 0, 0, 0, 0, 0, 0), RS.feature.selection = c(0, 0, 
    0, 0, 0, 0, 0, 0, 0, 0, 0), RS.valid.acc = c(0.96973, 0.96846, 
    0.95661, 0.95354, 0.96288, 0.96269, 0.95134, 0.95692, 0.95934, 
    0.95443, 0.95679), RS.test.acc = c(0.96973, 0.94862, 0.95304, 
    0.95009, 0.966, 0.96269, 0.95412, 0.95949, 0.95696, 0.9521, 
    0.94814), RS.train.time = c(0.0209, 0.0239, 0.0146, 0.03, 
    0.0331, 0.0373, 0.0402, 0.0494, 0.0208, 0.0241, 0.0226), 
    RS.n.support.vectors = c(165.3, 189, 32.9, 230.5, 243.5, 
    268.9, 284.9, 305.6, 49.8, 68.5, 49), RS.index = c(382, 1867, 
    154, 1741, 821, 1265, 971, 1894, 601, 358, 211), RS.n.solutions = c(5, 
    1, 20, 1, 1, 1, 2, 1, 18, 5, 17), RS.generations = c(100, 
    100, 100, 100, 100, 100, 100, 100, 100, 100, 100), RS.n.evaluations = c(2500, 
    2500, 2500, 2500, 2500, 2500, 2500, 2500, 2500, 2500, 2500
    ), RS.cpu.time = c(6122.898, 6190.821, 6315.631, 6387.216, 
    6520.009, 6442.329, 6532.21000000001, 6630.39200000001, 6486.489, 
    6732.129, 6717.796), DF.cost = c(1, 1, 1, 1, 1, 1, 1, 1, 
    1, 1, 1), DF.gamma = c(0.11111, 0.11111, 0.11111, 0.11111, 
    0.11111, 0.11111, 0.11111, 0.11111, 0.11111, 0.11111, 0.11111
    ), DF.data.balancing = c(0, 0, 0, 0, 0, 0, 0, 0, 0, 0, 0), 
    DF.feature.selection = c(0, 0, 0, 0, 0, 0, 0, 0, 0, 0, 0), 
    DF.valid.acc = c(0.95705, 0.95262, 0.94947, 0.94999, 0.95066, 
    0.94538, 0.93512, 0.94667, 0.95691, 0.94988, 0.95245), DF.test.acc = c(0.95288, 
    0.95262, 0.9459, 0.95021, 0.95066, 0.94824, 0.94593, 0.95436, 
    0.95929, 0.94534, 0.95027), DF.train.time = c(0.0146, 0.0148, 
    0.0162, 0.0182, 0.0175, 0.0185, 0.0203, 0.0213, 0.0216, 0.0236, 
    0.025), DF.n.support.vectors = c(45.6, 49.8, 53.3, 59.5, 
    59.3, 65.2, 71.9, 70.3, 72.5, 78.6, 82.9), DF.index = c(1, 
    1, 1, 1, 1, 1, 1, 1, 1, 1, 1), DF.n.solutions = c(1, 1, 1, 
    1, 1, 1, 1, 1, 1, 1, 1), DF.generations = c(1, 1, 1, 1, 1, 
    1, 1, 1, 1, 1, 1), DF.n.evaluations = c(1, 1, 1, 1, 1, 1, 
    1, 1, 1, 1, 1), DF.cpu.time = c(2.528, 2.389, 2.432, 2.628, 
    2.413, 2.43, 2.503, 2.476, 2.422, 2.453, 2.531), SMBO.cost = c(-1.79639488563524, 
    -1.79639488563524, -1.79639488563524, -1.79639488563524, 
    -1.79639488563524, -1.79639488563524, -1.79639488563524, 
    -1.79639488563524, -1.79639488563524, -1.79639488563524, 
    -1.79639488563524), SMBO.gamma = c(-3.87515505827325, -3.87515505827325, 
    -3.87515505827325, -3.87515505827325, -3.87515505827325, 
    -3.87515505827325, -3.87515505827325, -3.87515505827325, 
    -3.87515505827325, -3.87515505827325, -3.87515505827325), 
    SMBO.balanced.test.accuracy = c(0.961964045696145, 0.961964045696145, 
    0.961964045696145, 0.961964045696145, 0.961964045696145, 
    0.961964045696145, 0.961964045696145, 0.961964045696145, 
    0.961964045696145, 0.961964045696145, 0.961964045696145)), .Names = c("Sampling", 
"PSO.cost", "PSO.gamma", "PSO.data.balancing", "PSO.feature.selection", 
"PSO.valid.acc", "PSO.test.acc", "PSO.train.time", "PSO.n.support.vectors", 
"PSO.index", "PSO.n.solutions", "PSO.generations", "PSO.n.evaluations", 
"PSO.cpu.time", "RS.cost", "RS.gamma", "RS.data.balancing", "RS.feature.selection", 
"RS.valid.acc", "RS.test.acc", "RS.train.time", "RS.n.support.vectors", 
"RS.index", "RS.n.solutions", "RS.generations", "RS.n.evaluations", 
"RS.cpu.time", "DF.cost", "DF.gamma", "DF.data.balancing", "DF.feature.selection", 
"DF.valid.acc", "DF.test.acc", "DF.train.time", "DF.n.support.vectors", 
"DF.index", "DF.n.solutions", "DF.generations", "DF.n.evaluations", 
"DF.cpu.time", "SMBO.cost", "SMBO.gamma", "SMBO.balanced.test.accuracy"
), row.names = c(NA, -11L), class = "data.frame")
