new.sol <-
structure(list(Sampling = c(50, 55, 60, 65, 70, 75, 80, 85, 90, 
95, 100), PSO.cost = c(2.94974, -0.20125, 3.02319, 0.98708, -0.14757, 
0.63461, -0.18816, 2.18213, 1.80714, 0.56631, -0.18675), PSO.gamma = c(-14.38428, 
-11.67118, -15, -12.94368, -12.03217, -7.47253, -12.25955, -14.78978, 
-3.95273, -13.27838, -12.70284), PSO.data.balancing = c(0, 0, 
0, 0, 0, 0, 0, 0, 0, 0, 0), PSO.feature.selection = c(0, 0, 0, 
0, 0, 0, 0, 0, 0, 0, 0), PSO.valid.acc = c(0.98732, 0.97704, 
0.97141, 0.9701, 0.96316, 0.95991, 0.965, 0.96455, 0.96155, 0.9659, 
0.96128), PSO.test.acc = c(0.98732, 0.9652, 0.96771, 0.9701, 
0.96316, 0.95991, 0.965, 0.96455, 0.95435, 0.95686, 0.95263), 
    PSO.train.time = c(0.0233, 0.0282, 0.0288, 0.0324, 0.0361, 
    0.0193, 0.0447, 0.0478, 0.0218, 0.0528, 0.0643), PSO.n.support.vectors = c(171.7, 
    198.5, 212.8, 227.4, 248, 68.7, 284.8, 304, 60.3, 339.3, 
    360.2), PSO.index = c(402, 85, 582, 629, 394, 3, 3, 235, 
    1354, 220, 1461), PSO.n.solutions = c(131, 119, 66, 78, 53, 
    874, 62, 90, 114, 45, 42), PSO.generations = c(100, 100, 
    100, 100, 100, 100, 100, 100, 100, 100, 100), PSO.n.evaluations = c(2500, 
    2500, 2500, 2500, 2500, 2500, 2500, 2500, 2500, 2500, 2500
    ), PSO.cpu.time = c(6648.445, 6723.261, 6747.3, 6790.896, 
    6864.074, 6628.355, 6813.90299999999, 6930.932, 6505.107, 
    6961.372, 9025.29100000003), RS.cost = c(0.77513, -1.62928, 
    -0.99881, -0.64519, -1.55871, 4.5229, -1.10855, 1.89231, 
    1.87397, 0.18609, -0.01639), RS.gamma = c(-12.2173, -10.2301, 
    -11.00075, -11.32853, -10.56166, -12.24012, -11.3691, -14.55186, 
    -4.63778, -12.87724, -12.87857), RS.data.balancing = c(0, 
    0, 0, 0, 0, 0, 0, 0, 0, 0, 0), RS.feature.selection = c(0, 
    0, 0, 0, 0, 0, 0, 0, 0, 0, 0), RS.valid.acc = c(0.98732, 
    0.97704, 0.97141, 0.9701, 0.96316, 0.95991, 0.9623, 0.96205, 
    0.95923, 0.9613, 0.96128), RS.test.acc = c(0.98732, 0.9652, 
    0.96451, 0.95999, 0.96004, 0.95991, 0.9623, 0.95955, 0.95917, 
    0.95454, 0.95485), RS.train.time = c(0.0219, 0.0267, 0.0292, 
    0.0333, 0.0339, 0.0221, 0.0438, 0.0476, 0.0213, 0.0563, 0.0642
    ), RS.n.support.vectors = c(171.7, 198.5, 212.8, 227.4, 248, 
    85.4, 284.8, 304, 53.6, 339.2, 360.2), RS.index = c(528, 
    121, 642, 33, 76, 37, 423, 2095, 411, 34, 1125), RS.n.solutions = c(4, 
    4, 4, 2, 5, 168, 1, 1, 6, 2, 1), RS.generations = c(100, 
    100, 100, 100, 100, 100, 100, 100, 100, 100, 100), RS.n.evaluations = c(2500, 
    2500, 2500, 2500, 2500, 2500, 2500, 2500, 2500, 2500, 2500
    ), RS.cpu.time = c(6597.88, 6532.388, 6704.534, 6793.501, 
    6682.173, 6732.795, 6684.754, 6603.13499999999, 6798.16200000001, 
    8120.75, 8893.60499999998), DF.cost = c(1, 1, 1, 1, 1, 1, 
    1, 1, 1, 1, 1), DF.gamma = c(0.11111, 0.11111, 0.11111, 0.11111, 
    0.11111, 0.11111, 0.11111, 0.11111, 0.11111, 0.11111, 0.11111
    ), DF.data.balancing = c(0, 0, 0, 0, 0, 0, 0, 0, 0, 0, 0), 
    DF.feature.selection = c(0, 0, 0, 0, 0, 0, 0, 0, 0, 0, 0), 
    DF.valid.acc = c(0.96973, 0.95335, 0.95328, 0.96021, 0.95682, 
    0.95704, 0.95959, 0.95423, 0.95441, 0.95216, 0.94828), DF.test.acc = c(0.96973, 
    0.96135, 0.94958, 0.96021, 0.95369, 0.95419, 0.95959, 0.95423, 
    0.95441, 0.95443, 0.95476), DF.train.time = c(0.014, 0.015, 
    0.0167, 0.0183, 0.0186, 0.0199, 0.0207, 0.0225, 0.0221, 0.0263, 
    0.0278), DF.n.support.vectors = c(37, 43.5, 51.5, 57.2, 61.9, 
    66.8, 66.3, 68.7, 76.9, 76.4, 82.1), DF.index = c(1, 1, 1, 
    1, 1, 1, 1, 1, 1, 1, 1), DF.n.solutions = c(1, 1, 1, 1, 1, 
    1, 1, 1, 1, 1, 1), DF.generations = c(1, 1, 1, 1, 1, 1, 1, 
    1, 1, 1, 1), DF.n.evaluations = c(1, 1, 1, 1, 1, 1, 1, 1, 
    1, 1, 1), DF.cpu.time = c(2.587, 2.637, 2.663, 2.683, 2.647, 
    2.609, 2.573, 2.615, 2.489, 3.403, 3.448), SMBO.cost = c(2.12536816627174, 
    2.12536816627174, 2.12536816627174, 2.12536816627174, 2.12536816627174, 
    2.12536816627174, 2.12536816627174, 2.12536816627174, 2.12536816627174, 
    2.12536816627174, 2.12536816627174), SMBO.gamma = c(-10.5056212337242, 
    -10.5056212337242, -10.5056212337242, -10.5056212337242, 
    -10.5056212337242, -10.5056212337242, -10.5056212337242, 
    -10.5056212337242, -10.5056212337242, -10.5056212337242, 
    -10.5056212337242), SMBO.balanced.test.accuracy = c(0.962016810361764, 
    0.962016810361764, 0.962016810361764, 0.962016810361764, 
    0.962016810361764, 0.962016810361764, 0.962016810361764, 
    0.962016810361764, 0.962016810361764, 0.962016810361764, 
    0.962016810361764)), .Names = c("Sampling", "PSO.cost", "PSO.gamma", 
"PSO.data.balancing", "PSO.feature.selection", "PSO.valid.acc", 
"PSO.test.acc", "PSO.train.time", "PSO.n.support.vectors", "PSO.index", 
"PSO.n.solutions", "PSO.generations", "PSO.n.evaluations", "PSO.cpu.time", 
"RS.cost", "RS.gamma", "RS.data.balancing", "RS.feature.selection", 
"RS.valid.acc", "RS.test.acc", "RS.train.time", "RS.n.support.vectors", 
"RS.index", "RS.n.solutions", "RS.generations", "RS.n.evaluations", 
"RS.cpu.time", "DF.cost", "DF.gamma", "DF.data.balancing", "DF.feature.selection", 
"DF.valid.acc", "DF.test.acc", "DF.train.time", "DF.n.support.vectors", 
"DF.index", "DF.n.solutions", "DF.generations", "DF.n.evaluations", 
"DF.cpu.time", "SMBO.cost", "SMBO.gamma", "SMBO.balanced.test.accuracy"
), row.names = c(NA, -11L), class = "data.frame")
