new.sol <-
structure(list(Sampling = c(50, 55, 60, 65, 70, 75, 80, 85, 90, 
95, 100), PSO.cost = c(12.00735, 3.29127, 14.74788, 1.55246, 
-1.12152, -1.36568, 12.19545, 0.14846, 2.17753, -1.09508, 10.02332
), PSO.gamma = c(-9.53507, -15, -12.15682, -13.59225, -4.76965, 
-11.14362, -15, -12.87186, -4.31854, -4.58827, -12.70239), PSO.data.balancing = c(0, 
0, 0, 0, 0, 0, 0, 0, 0, 0, 0), PSO.feature.selection = c(0, 0, 
0, 0, 0, 0, 0, 0, 0, 0, 0), PSO.valid.acc = c(0.96141, 0.96106, 
0.9566, 0.95666, 0.95367, 0.95378, 0.95127, 0.95929, 0.95668, 
0.9566, 0.95721), PSO.test.acc = c(0.94402, 0.96091, 0.94232, 
0.95666, 0.95367, 0.95664, 0.95127, 0.95673, 0.9518, 0.95887, 
0.95291), PSO.train.time = c(0.0166, 0.0242, 0.0185, 0.03, 0.0187, 
0.0408, 0.019, 0.0443, 0.0199, 0.022, 0.023), PSO.n.support.vectors = c(26.1, 
189, 25.9, 228.8, 61.5, 270.4, 42, 307.2, 54.4, 71.5, 48.5), 
    PSO.index = c(3, 67, 2, 469, 12, 656, 87, 928, 706, 84, 141
    ), PSO.n.solutions = c(558, 83, 967, 53, 1630, 56, 270, 71, 
    214, 187, 331), PSO.generations = c(100, 100, 100, 100, 100, 
    100, 100, 100, 100, 100, 100), PSO.n.evaluations = c(2500, 
    2500, 2500, 2500, 2500, 2500, 2500, 2500, 2500, 2500, 2500
    ), PSO.cpu.time = c(6302.258, 6335.893, 6297.822, 6326.52699999999, 
    6326, 6615.16800000001, 6342.55899999999, 6425.781, 6455.016, 
    6436.822, 6517.754), RS.cost = c(14.52759, 2.66097, 0.66367, 
    6.51163, 0.26547, -0.63527, 1.64001, 0.46765, 2.14787, -0.81923, 
    10.116), RS.gamma = c(-10.76879, -14.34371, -12.5526, -7.18422, 
    -12.28516, -11.88342, -14.15103, -13.20913, -4.38131, -4.84209, 
    -12.20428), RS.data.balancing = c(0, 0, 0, 0, 0, 0, 0, 0, 
    0, 0, 0), RS.feature.selection = c(0, 0, 0, 0, 0, 0, 0, 0, 
    0, 0, 0), RS.valid.acc = c(0.96141, 0.96106, 0.9603, 0.95664, 
    0.957, 0.95378, 0.95397, 0.95673, 0.95668, 0.9566, 0.95721
    ), RS.test.acc = c(0.94402, 0.96091, 0.95698, 0.94331, 0.94439, 
    0.95664, 0.95127, 0.95417, 0.9518, 0.9566, 0.95291), RS.train.time = c(0.0181, 
    0.0241, 0.029, 0.0157, 0.0342, 0.0405, 0.0404, 0.0453, 0.0199, 
    0.0231, 0.0211), RS.n.support.vectors = c(25.6, 189, 209.7, 
    36.3, 249.6, 270.4, 286.7, 307.2, 53.3, 70.1, 47.2), RS.index = c(88, 
    335, 2249, 159, 805, 1105, 779, 1792, 586, 71, 3), RS.n.solutions = c(20, 
    7, 1, 5, 1, 3, 2, 1, 1, 4, 33), RS.generations = c(100, 100, 
    100, 100, 100, 100, 100, 100, 100, 100, 100), RS.n.evaluations = c(2500, 
    2500, 2500, 2500, 2500, 2500, 2500, 2500, 2500, 2500, 2500
    ), RS.cpu.time = c(6215.798, 6312.925, 6344.333, 6398.875, 
    6419.471, 6515.69, 6386.122, 6483.291, 6576.742, 6665.78600000001, 
    6770.61800000002), DF.cost = c(1, 1, 1, 1, 1, 1, 1, 1, 1, 
    1, 1), DF.gamma = c(0.11111, 0.11111, 0.11111, 0.11111, 0.11111, 
    0.11111, 0.11111, 0.11111, 0.11111, 0.11111, 0.11111), DF.data.balancing = c(0, 
    0, 0, 0, 0, 0, 0, 0, 0, 0, 0), DF.feature.selection = c(0, 
    0, 0, 0, 0, 0, 0, 0, 0, 0, 0), DF.valid.acc = c(0.9442, 0.94937, 
    0.94588, 0.94998, 0.94439, 0.94218, 0.94579, 0.94404, 0.9543, 
    0.94978, 0.95078), DF.test.acc = c(0.9442, 0.94136, 0.95316, 
    0.95009, 0.94439, 0.94504, 0.95112, 0.94917, 0.95186, 0.94741, 
    0.94412), DF.train.time = c(0.0142, 0.0164, 0.0168, 0.0184, 
    0.0198, 0.0203, 0.0217, 0.0211, 0.022, 0.0244, 0.0249), DF.n.support.vectors = c(54.1, 
    56.2, 57.5, 64.2, 68.2, 69.7, 71.9, 72.7, 77.1, 77.4, 80.9
    ), DF.index = c(1, 1, 1, 1, 1, 1, 1, 1, 1, 1, 1), DF.n.solutions = c(1, 
    1, 1, 1, 1, 1, 1, 1, 1, 1, 1), DF.generations = c(1, 1, 1, 
    1, 1, 1, 1, 1, 1, 1, 1), DF.n.evaluations = c(1, 1, 1, 1, 
    1, 1, 1, 1, 1, 1, 1), DF.cpu.time = c(2.366, 2.56, 2.504, 
    2.571, 2.588, 2.598, 2.604, 2.46, 2.404, 2.553, 2.477), SMBO.cost = c(7.54786448761939, 
    7.54786448761939, 7.54786448761939, 7.54786448761939, 7.54786448761939, 
    7.54786448761939, 7.54786448761939, 7.54786448761939, 7.54786448761939, 
    7.54786448761939, 7.54786448761939), SMBO.gamma = c(-13.5936863621821, 
    -13.5936863621821, -13.5936863621821, -13.5936863621821, 
    -13.5936863621821, -13.5936863621821, -13.5936863621821, 
    -13.5936863621821, -13.5936863621821, -13.5936863621821, 
    -13.5936863621821), SMBO.balanced.test.accuracy = c(0.962077340575693, 
    0.962077340575693, 0.962077340575693, 0.962077340575693, 
    0.962077340575693, 0.962077340575693, 0.962077340575693, 
    0.962077340575693, 0.962077340575693, 0.962077340575693, 
    0.962077340575693)), .Names = c("Sampling", "PSO.cost", "PSO.gamma", 
"PSO.data.balancing", "PSO.feature.selection", "PSO.valid.acc", 
"PSO.test.acc", "PSO.train.time", "PSO.n.support.vectors", "PSO.index", 
"PSO.n.solutions", "PSO.generations", "PSO.n.evaluations", "PSO.cpu.time", 
"RS.cost", "RS.gamma", "RS.data.balancing", "RS.feature.selection", 
"RS.valid.acc", "RS.test.acc", "RS.train.time", "RS.n.support.vectors", 
"RS.index", "RS.n.solutions", "RS.generations", "RS.n.evaluations", 
"RS.cpu.time", "DF.cost", "DF.gamma", "DF.data.balancing", "DF.feature.selection", 
"DF.valid.acc", "DF.test.acc", "DF.train.time", "DF.n.support.vectors", 
"DF.index", "DF.n.solutions", "DF.generations", "DF.n.evaluations", 
"DF.cpu.time", "SMBO.cost", "SMBO.gamma", "SMBO.balanced.test.accuracy"
), row.names = c(NA, -11L), class = "data.frame")
