new.sol <-
structure(list(Sampling = c(50, 55, 60, 65, 70, 75, 80, 85, 90, 
95, 100), PSO.cost = c(-0.42419, 6.10966, 0.06524, -2, 0.80558, 
-1.05482, 1.38025, 2.53304, 2.4634, 2.37074, 1.44022), PSO.gamma = c(-2.5981, 
-14.43, -4.56467, -6.00205, -4.47051, -4.08539, -3.87176, -15, 
-15, -15, -4.48205), PSO.data.balancing = c(0, 0, 0, 0, 0, 0, 
0, 0, 0, 0, 0), PSO.feature.selection = c(0, 0, 0, 0, 0, 0, 0, 
0, 0, 0, 0), PSO.valid.acc = c(0.95287, 0.95692, 0.96058, 0.96021, 
0.96288, 0.95697, 0.96216, 0.95928, 0.96161, 0.96115, 0.95698
), PSO.test.acc = c(0.94018, 0.95292, 0.95701, 0.95354, 0.95672, 
0.95403, 0.95676, 0.95671, 0.95923, 0.95661, 0.95481), PSO.train.time = c(0.0162, 
0.018, 0.0157, 0.0201, 0.0167, 0.0185, 0.0198, 0.0464, 0.0503, 
0.0549, 0.0229), PSO.n.support.vectors = c(64.3, 87.2, 44.6, 
92.5, 42.8, 58.9, 49.8, 299.2, 317, 336.2, 57.6), PSO.index = c(2276, 
178, 108, 73, 809, 19, 43, 759, 208, 807, 9), PSO.n.solutions = c(1, 
115, 568, 1057, 194, 172, 646, 56, 71, 78, 1072), PSO.generations = c(100, 
100, 100, 100, 100, 100, 100, 100, 100, 100, 100), PSO.n.evaluations = c(2500, 
2500, 2500, 2500, 2500, 2500, 2500, 2500, 2500, 2500, 2500), 
    PSO.cpu.time = c(6155.09, 6196.771, 6186.098, 6311.23699999999, 
    6360.252, 6416.045, 6394.78599999999, 6715.11500000001, 6732.376, 
    6828.89, 6452.156), RS.cost = c(-0.51046, 2.55971, 0.0086, 
    -0.85664, 1.9696, -1.00503, 1.5269, -0.0307, 0.86682, -1.00281, 
    0.02454), RS.gamma = c(-2.73725, -10.9478, -4.7122, -6.75467, 
    -4.15172, -4.45634, -3.91553, -12.39641, -13.38283, -11.6694, 
    -12.78412), RS.data.balancing = c(0, 0, 0, 0, 0, 0, 0, 0, 
    0, 0, 0), RS.feature.selection = c(0, 0, 0, 0, 0, 0, 0, 0, 
    0, 0, 0), RS.valid.acc = c(0.94852, 0.95692, 0.96058, 0.96021, 
    0.96278, 0.95697, 0.96216, 0.95678, 0.96161, 0.95888, 0.95906
    ), RS.test.acc = c(0.94018, 0.95292, 0.95331, 0.95354, 0.95672, 
    0.95403, 0.95946, 0.95421, 0.95923, 0.95661, 0.9505), RS.train.time = c(0.0155, 
    0.0182, 0.0158, 0.0194, 0.0173, 0.0188, 0.0191, 0.0468, 0.0502, 
    0.0563, 0.0613), RS.n.support.vectors = c(61.6, 89.6, 44.5, 
    79.8, 41.2, 58.4, 49, 299.2, 317, 336.2, 360.1), RS.index = c(758, 
    470, 422, 134, 140, 28, 2318, 811, 664, 1399, 623), RS.n.solutions = c(4, 
    18, 3, 12, 3, 41, 1, 2, 2, 1, 1), RS.generations = c(100, 
    100, 100, 100, 100, 100, 100, 100, 100, 100, 100), RS.n.evaluations = c(2500, 
    2500, 2500, 2500, 2500, 2500, 2500, 2500, 2500, 2500, 2500
    ), RS.cpu.time = c(6192.298, 6230.768, 6299.738, 6447.046, 
    6478.371, 6528.53199999999, 6594.524, 6626.67, 6677.56599999999, 
    6705.485, 6802.28), DF.cost = c(1, 1, 1, 1, 1, 1, 1, 1, 1, 
    1, 1), DF.gamma = c(0.11111, 0.11111, 0.11111, 0.11111, 0.11111, 
    0.11111, 0.11111, 0.11111, 0.11111, 0.11111, 0.11111), DF.data.balancing = c(0, 
    0, 0, 0, 0, 0, 0, 0, 0, 0, 0), DF.feature.selection = c(0, 
    0, 0, 0, 0, 0, 0, 0, 0, 0, 0), DF.valid.acc = c(0.94435, 
    0.94138, 0.94987, 0.95343, 0.95672, 0.94832, 0.95676, 0.94651, 
    0.94489, 0.94974, 0.95481), DF.test.acc = c(0.94, 0.94108, 
    0.95344, 0.95343, 0.95682, 0.94832, 0.95135, 0.94901, 0.94727, 
    0.94974, 0.95481), DF.train.time = c(0.0148, 0.0157, 0.0163, 
    0.0178, 0.0183, 0.0192, 0.0193, 0.0224, 0.0236, 0.024, 0.0256
    ), DF.n.support.vectors = c(50.8, 52.8, 52.9, 57.8, 58.4, 
    60.5, 62.3, 71.3, 75.8, 73.8, 80.4), DF.index = c(1, 1, 1, 
    1, 1, 1, 1, 1, 1, 1, 1), DF.n.solutions = c(1, 1, 1, 1, 1, 
    1, 1, 1, 1, 1, 1), DF.generations = c(1, 1, 1, 1, 1, 1, 1, 
    1, 1, 1, 1), DF.n.evaluations = c(1, 1, 1, 1, 1, 1, 1, 1, 
    1, 1, 1), DF.cpu.time = c(2.473, 2.467, 2.481, 2.504, 2.514, 
    2.538, 2.496, 2.572, 2.603, 2.546, 2.578), SMBO.cost = c(-0.784897599621035, 
    -0.784897599621035, -0.784897599621035, -0.784897599621035, 
    -0.784897599621035, -0.784897599621035, -0.784897599621035, 
    -0.784897599621035, -0.784897599621035, -0.784897599621035, 
    -0.784897599621035), SMBO.gamma = c(-11.8408855212835, -11.8408855212835, 
    -11.8408855212835, -11.8408855212835, -11.8408855212835, 
    -11.8408855212835, -11.8408855212835, -11.8408855212835, 
    -11.8408855212835, -11.8408855212835, -11.8408855212835), 
    SMBO.balanced.test.accuracy = c(0.963411886493728, 0.963411886493728, 
    0.963411886493728, 0.963411886493728, 0.963411886493728, 
    0.963411886493728, 0.963411886493728, 0.963411886493728, 
    0.963411886493728, 0.963411886493728, 0.963411886493728)), .Names = c("Sampling", 
"PSO.cost", "PSO.gamma", "PSO.data.balancing", "PSO.feature.selection", 
"PSO.valid.acc", "PSO.test.acc", "PSO.train.time", "PSO.n.support.vectors", 
"PSO.index", "PSO.n.solutions", "PSO.generations", "PSO.n.evaluations", 
"PSO.cpu.time", "RS.cost", "RS.gamma", "RS.data.balancing", "RS.feature.selection", 
"RS.valid.acc", "RS.test.acc", "RS.train.time", "RS.n.support.vectors", 
"RS.index", "RS.n.solutions", "RS.generations", "RS.n.evaluations", 
"RS.cpu.time", "DF.cost", "DF.gamma", "DF.data.balancing", "DF.feature.selection", 
"DF.valid.acc", "DF.test.acc", "DF.train.time", "DF.n.support.vectors", 
"DF.index", "DF.n.solutions", "DF.generations", "DF.n.evaluations", 
"DF.cpu.time", "SMBO.cost", "SMBO.gamma", "SMBO.balanced.test.accuracy"
), row.names = c(NA, -11L), class = "data.frame")
