new.sol <-
structure(list(Sampling = c(50, 55, 60, 65, 70, 75, 80, 85, 90, 
95, 100), PSO.cost = c(-1.46552, 1.34366, 2.03064, -1.45976, 
-2, -0.13211, 1.83046, 5.89469, 0.7246, -1.48449, 2.01136), PSO.gamma = c(-10.00857, 
-4.6277, -7.86238, -6.73116, -10.28002, -12.13557, -2.86237, 
-9.29029, -5.5448, -11.3458, -14.90095), PSO.data.balancing = c(0, 
0, 0, 0, 0, 0, 0, 0, 0, 0, 0), PSO.feature.selection = c(0, 0, 
0, 0, 0, 0, 0, 0, 0, 0, 0), PSO.valid.acc = c(0.95743, 0.95692, 
0.95368, 0.95343, 0.95379, 0.95695, 0.95433, 0.95186, 0.95679, 
0.95882, 0.9611), PSO.test.acc = c(0.95308, 0.94123, 0.9464, 
0.94687, 0.95379, 0.95417, 0.94623, 0.9441, 0.95679, 0.95882, 
0.95462), PSO.train.time = c(0.0234, 0.0151, 0.016, 0.0202, 0.0352, 
0.0377, 0.0213, 0.019, 0.0197, 0.0598, 0.0637), PSO.n.support.vectors = c(171.3, 
37, 47.5, 95.2, 249.8, 264.1, 72.9, 46.2, 58.1, 342.4, 360.3), 
    PSO.index = c(493, 746, 2, 298, 688, 492, 394, 32, 161, 3, 
    1099), PSO.n.solutions = c(76, 198, 583, 270, 19, 69, 55, 
    332, 260, 77, 57), PSO.generations = c(100, 100, 100, 100, 
    100, 100, 100, 100, 100, 100, 100), PSO.n.evaluations = c(2500, 
    2500, 2500, 2500, 2500, 2500, 2500, 2500, 2500, 2500, 2500
    ), PSO.cpu.time = c(6349.405, 6312.43, 6318.383, 6132.452, 
    6297.409, 6257.423, 6206.06200000001, 6161.91500000001, 6306.772, 
    6871.273, 6861.34400000001), RS.cost = c(-1.62642, 0.89986, 
    5.73511, -0.77539, -1.0981, -1.00075, 1.50601, 1.57187, -0.10461, 
    -1.96983, -1.83875), RS.gamma = c(-9.79646, -5.1169, -12.46158, 
    -7.35876, -11.19547, -11.24761, -2.73223, -14.15141, -3.86575, 
    -10.86894, -6.33226), RS.data.balancing = c(0, 0, 0, 0, 0, 
    0, 0, 0, 0, 0, 0), RS.feature.selection = c(0, 0, 0, 0, 0, 
    0, 0, 0, 0, 0, 0), RS.valid.acc = c(0.95743, 0.95308, 0.95368, 
    0.95343, 0.95379, 0.95417, 0.95433, 0.9541, 0.95679, 0.95882, 
    0.95486), RS.test.acc = c(0.95743, 0.94908, 0.9427, 0.94687, 
    0.95379, 0.95417, 0.95163, 0.95929, 0.95441, 0.95882, 0.95263
    ), RS.train.time = c(0.0235, 0.0147, 0.0172, 0.0202, 0.035, 
    0.0374, 0.0218, 0.0495, 0.0221, 0.0601, 0.0299), RS.n.support.vectors = c(171.3, 
    38.6, 57.8, 91.6, 249.8, 264.1, 78.7, 302.4, 64.7, 342.4, 
    121.5), RS.index = c(10, 9, 17, 114, 274, 804, 979, 214, 
    334, 486, 30), RS.n.solutions = c(3, 57, 127, 9, 1, 1, 1, 
    4, 10, 1, 18), RS.generations = c(100, 100, 100, 100, 100, 
    100, 100, 100, 100, 100, 100), RS.n.evaluations = c(2500, 
    2500, 2500, 2500, 2500, 2500, 2500, 2500, 2500, 2500, 2500
    ), RS.cpu.time = c(6334.763, 6361.72, 6164.93, 6212.861, 
    6216.587, 6244.24400000001, 6370.67599999999, 6562.95299999999, 
    6603.246, 6596.504, 6777.239), DF.cost = c(1, 1, 1, 1, 1, 
    1, 1, 1, 1, 1, 1), DF.gamma = c(0.11111, 0.11111, 0.11111, 
    0.11111, 0.11111, 0.11111, 0.11111, 0.11111, 0.11111, 0.11111, 
    0.11111), DF.data.balancing = c(0, 0, 0, 0, 0, 0, 0, 0, 0, 
    0, 0), DF.feature.selection = c(0, 0, 0, 0, 0, 0, 0, 0, 0, 
    0, 0), DF.valid.acc = c(0.94853, 0.94908, 0.94997, 0.93341, 
    0.94176, 0.93661, 0.94885, 0.93904, 0.95197, 0.94982, 0.94394
    ), DF.test.acc = c(0.94872, 0.94523, 0.93938, 0.94331, 0.94479, 
    0.93661, 0.94885, 0.94141, 0.95192, 0.95205, 0.94824), DF.train.time = c(0.0155, 
    0.0161, 0.0166, 0.0177, 0.0187, 0.0195, 0.0216, 0.0229, 0.0244, 
    0.0238, 0.0256), DF.n.support.vectors = c(48.9, 53.5, 58.4, 
    59.6, 64.5, 68.8, 73.6, 77.7, 78.4, 79.3, 81.3), DF.index = c(1, 
    1, 1, 1, 1, 1, 1, 1, 1, 1, 1), DF.n.solutions = c(1, 1, 1, 
    1, 1, 1, 1, 1, 1, 1, 1), DF.generations = c(1, 1, 1, 1, 1, 
    1, 1, 1, 1, 1, 1), DF.n.evaluations = c(1, 1, 1, 1, 1, 1, 
    1, 1, 1, 1, 1), DF.cpu.time = c(2.471, 2.509, 2.398, 2.421, 
    2.424, 2.391, 2.499, 2.547, 2.641, 2.425, 2.602), SMBO.cost = c(-4.69532042947307, 
    -4.69532042947307, -4.69532042947307, -4.69532042947307, 
    -4.69532042947307, -4.69532042947307, -4.69532042947307, 
    -4.69532042947307, -4.69532042947307, -4.69532042947307, 
    -4.69532042947307), SMBO.gamma = c(-7.42771163787962, -7.42771163787962, 
    -7.42771163787962, -7.42771163787962, -7.42771163787962, 
    -7.42771163787962, -7.42771163787962, -7.42771163787962, 
    -7.42771163787962, -7.42771163787962, -7.42771163787962), 
    SMBO.balanced.test.accuracy = c(0.966028687041772, 0.966028687041772, 
    0.966028687041772, 0.966028687041772, 0.966028687041772, 
    0.966028687041772, 0.966028687041772, 0.966028687041772, 
    0.966028687041772, 0.966028687041772, 0.966028687041772)), .Names = c("Sampling", 
"PSO.cost", "PSO.gamma", "PSO.data.balancing", "PSO.feature.selection", 
"PSO.valid.acc", "PSO.test.acc", "PSO.train.time", "PSO.n.support.vectors", 
"PSO.index", "PSO.n.solutions", "PSO.generations", "PSO.n.evaluations", 
"PSO.cpu.time", "RS.cost", "RS.gamma", "RS.data.balancing", "RS.feature.selection", 
"RS.valid.acc", "RS.test.acc", "RS.train.time", "RS.n.support.vectors", 
"RS.index", "RS.n.solutions", "RS.generations", "RS.n.evaluations", 
"RS.cpu.time", "DF.cost", "DF.gamma", "DF.data.balancing", "DF.feature.selection", 
"DF.valid.acc", "DF.test.acc", "DF.train.time", "DF.n.support.vectors", 
"DF.index", "DF.n.solutions", "DF.generations", "DF.n.evaluations", 
"DF.cpu.time", "SMBO.cost", "SMBO.gamma", "SMBO.balanced.test.accuracy"
), row.names = c(NA, -11L), class = "data.frame")
