new.sol <-
structure(list(Sampling = c(50, 55, 60, 65, 70, 75, 80, 85, 90, 
95, 100), PSO.cost = c(0.30439, -2, 2.30289, -1.63422, -0.75433, 
-1.80774, 2.93363, -2, 1.67573, 0.41672, -0.25897), PSO.gamma = c(-9.41411, 
-6.97973, -9.13025, -10.08193, -11.01123, -10.20009, -15, -4.83224, 
-14.26927, -2.748, -12.47102), PSO.data.balancing = c(0, 0, 0, 
0, 0, 0, 0, 0, 0, 0, 0), PSO.feature.selection = c(0, 0, 0, 0, 
0, 0, 0, 0, 0, 0, 0), PSO.valid.acc = c(0.96555, 0.96506, 0.96045, 
0.96698, 0.9659, 0.96824, 0.96785, 0.96442, 0.96156, 0.95887, 
0.9568), PSO.test.acc = c(0.95249, 0.95322, 0.95688, 0.96376, 
0.96287, 0.96244, 0.96785, 0.96442, 0.95912, 0.9521, 0.95245), 
    PSO.train.time = c(0.0186, 0.0196, 0.0176, 0.0299, 0.0329, 
    0.0404, 0.0429, 0.0242, 0.0526, 0.026, 0.0616), PSO.n.support.vectors = c(107.4, 
    111.7, 58.2, 220.8, 237.1, 262.5, 281.6, 80.8, 320, 90.9, 
    360.1), PSO.index = c(1342, 972, 305, 1626, 2241, 1130, 118, 
    341, 207, 928, 67), PSO.n.solutions = c(10, 44, 52, 10, 1, 
    23, 210, 328, 31, 168, 58), PSO.generations = c(100, 100, 
    100, 100, 100, 100, 100, 100, 100, 100, 100), PSO.n.evaluations = c(2500, 
    2500, 2500, 2500, 2500, 2500, 2500, 2500, 2500, 2500, 2500
    ), PSO.cpu.time = c(6415.907, 6372.885, 6683.799, 6691.761, 
    6629.769, 6814.006, 6644.692, 6622.105, 6772.298, 6646.217, 
    6907.342), RS.cost = c(0.07442, -1.95463, -1.75123, -0.75543, 
    -1.9398, 2.60358, -0.77732, -1.13662, 1.40264, 0.86545, 0.34841
    ), RS.gamma = c(-9.19787, -7.47066, -9.48512, -10.98681, 
    -9.81185, -14.64214, -5.31575, -5.08811, -10.40461, -13.70703, 
    -13.25672), RS.data.balancing = c(0, 0, 0, 0, 0, 0, 0, 0, 
    0, 0, 0), RS.feature.selection = c(0, 0, 0, 0, 0, 0, 0, 0, 
    0, 0, 0), RS.valid.acc = c(0.96555, 0.96122, 0.96045, 0.96698, 
    0.9659, 0.96824, 0.96785, 0.96442, 0.95918, 0.95897, 0.95472
    ), RS.test.acc = c(0.95249, 0.95322, 0.96045, 0.96053, 0.96287, 
    0.96538, 0.96515, 0.96186, 0.95679, 0.95897, 0.9568), RS.train.time = c(0.0189, 
    0.0207, 0.0287, 0.0327, 0.0327, 0.0411, 0.0206, 0.0218, 0.0299, 
    0.0588, 0.062), RS.n.support.vectors = c(108, 126.2, 203.2, 
    220.8, 237.1, 262.6, 60.7, 67.6, 137.1, 342.7, 360.1), RS.index = c(1900, 
    1051, 1747, 8, 138, 481, 90, 135, 41, 567, 999), RS.n.solutions = c(1, 
    2, 2, 1, 1, 1, 9, 5, 69, 2, 2), RS.generations = c(100, 100, 
    100, 100, 100, 100, 100, 100, 100, 100, 100), RS.n.evaluations = c(2500, 
    2500, 2500, 2500, 2500, 2500, 2500, 2500, 2500, 2500, 2500
    ), RS.cpu.time = c(6396.638, 6404.697, 6642.167, 6637.419, 
    6616.864, 6638.18100000001, 6705.333, 6663.289, 6935.019, 
    6839.17999999999, 6916.527), DF.cost = c(1, 1, 1, 1, 1, 1, 
    1, 1, 1, 1, 1), DF.gamma = c(0.11111, 0.11111, 0.11111, 0.11111, 
    0.11111, 0.11111, 0.11111, 0.11111, 0.11111, 0.11111, 0.11111
    ), DF.data.balancing = c(0, 0, 0, 0, 0, 0, 0, 0, 0, 0, 0), 
    DF.feature.selection = c(0, 0, 0, 0, 0, 0, 0, 0, 0, 0, 0), 
    DF.valid.acc = c(0.95268, 0.94921, 0.95331, 0.96376, 0.96277, 
    0.95092, 0.96515, 0.95423, 0.95441, 0.94977, 0.9481), DF.test.acc = c(0.94834, 
    0.94921, 0.94974, 0.96376, 0.95965, 0.95386, 0.95966, 0.95673, 
    0.95441, 0.9521, 0.9481), DF.train.time = c(0.0153, 0.0165, 
    0.0172, 0.0182, 0.0196, 0.0199, 0.0189, 0.022, 0.0232, 0.0241, 
    0.0248), DF.n.support.vectors = c(49.3, 52.3, 54.1, 56.4, 
    57.5, 59.7, 60.2, 63.5, 70.7, 77.8, 81.1), DF.index = c(1, 
    1, 1, 1, 1, 1, 1, 1, 1, 1, 1), DF.n.solutions = c(1, 1, 1, 
    1, 1, 1, 1, 1, 1, 1, 1), DF.generations = c(1, 1, 1, 1, 1, 
    1, 1, 1, 1, 1, 1), DF.n.evaluations = c(1, 1, 1, 1, 1, 1, 
    1, 1, 1, 1, 1), DF.cpu.time = c(2.561, 2.574, 2.608, 2.654, 
    2.606, 2.651, 2.428, 2.67, 2.669, 2.483, 2.514), SMBO.cost = c(-4.44209652205434, 
    -4.44209652205434, -4.44209652205434, -4.44209652205434, 
    -4.44209652205434, -4.44209652205434, -4.44209652205434, 
    -4.44209652205434, -4.44209652205434, -4.44209652205434, 
    -4.44209652205434), SMBO.gamma = c(-4.48580294390997, -4.48580294390997, 
    -4.48580294390997, -4.48580294390997, -4.48580294390997, 
    -4.48580294390997, -4.48580294390997, -4.48580294390997, 
    -4.48580294390997, -4.48580294390997, -4.48580294390997), 
    SMBO.balanced.test.accuracy = c(0.962881130693631, 0.962881130693631, 
    0.962881130693631, 0.962881130693631, 0.962881130693631, 
    0.962881130693631, 0.962881130693631, 0.962881130693631, 
    0.962881130693631, 0.962881130693631, 0.962881130693631)), .Names = c("Sampling", 
"PSO.cost", "PSO.gamma", "PSO.data.balancing", "PSO.feature.selection", 
"PSO.valid.acc", "PSO.test.acc", "PSO.train.time", "PSO.n.support.vectors", 
"PSO.index", "PSO.n.solutions", "PSO.generations", "PSO.n.evaluations", 
"PSO.cpu.time", "RS.cost", "RS.gamma", "RS.data.balancing", "RS.feature.selection", 
"RS.valid.acc", "RS.test.acc", "RS.train.time", "RS.n.support.vectors", 
"RS.index", "RS.n.solutions", "RS.generations", "RS.n.evaluations", 
"RS.cpu.time", "DF.cost", "DF.gamma", "DF.data.balancing", "DF.feature.selection", 
"DF.valid.acc", "DF.test.acc", "DF.train.time", "DF.n.support.vectors", 
"DF.index", "DF.n.solutions", "DF.generations", "DF.n.evaluations", 
"DF.cpu.time", "SMBO.cost", "SMBO.gamma", "SMBO.balanced.test.accuracy"
), row.names = c(NA, -11L), class = "data.frame")
