new.sol <-
structure(list(Sampling = c(50, 55, 60, 65, 70, 75, 80, 85, 90, 
95, 100), PSO.cost = c(12.70916, 2.55037, -1.3688, 5.80182, -2, 
12.88384, 5.84214, 8.81881, 1.05248, 0.61507, 1.28345), PSO.gamma = c(-14.13734, 
-13.87228, -4.48797, -9.30035, -10.11056, -14.74967, -7.85384, 
-10.36991, -4.60128, -3.64126, -3.47552), PSO.data.balancing = c(0, 
0, 0, 0, 0, 0, 0, 0, 0, 0, 0), PSO.feature.selection = c(0, 0, 
0, 0, 0, 0, 0, 0, 0, 0, 0), PSO.valid.acc = c(0.96118, 0.95323, 
0.94947, 0.95332, 0.95701, 0.95646, 0.96193, 0.95652, 0.95685, 
0.95898, 0.95887), PSO.test.acc = c(0.94812, 0.95323, 0.9459, 
0.94343, 0.95701, 0.95058, 0.94842, 0.95126, 0.94727, 0.95676, 
0.9567), PSO.train.time = c(0.0147, 0.0256, 0.0171, 0.015, 0.0353, 
0.0174, 0.0206, 0.0206, 0.0215, 0.0235, 0.0264), PSO.n.support.vectors = c(25.7, 
190.7, 56, 36.5, 246.4, 34.2, 37.2, 39.1, 55.1, 66.7, 69.7), 
    PSO.index = c(1544, 937, 24, 10, 1021, 23, 2, 9, 66, 146, 
    960), PSO.n.solutions = c(8, 24, 293, 208, 58, 799, 847, 
    885, 288, 751, 31), PSO.generations = c(100, 100, 100, 100, 
    100, 100, 100, 100, 100, 100, 100), PSO.n.evaluations = c(2500, 
    2500, 2500, 2500, 2500, 2500, 2500, 2500, 2500, 2500, 2500
    ), PSO.cpu.time = c(6483.065, 6626.249, 6776.535, 6618.358, 
    6824.585, 6837.913, 6988.753, 7056.073, 7337.145, 7398.82399999999, 
    7409.26300000001), RS.cost = c(3.37479, -1.04755, -0.12628, 
    -0.32189, 1.95783, 8.69253, 8.0858, 7.45435, -0.4584, 0.60888, 
    0.14244), RS.gamma = c(-8.71653, -8.02414, -9.52575, -11.42117, 
    -8.06301, -10.25323, -9.78148, -11.21709, -4.27182, -3.71565, 
    -13.04749), RS.data.balancing = c(0, 0, 0, 0, 0, 0, 0, 0, 
    0, 0, 0), RS.feature.selection = c(0, 0, 0, 0, 0, 0, 0, 0, 
    0, 0, 0), RS.valid.acc = c(0.95683, 0.95323, 0.94947, 0.95343, 
    0.95691, 0.95646, 0.96193, 0.95652, 0.95685, 0.95898, 0.95878
    ), RS.test.acc = c(0.94832, 0.95323, 0.94947, 0.94009, 0.95388, 
    0.95058, 0.94842, 0.95389, 0.95209, 0.95443, 0.95661), RS.train.time = c(0.0145, 
    0.0198, 0.022, 0.0318, 0.019, 0.0176, 0.0202, 0.0198, 0.0235, 
    0.0246, 0.0673), RS.n.support.vectors = c(39.5, 109.7, 132.6, 
    230.5, 54.4, 34.3, 35.9, 44, 66.6, 65.7, 360.1), RS.index = c(16, 
    569, 11, 2196, 1176, 7, 31, 2, 242, 929, 1858), RS.n.solutions = c(32, 
    4, 78, 1, 1, 146, 172, 152, 9, 1, 1), RS.generations = c(100, 
    100, 100, 100, 100, 100, 100, 100, 100, 100, 100), RS.n.evaluations = c(2500, 
    2500, 2500, 2500, 2500, 2500, 2500, 2500, 2500, 2500, 2500
    ), RS.cpu.time = c(6588.239, 6779.272, 6793.594, 6763.333, 
    6854.64400000001, 7144.31299999999, 7206.95000000001, 7473.15399999999, 
    7627.485, 7687.48300000001, 7743.405), DF.cost = c(1, 1, 
    1, 1, 1, 1, 1, 1, 1, 1, 1), DF.gamma = c(0.11111, 0.11111, 
    0.11111, 0.11111, 0.11111, 0.11111, 0.11111, 0.11111, 0.11111, 
    0.11111, 0.11111), DF.data.balancing = c(0, 0, 0, 0, 0, 0, 
    0, 0, 0, 0, 0), DF.feature.selection = c(0, 0, 0, 0, 0, 0, 
    0, 0, 0, 0, 0), DF.valid.acc = c(0.93564, 0.93785, 0.93876, 
    0.94999, 0.9447, 0.94183, 0.94842, 0.94876, 0.94971, 0.95443, 
    0.95245), DF.test.acc = c(0.93129, 0.94569, 0.9459, 0.94665, 
    0.9447, 0.93898, 0.94842, 0.94363, 0.95203, 0.95221, 0.95878
    ), DF.train.time = c(0.0154, 0.017, 0.0173, 0.0166, 0.019, 
    0.0207, 0.0202, 0.0221, 0.0249, 0.0259, 0.0276), DF.n.support.vectors = c(49.3, 
    51.5, 53.3, 56.4, 60.1, 61.3, 64.4, 70.6, 76.1, 77.9, 80), 
    DF.index = c(1, 1, 1, 1, 1, 1, 1, 1, 1, 1, 1), DF.n.solutions = c(1, 
    1, 1, 1, 1, 1, 1, 1, 1, 1, 1), DF.generations = c(1, 1, 1, 
    1, 1, 1, 1, 1, 1, 1, 1), DF.n.evaluations = c(1, 1, 1, 1, 
    1, 1, 1, 1, 1, 1, 1), DF.cpu.time = c(2.541, 2.723, 2.635, 
    2.616, 2.7, 2.799, 2.774, 2.935, 2.958, 2.954, 2.936), SMBO.cost = c(7.65706285444088, 
    7.65706285444088, 7.65706285444088, 7.65706285444088, 7.65706285444088, 
    7.65706285444088, 7.65706285444088, 7.65706285444088, 7.65706285444088, 
    7.65706285444088, 7.65706285444088), SMBO.gamma = c(-7.73743884592317, 
    -7.73743884592317, -7.73743884592317, -7.73743884592317, 
    -7.73743884592317, -7.73743884592317, -7.73743884592317, 
    -7.73743884592317, -7.73743884592317, -7.73743884592317, 
    -7.73743884592317), SMBO.balanced.test.accuracy = c(0.963173130535133, 
    0.963173130535133, 0.963173130535133, 0.963173130535133, 
    0.963173130535133, 0.963173130535133, 0.963173130535133, 
    0.963173130535133, 0.963173130535133, 0.963173130535133, 
    0.963173130535133)), .Names = c("Sampling", "PSO.cost", "PSO.gamma", 
"PSO.data.balancing", "PSO.feature.selection", "PSO.valid.acc", 
"PSO.test.acc", "PSO.train.time", "PSO.n.support.vectors", "PSO.index", 
"PSO.n.solutions", "PSO.generations", "PSO.n.evaluations", "PSO.cpu.time", 
"RS.cost", "RS.gamma", "RS.data.balancing", "RS.feature.selection", 
"RS.valid.acc", "RS.test.acc", "RS.train.time", "RS.n.support.vectors", 
"RS.index", "RS.n.solutions", "RS.generations", "RS.n.evaluations", 
"RS.cpu.time", "DF.cost", "DF.gamma", "DF.data.balancing", "DF.feature.selection", 
"DF.valid.acc", "DF.test.acc", "DF.train.time", "DF.n.support.vectors", 
"DF.index", "DF.n.solutions", "DF.generations", "DF.n.evaluations", 
"DF.cpu.time", "SMBO.cost", "SMBO.gamma", "SMBO.balanced.test.accuracy"
), row.names = c(NA, -11L), class = "data.frame")
