new.sol <-
structure(list(Sampling = c(50, 55, 60, 65, 70, 75, 80, 85, 90, 
95, 100), PSO.cost = c(-0.79829, 7.15045, -1.79584, -2, 1.33069, 
-1.13174, -0.83574, 2.49491, -0.74839, 0.43561, -2), PSO.gamma = c(-10.9729, 
-12.24298, -10.01423, -4.08471, -1.03962, -5.26306, -11.66382, 
-15, -12.01215, -3.45817, -5.15366), PSO.data.balancing = c(0, 
0, 0, 0, 0, 0, 0, 0, 0, 0, 0), PSO.feature.selection = c(0, 0, 
0, 0, 0, 0, 0, 0, 0, 0, 0), PSO.valid.acc = c(0.97899, 0.98046, 
0.97499, 0.95664, 0.95642, 0.95681, 0.96216, 0.96686, 0.96178, 
0.9568, 0.95689), PSO.test.acc = c(0.97011, 0.97262, 0.97499, 
0.95664, 0.94733, 0.95101, 0.96486, 0.96173, 0.95464, 0.9522, 
0.95476), PSO.train.time = c(0.0232, 0.0133, 0.0272, 0.0182, 
0.0272, 0.0186, 0.0455, 0.0458, 0.0541, 0.0236, 0.0277), PSO.n.support.vectors = c(179.4, 
32.9, 210.1, 66.8, 137.7, 67, 288.2, 302.5, 324.9, 72.1, 98.2
), PSO.index = c(823, 7, 273, 48, 684, 9, 1459, 231, 707, 314, 
98), PSO.n.solutions = c(76, 850, 100, 1460, 427, 866, 19, 108, 
73, 929, 1215), PSO.generations = c(100, 100, 100, 100, 100, 
100, 100, 100, 100, 100, 100), PSO.n.evaluations = c(2500, 2500, 
2500, 2500, 2500, 2500, 2500, 2500, 2500, 2500, 2500), PSO.cpu.time = c(6317.807, 
6062.315, 6123.42, 6164.836, 6506.959, 6186.62699999999, 6684.283, 
6463.595, 7018.571, 6768.45700000001, 6825.01699999999), RS.cost = c(-0.79239, 
-0.01227, 0.00575, 0.15257, 1.82392, -0.78957, -1.02358, 5.10881, 
0.61273, 0.09231, 1.61928), RS.gamma = c(-10.96992, -11.55882, 
-11.79787, -12.38307, -14.24351, -11.70311, -11.52192, -5.03565, 
-13.27516, -12.88043, -14.49764), RS.data.balancing = c(0, 0, 
0, 0, 0, 0, 0, 0, 0, 0, 0), RS.feature.selection = c(0, 0, 0, 
0, 0, 0, 0, 0, 0, 0, 0), RS.valid.acc = c(0.97899, 0.98415, 0.97486, 
0.9632, 0.95945, 0.95958, 0.95946, 0.95673, 0.95928, 0.96372, 
0.95698), RS.test.acc = c(0.97428, 0.98031, 0.97129, 0.96309, 
0.95623, 0.95672, 0.95676, 0.95154, 0.9569, 0.95918, 0.95693), 
    RS.train.time = c(0.0235, 0.0248, 0.0292, 0.0321, 0.034, 
    0.0404, 0.0446, 0.02, 0.0526, 0.057, 0.0619), RS.n.support.vectors = c(179.4, 
    189, 210.1, 233.7, 254.4, 270.6, 288.3, 46.2, 324.9, 340.8, 
    360.1), RS.index = c(1222, 442, 1187, 1306, 2014, 2349, 415, 
    118, 836, 2033, 680), RS.n.solutions = c(1, 3, 1, 1, 1, 1, 
    1, 11, 3, 1, 2), RS.generations = c(100, 100, 100, 100, 100, 
    100, 100, 100, 100, 100, 100), RS.n.evaluations = c(2500, 
    2500, 2500, 2500, 2500, 2500, 2500, 2500, 2500, 2500, 2500
    ), RS.cpu.time = c(6229.26, 6078.302, 6063.78, 6393.156, 
    6233.553, 6357.88799999999, 6589.52200000001, 6625.947, 7057.283, 
    7012.76700000001, 7108.538), DF.cost = c(1, 1, 1, 1, 1, 1, 
    1, 1, 1, 1, 1), DF.gamma = c(0.11111, 0.11111, 0.11111, 0.11111, 
    0.11111, 0.11111, 0.11111, 0.11111, 0.11111, 0.11111, 0.11111
    ), DF.data.balancing = c(0, 0, 0, 0, 0, 0, 0, 0, 0, 0, 0), 
    DF.feature.selection = c(0, 0, 0, 0, 0, 0, 0, 0, 0, 0, 0), 
    DF.valid.acc = c(0.96993, 0.97262, 0.9566, 0.95008, 0.94998, 
    0.95109, 0.95405, 0.95147, 0.9497, 0.95452, 0.95263), DF.test.acc = c(0.96993, 
    0.97262, 0.94972, 0.95008, 0.94695, 0.95681, 0.95135, 0.95147, 
    0.9497, 0.95447, 0.9505), DF.train.time = c(0.0134, 0.014, 
    0.0157, 0.0177, 0.0186, 0.0203, 0.0219, 0.0208, 0.0239, 0.0259, 
    0.0258), DF.n.support.vectors = c(42.5, 44.6, 50.7, 65.1, 
    69.3, 70.7, 72.2, 71.4, 78.8, 80, 80.7), DF.index = c(1, 
    1, 1, 1, 1, 1, 1, 1, 1, 1, 1), DF.n.solutions = c(1, 1, 1, 
    1, 1, 1, 1, 1, 1, 1, 1), DF.generations = c(1, 1, 1, 1, 1, 
    1, 1, 1, 1, 1, 1), DF.n.evaluations = c(1, 1, 1, 1, 1, 1, 
    1, 1, 1, 1, 1), DF.cpu.time = c(2.253, 2.269, 2.327, 2.439, 
    2.329, 2.384, 2.599, 2.444, 2.829, 2.705, 2.715), SMBO.cost = c(-1.30476282446467, 
    -1.30476282446467, -1.30476282446467, -1.30476282446467, 
    -1.30476282446467, -1.30476282446467, -1.30476282446467, 
    -1.30476282446467, -1.30476282446467, -1.30476282446467, 
    -1.30476282446467), SMBO.gamma = c(-5.25781300206103, -5.25781300206103, 
    -5.25781300206103, -5.25781300206103, -5.25781300206103, 
    -5.25781300206103, -5.25781300206103, -5.25781300206103, 
    -5.25781300206103, -5.25781300206103, -5.25781300206103), 
    SMBO.balanced.test.accuracy = c(0.964122637705268, 0.964122637705268, 
    0.964122637705268, 0.964122637705268, 0.964122637705268, 
    0.964122637705268, 0.964122637705268, 0.964122637705268, 
    0.964122637705268, 0.964122637705268, 0.964122637705268)), .Names = c("Sampling", 
"PSO.cost", "PSO.gamma", "PSO.data.balancing", "PSO.feature.selection", 
"PSO.valid.acc", "PSO.test.acc", "PSO.train.time", "PSO.n.support.vectors", 
"PSO.index", "PSO.n.solutions", "PSO.generations", "PSO.n.evaluations", 
"PSO.cpu.time", "RS.cost", "RS.gamma", "RS.data.balancing", "RS.feature.selection", 
"RS.valid.acc", "RS.test.acc", "RS.train.time", "RS.n.support.vectors", 
"RS.index", "RS.n.solutions", "RS.generations", "RS.n.evaluations", 
"RS.cpu.time", "DF.cost", "DF.gamma", "DF.data.balancing", "DF.feature.selection", 
"DF.valid.acc", "DF.test.acc", "DF.train.time", "DF.n.support.vectors", 
"DF.index", "DF.n.solutions", "DF.generations", "DF.n.evaluations", 
"DF.cpu.time", "SMBO.cost", "SMBO.gamma", "SMBO.balanced.test.accuracy"
), row.names = c(NA, -11L), class = "data.frame")
