new.sol <-
structure(list(Sampling = c(50, 55, 60, 65, 70, 75, 80, 85, 90, 
95, 100), PSO.cost = c(2.9593, 2.24124, 3.70838, 0.49693, 2.32443, 
2.38029, 8.42254, 0.1833, -2, 1.83592, -1.87646), PSO.gamma = c(-13.91363, 
-3.93316, -4.39855, -12.4066, -3.99536, -3.3724, -6.88617, -12.91637, 
-4.94333, -3.54717, -5.63552), PSO.data.balancing = c(0, 0, 0, 
0, 0, 0, 0, 0, 0, 0, 0), PSO.feature.selection = c(0, 0, 0, 0, 
0, 0, 0, 0, 0, 0, 0), PSO.valid.acc = c(0.96178, 0.96446, 0.96058, 
0.96677, 0.96307, 0.95386, 0.95946, 0.96167, 0.95905, 0.9613, 
0.95462), PSO.test.acc = c(0.96178, 0.95277, 0.96058, 0.96344, 
0.95379, 0.94781, 0.95135, 0.95147, 0.95661, 0.95458, 0.95462
), PSO.train.time = c(0.0221, 0.0154, 0.0167, 0.0321, 0.0191, 
0.0193, 0.0212, 0.0517, 0.0267, 0.0231, 0.0292), PSO.n.support.vectors = c(160.3, 
38.3, 38.6, 225.8, 46.2, 55.9, 42.1, 308.8, 89, 61.9, 103.9), 
    PSO.index = c(84, 26, 649, 1295, 1248, 637, 203, 901, 965, 
    2137, 316), PSO.n.solutions = c(57, 531, 46, 40, 35, 427, 
    132, 23, 90, 6, 179), PSO.generations = c(100, 100, 100, 
    100, 100, 100, 100, 100, 100, 100, 100), PSO.n.evaluations = c(2500, 
    2500, 2500, 2500, 2500, 2500, 2500, 2500, 2500, 2500, 2500
    ), PSO.cpu.time = c(6718.824, 6638.393, 6626.38, 6776.805, 
    6997.797, 7043.486, 7210.32799999999, 7703.652, 7609.747, 
    7323.198, 7541.77900000001), RS.cost = c(0.16161, 1.79444, 
    2.86271, 1.85346, 2.19639, 2.77859, 8.06973, -0.89481, -1.77672, 
    2.38624, -1.03276), RS.gamma = c(-11.11796, -3.49943, -3.95584, 
    -13.78095, -3.59015, -3.73652, -6.72044, -11.75986, -4.77081, 
    -3.79408, -11.87072), RS.data.balancing = c(0, 0, 0, 0, 0, 
    0, 0, 0, 0, 0, 0), RS.feature.selection = c(0, 0, 0, 0, 0, 
    0, 0, 0, 0, 0, 0), RS.valid.acc = c(0.96178, 0.96446, 0.96058, 
    0.96677, 0.96004, 0.95386, 0.95946, 0.95917, 0.95905, 0.95908, 
    0.95466), RS.test.acc = c(0.96178, 0.95677, 0.96058, 0.96677, 
    0.95379, 0.94789, 0.95135, 0.95917, 0.95905, 0.95458, 0.95239
    ), RS.train.time = c(0.0233, 0.0184, 0.0172, 0.0332, 0.0193, 
    0.0191, 0.0237, 0.0513, 0.0258, 0.0242, 0.0659), RS.n.support.vectors = c(160.3, 
    44.5, 41.6, 225.8, 50.2, 51.8, 42, 308.8, 81, 56.8, 360.1
    ), RS.index = c(1146, 78, 766, 103, 945, 1750, 80, 347, 1952, 
    1010, 1533), RS.n.solutions = c(2, 5, 5, 3, 2, 1, 9, 1, 1, 
    2, 1), RS.generations = c(100, 100, 100, 100, 100, 100, 100, 
    100, 100, 100, 100), RS.n.evaluations = c(2500, 2500, 2500, 
    2500, 2500, 2500, 2500, 2500, 2500, 2500, 2500), RS.cpu.time = c(6726.24, 
    6655.756, 6736.282, 6932.098, 7086.269, 7193.628, 7518.508, 
    7560.569, 7585.19499999999, 7625.37, 7749.462), DF.cost = c(1, 
    1, 1, 1, 1, 1, 1, 1, 1, 1, 1), DF.gamma = c(0.11111, 0.11111, 
    0.11111, 0.11111, 0.11111, 0.11111, 0.11111, 0.11111, 0.11111, 
    0.11111, 0.11111), DF.data.balancing = c(0, 0, 0, 0, 0, 0, 
    0, 0, 0, 0, 0), DF.feature.selection = c(0, 0, 0, 0, 0, 0, 
    0, 0, 0, 0, 0), DF.valid.acc = c(0.96159, 0.95662, 0.94974, 
    0.95688, 0.95076, 0.94504, 0.95405, 0.94885, 0.94697, 0.95665, 
    0.94597), DF.test.acc = c(0.96159, 0.95277, 0.95701, 0.96022, 
    0.95994, 0.95075, 0.95405, 0.95654, 0.94465, 0.95216, 0.94587
    ), DF.train.time = c(0.0145, 0.0152, 0.0166, 0.0216, 0.0182, 
    0.0216, 0.0213, 0.022, 0.0244, 0.024, 0.0279), DF.n.support.vectors = c(49.4, 
    49.9, 53.5, 57.5, 61.1, 68.6, 68.5, 70.5, 73.6, 75.2, 79.2
    ), DF.index = c(1, 1, 1, 1, 1, 1, 1, 1, 1, 1, 1), DF.n.solutions = c(1, 
    1, 1, 1, 1, 1, 1, 1, 1, 1, 1), DF.generations = c(1, 1, 1, 
    1, 1, 1, 1, 1, 1, 1, 1), DF.n.evaluations = c(1, 1, 1, 1, 
    1, 1, 1, 1, 1, 1, 1), DF.cpu.time = c(2.625, 2.594, 2.685, 
    2.79, 2.773, 2.807, 2.89, 2.893, 2.921, 2.91, 2.972), SMBO.cost = c(2.6125301008798, 
    2.6125301008798, 2.6125301008798, 2.6125301008798, 2.6125301008798, 
    2.6125301008798, 2.6125301008798, 2.6125301008798, 2.6125301008798, 
    2.6125301008798, 2.6125301008798), SMBO.gamma = c(-9.87231248455236, 
    -9.87231248455236, -9.87231248455236, -9.87231248455236, 
    -9.87231248455236, -9.87231248455236, -9.87231248455236, 
    -9.87231248455236, -9.87231248455236, -9.87231248455236, 
    -9.87231248455236), SMBO.balanced.test.accuracy = c(0.963345227996806, 
    0.963345227996806, 0.963345227996806, 0.963345227996806, 
    0.963345227996806, 0.963345227996806, 0.963345227996806, 
    0.963345227996806, 0.963345227996806, 0.963345227996806, 
    0.963345227996806)), .Names = c("Sampling", "PSO.cost", "PSO.gamma", 
"PSO.data.balancing", "PSO.feature.selection", "PSO.valid.acc", 
"PSO.test.acc", "PSO.train.time", "PSO.n.support.vectors", "PSO.index", 
"PSO.n.solutions", "PSO.generations", "PSO.n.evaluations", "PSO.cpu.time", 
"RS.cost", "RS.gamma", "RS.data.balancing", "RS.feature.selection", 
"RS.valid.acc", "RS.test.acc", "RS.train.time", "RS.n.support.vectors", 
"RS.index", "RS.n.solutions", "RS.generations", "RS.n.evaluations", 
"RS.cpu.time", "DF.cost", "DF.gamma", "DF.data.balancing", "DF.feature.selection", 
"DF.valid.acc", "DF.test.acc", "DF.train.time", "DF.n.support.vectors", 
"DF.index", "DF.n.solutions", "DF.generations", "DF.n.evaluations", 
"DF.cpu.time", "SMBO.cost", "SMBO.gamma", "SMBO.balanced.test.accuracy"
), row.names = c(NA, -11L), class = "data.frame")
