new.sol <-
structure(list(Sampling = c(50, 55, 60, 65, 70, 75, 80, 85, 90, 
95, 100), PSO.cost = c(1, 1, 1, 1, 1, 1, 1, 1, 1, 1, 1), PSO.gamma = c(0.16667, 
0.16667, 0.16667, 0.16667, 0.16667, 0.16667, 0.16667, 0.16667, 
0.16667, 0.16667, 0.16667), PSO.data.balancing = c(0, 0, 0, 0, 
0, 0, 0, 0, 0, 0, 0), PSO.feature.selection = c(0, 0, 0, 0, 0, 
0, 0, 0, 0, 0, 0), PSO.valid.acc = c(1, 1, 1, 1, 1, 1, 1, 1, 
1, 1, 1), PSO.test.acc = c(1, 1, 1, 1, 1, 1, 1, 1, 1, 1, 1), 
    PSO.train.time = c(0.0109, 0.0097, 0.0106, 0.0098, 0.0095, 
    0.0103, 0.0102, 0.0099, 0.0097, 0.0098, 0.0115), PSO.n.support.vectors = c(15.7, 
    16.1, 16.3, 16.6, 17.7, 17.5, 17.8, 17.5, 18.1, 18.3, 18.3
    ), PSO.index = c(1, 1, 1, 1, 1, 1, 1, 1, 1, 1, 1), PSO.n.solutions = c(1949, 
    2174, 2095, 2095, 2177, 2247, 2273, 2127, 2294, 2213, 2272
    ), PSO.generations = c(100, 100, 100, 100, 100, 100, 100, 
    100, 100, 100, 100), PSO.n.evaluations = c(2500, 2500, 2500, 
    2500, 2500, 2500, 2500, 2500, 2500, 2500, 2500), PSO.cpu.time = c(6535.713, 
    6566.776, 6613.681, 6583.05, 6581.558, 6534.489, 6440.71799999999, 
    6441.67, 6525.682, 8349.39, 8804.32499999998), RS.cost = c(0.83684, 
    11.14206, 14.95294, 8.12534, 8.80627, 0.77599, 14.54578, 
    3.65695, 10.33867, 8.03784, 8.14571), RS.gamma = c(-0.47052, 
    -4.2219, -5.31017, -3.45084, -4.96242, -4.73074, -3.69145, 
    -3.01927, -2.80881, -3.01707, -1.68388), RS.data.balancing = c(0, 
    0, 0, 0, 0, 0, 0, 0, 0, 0, 0), RS.feature.selection = c(0, 
    0, 0, 0, 0, 0, 0, 0, 0, 0, 0), RS.valid.acc = c(1, 1, 1, 
    1, 1, 1, 1, 1, 1, 1, 1), RS.test.acc = c(1, 1, 1, 1, 1, 1, 
    1, 1, 1, 1, 1), RS.train.time = c(0.01, 0.0094, 0.01, 0.0095, 
    0.0098, 0.0101, 0.0093, 0.0103, 0.0095, 0.011, 0.0107), RS.n.support.vectors = c(15.2, 
    5, 5, 5, 5, 23.3, 5, 5, 6.2, 5.7, 12), RS.index = c(1, 1, 
    1, 1, 3, 2, 1, 1, 1, 1, 1), RS.n.solutions = c(1673, 1854, 
    1794, 1914, 1851, 1880, 1892, 1801, 1938, 1903, 1931), RS.generations = c(100, 
    100, 100, 100, 100, 100, 100, 100, 100, 100, 100), RS.n.evaluations = c(2500, 
    2500, 2500, 2500, 2500, 2500, 2500, 2500, 2500, 2500, 2500
    ), RS.cpu.time = c(6530.637, 6633.186, 6594.671, 6582.643, 
    6578.341, 6469.33500000001, 6538.68700000001, 6456.933, 6394.98300000001, 
    8783.80299999999, 8815.897), DF.cost = c(1, 1, 1, 1, 1, 1, 
    1, 1, 1, 1, 1), DF.gamma = c(0.16667, 0.16667, 0.16667, 0.16667, 
    0.16667, 0.16667, 0.16667, 0.16667, 0.16667, 0.16667, 0.16667
    ), DF.data.balancing = c(0, 0, 0, 0, 0, 0, 0, 0, 0, 0, 0), 
    DF.feature.selection = c(0, 0, 0, 0, 0, 0, 0, 0, 0, 0, 0), 
    DF.valid.acc = c(1, 1, 1, 1, 1, 1, 1, 1, 1, 1, 1), DF.test.acc = c(1, 
    1, 1, 1, 1, 1, 1, 1, 1, 1, 1), DF.train.time = c(0.0096, 
    0.0105, 0.0099, 0.0096, 0.01, 0.0106, 0.0102, 0.0101, 0.0103, 
    0.0112, 0.0113), DF.n.support.vectors = c(15.7, 16.1, 16.3, 
    16.6, 17.7, 17.5, 17.8, 17.5, 18.1, 18.3, 18.3), DF.index = c(1, 
    1, 1, 1, 1, 1, 1, 1, 1, 1, 1), DF.n.solutions = c(1, 1, 1, 
    1, 1, 1, 1, 1, 1, 1, 1), DF.generations = c(1, 1, 1, 1, 1, 
    1, 1, 1, 1, 1, 1), DF.n.evaluations = c(1, 1, 1, 1, 1, 1, 
    1, 1, 1, 1, 1), DF.cpu.time = c(2.522, 2.665, 2.673, 2.503, 
    2.614, 2.708, 2.519, 2.542, 2.566, 3.322, 3.297), SMBO.cost = c(12.9643009539415, 
    12.9643009539415, 12.9643009539415, 12.9643009539415, 12.9643009539415, 
    12.9643009539415, 12.9643009539415, 12.9643009539415, 12.9643009539415, 
    12.9643009539415, 12.9643009539415), SMBO.gamma = c(-14.9478830082455, 
    -14.9478830082455, -14.9478830082455, -14.9478830082455, 
    -14.9478830082455, -14.9478830082455, -14.9478830082455, 
    -14.9478830082455, -14.9478830082455, -14.9478830082455, 
    -14.9478830082455), SMBO.balanced.test.accuracy = c(1, 1, 
    1, 1, 1, 1, 1, 1, 1, 1, 1)), .Names = c("Sampling", "PSO.cost", 
"PSO.gamma", "PSO.data.balancing", "PSO.feature.selection", "PSO.valid.acc", 
"PSO.test.acc", "PSO.train.time", "PSO.n.support.vectors", "PSO.index", 
"PSO.n.solutions", "PSO.generations", "PSO.n.evaluations", "PSO.cpu.time", 
"RS.cost", "RS.gamma", "RS.data.balancing", "RS.feature.selection", 
"RS.valid.acc", "RS.test.acc", "RS.train.time", "RS.n.support.vectors", 
"RS.index", "RS.n.solutions", "RS.generations", "RS.n.evaluations", 
"RS.cpu.time", "DF.cost", "DF.gamma", "DF.data.balancing", "DF.feature.selection", 
"DF.valid.acc", "DF.test.acc", "DF.train.time", "DF.n.support.vectors", 
"DF.index", "DF.n.solutions", "DF.generations", "DF.n.evaluations", 
"DF.cpu.time", "SMBO.cost", "SMBO.gamma", "SMBO.balanced.test.accuracy"
), row.names = c(NA, -11L), class = "data.frame")
