new.sol <-
structure(list(Sampling = c(50, 55, 60, 65, 70, 75, 80, 85, 90, 
95, 100), PSO.cost = c(1, 1, 1, 1, 1, 1, 1, 1, 1, 1, 1), PSO.gamma = c(0.16667, 
0.16667, 0.16667, 0.16667, 0.16667, 0.16667, 0.16667, 0.16667, 
0.16667, 0.16667, 0.16667), PSO.data.balancing = c(0, 0, 0, 0, 
0, 0, 0, 0, 0, 0, 0), PSO.feature.selection = c(0, 0, 0, 0, 0, 
0, 0, 0, 0, 0, 0), PSO.valid.acc = c(1, 1, 1, 1, 1, 1, 1, 1, 
1, 1, 1), PSO.test.acc = c(1, 1, 1, 1, 1, 1, 1, 1, 1, 1, 1), 
    PSO.train.time = c(0.011, 0.0103, 0.0094, 0.0108, 0.0106, 
    0.0104, 0.0103, 0.0102, 0.011, 0.0111, 0.0106), PSO.n.support.vectors = c(17.6, 
    17.5, 17.6, 17.6, 18.1, 17.8, 17.9, 17.8, 18, 18.1, 18.4), 
    PSO.index = c(1, 1, 1, 1, 1, 1, 1, 1, 1, 1, 1), PSO.n.solutions = c(2259, 
    2228, 2279, 2277, 2202, 2176, 2154, 2187, 2232, 2286, 2258
    ), PSO.generations = c(100, 100, 100, 100, 100, 100, 100, 
    100, 100, 100, 100), PSO.n.evaluations = c(2500, 2500, 2500, 
    2500, 2500, 2500, 2500, 2500, 2500, 2500, 2500), PSO.cpu.time = c(7000.816, 
    6879.038, 7078.436, 7081.84, 6815.916, 6934.98199999999, 
    6894.97199999999, 6865.155, 6862.796, 6877.28499999999, 6867.31400000001
    ), RS.cost = c(12.23821, 0.93147, 2.5892, 0.80977, 14.19982, 
    1.9612, 7.56797, 13.40569, 14.38842, 10.41198, 13.42437), 
    RS.gamma = c(-3.8991, -1.25575, -4.80165, -2.0811, -14.10999, 
    0.88695, -6.79629, -2.17892, -0.86858, -7.94746, -7.91302
    ), RS.data.balancing = c(0, 0, 0, 0, 0, 0, 0, 0, 0, 0, 0), 
    RS.feature.selection = c(0, 0, 0, 0, 0, 0, 0, 0, 0, 0, 0), 
    RS.valid.acc = c(1, 1, 1, 1, 1, 1, 1, 1, 1, 1, 1), RS.test.acc = c(1, 
    1, 1, 1, 1, 1, 1, 1, 1, 1, 1), RS.train.time = c(0.0103, 
    0.01, 0.0101, 0.01, 0.0098, 0.0098, 0.0101, 0.01, 0.0107, 
    0.0107, 0.0106), RS.n.support.vectors = c(5, 14, 12.7, 12.3, 
    5, 20.8, 5, 8.2, 13.7, 5, 5), RS.index = c(1, 2, 1, 1, 1, 
    1, 2, 1, 1, 1, 1), RS.n.solutions = c(1918, 1814, 1907, 1858, 
    1896, 1917, 1885, 1868, 1924, 1844, 1891), RS.generations = c(100, 
    100, 100, 100, 100, 100, 100, 100, 100, 100, 100), RS.n.evaluations = c(2500, 
    2500, 2500, 2500, 2500, 2500, 2500, 2500, 2500, 2500, 2500
    ), RS.cpu.time = c(6865.618, 6838.702, 7105.93, 6971.931, 
    6991.596, 6769.23800000001, 6883.98300000001, 6969.337, 6924.67199999999, 
    6903.28200000001, 6958.614), DF.cost = c(1, 1, 1, 1, 1, 1, 
    1, 1, 1, 1, 1), DF.gamma = c(0.16667, 0.16667, 0.16667, 0.16667, 
    0.16667, 0.16667, 0.16667, 0.16667, 0.16667, 0.16667, 0.16667
    ), DF.data.balancing = c(0, 0, 0, 0, 0, 0, 0, 0, 0, 0, 0), 
    DF.feature.selection = c(0, 0, 0, 0, 0, 0, 0, 0, 0, 0, 0), 
    DF.valid.acc = c(1, 1, 1, 1, 1, 1, 1, 1, 1, 1, 1), DF.test.acc = c(1, 
    1, 1, 1, 1, 1, 1, 1, 1, 1, 1), DF.train.time = c(0.01, 0.0094, 
    0.0104, 0.01, 0.011, 0.0101, 0.0104, 0.0103, 0.0111, 0.0107, 
    0.0102), DF.n.support.vectors = c(17.6, 17.5, 17.6, 17.6, 
    18.1, 17.8, 17.9, 17.8, 18, 18.1, 18.4), DF.index = c(1, 
    1, 1, 1, 1, 1, 1, 1, 1, 1, 1), DF.n.solutions = c(1, 1, 1, 
    1, 1, 1, 1, 1, 1, 1, 1), DF.generations = c(1, 1, 1, 1, 1, 
    1, 1, 1, 1, 1, 1), DF.n.evaluations = c(1, 1, 1, 1, 1, 1, 
    1, 1, 1, 1, 1), DF.cpu.time = c(2.806, 2.588, 2.816, 2.73, 
    2.795, 2.793, 2.737, 2.801, 2.81, 2.756, 2.775), SMBO.cost = c(12.3768961577495, 
    12.3768961577495, 12.3768961577495, 12.3768961577495, 12.3768961577495, 
    12.3768961577495, 12.3768961577495, 12.3768961577495, 12.3768961577495, 
    12.3768961577495, 12.3768961577495), SMBO.gamma = c(-14.0770883849202, 
    -14.0770883849202, -14.0770883849202, -14.0770883849202, 
    -14.0770883849202, -14.0770883849202, -14.0770883849202, 
    -14.0770883849202, -14.0770883849202, -14.0770883849202, 
    -14.0770883849202), SMBO.balanced.test.accuracy = c(1, 1, 
    1, 1, 1, 1, 1, 1, 1, 1, 1)), .Names = c("Sampling", "PSO.cost", 
"PSO.gamma", "PSO.data.balancing", "PSO.feature.selection", "PSO.valid.acc", 
"PSO.test.acc", "PSO.train.time", "PSO.n.support.vectors", "PSO.index", 
"PSO.n.solutions", "PSO.generations", "PSO.n.evaluations", "PSO.cpu.time", 
"RS.cost", "RS.gamma", "RS.data.balancing", "RS.feature.selection", 
"RS.valid.acc", "RS.test.acc", "RS.train.time", "RS.n.support.vectors", 
"RS.index", "RS.n.solutions", "RS.generations", "RS.n.evaluations", 
"RS.cpu.time", "DF.cost", "DF.gamma", "DF.data.balancing", "DF.feature.selection", 
"DF.valid.acc", "DF.test.acc", "DF.train.time", "DF.n.support.vectors", 
"DF.index", "DF.n.solutions", "DF.generations", "DF.n.evaluations", 
"DF.cpu.time", "SMBO.cost", "SMBO.gamma", "SMBO.balanced.test.accuracy"
), row.names = c(NA, -11L), class = "data.frame")
