new.sol <-
structure(list(Sampling = c(50, 55, 60, 65, 70, 75, 80, 85, 90, 
95, 100), PSO.cost = c(1, 1, 1, 1, 1, 1, 1, 1, 1, 1, 1), PSO.gamma = c(0.16667, 
0.16667, 0.16667, 0.16667, 0.16667, 0.16667, 0.16667, 0.16667, 
0.16667, 0.16667, 0.16667), PSO.data.balancing = c(0, 0, 0, 0, 
0, 0, 0, 0, 0, 0, 0), PSO.feature.selection = c(0, 0, 0, 0, 0, 
0, 0, 0, 0, 0, 0), PSO.valid.acc = c(1, 1, 1, 1, 1, 1, 1, 1, 
1, 1, 1), PSO.test.acc = c(1, 1, 1, 1, 1, 1, 1, 1, 1, 1, 1), 
    PSO.train.time = c(0.0103, 0.0092, 0.0102, 0.0106, 0.01, 
    0.0099, 0.0096, 0.0101, 0.0099, 0.0103, 0.0103), PSO.n.support.vectors = c(15.8, 
    16.6, 16.9, 16.4, 17.1, 17.4, 17.3, 18.1, 18.3, 18.5, 18), 
    PSO.index = c(1, 1, 1, 1, 1, 1, 1, 1, 1, 1, 1), PSO.n.solutions = c(2175, 
    2171, 2171, 2320, 2264, 2157, 2157, 2262, 2363, 2149, 2191
    ), PSO.generations = c(100, 100, 100, 100, 100, 100, 100, 
    100, 100, 100, 100), PSO.n.evaluations = c(2500, 2500, 2500, 
    2500, 2500, 2500, 2500, 2500, 2500, 2500, 2500), PSO.cpu.time = c(6510.897, 
    6735.264, 6822.088, 6713.144, 6591.679, 6640.071, 6437.644, 
    6518.14, 6606.03999999999, 6614.224, 6463.413), RS.cost = c(12.94283, 
    14.23912, 10.35081, 12.28969, 11.26274, 7.18576, 8.90941, 
    12.00993, 14.6634, 4.18437, 8.34273), RS.gamma = c(-4.93995, 
    -12.63333, -11.52464, -4.23907, -11.47774, 2.75789, -7.22926, 
    -3.56153, -11.75526, 0.44084, -11.3974), RS.data.balancing = c(0, 
    0, 0, 0, 0, 0, 0, 0, 0, 0, 0), RS.feature.selection = c(0, 
    0, 0, 0, 0, 0, 0, 0, 0, 0, 0), RS.valid.acc = c(1, 1, 1, 
    1, 1, 1, 1, 1, 1, 1, 1), RS.test.acc = c(1, 1, 1, 1, 1, 1, 
    1, 1, 1, 1, 1), RS.train.time = c(0.0091, 0.0096, 0.0095, 
    0.0098, 0.0099, 0.0108, 0.0094, 0.0115, 0.0104, 0.0106, 0.0106
    ), RS.n.support.vectors = c(5, 5, 6.7, 5, 5.6, 29.1, 5, 5, 
    5, 19.1, 18.8), RS.index = c(1, 1, 1, 1, 2, 2, 2, 1, 1, 1, 
    1), RS.n.solutions = c(1830, 1868, 1872, 1894, 1885, 1875, 
    1873, 1896, 1832, 1911, 1907), RS.generations = c(100, 100, 
    100, 100, 100, 100, 100, 100, 100, 100, 100), RS.n.evaluations = c(2500, 
    2500, 2500, 2500, 2500, 2500, 2500, 2500, 2500, 2500, 2500
    ), RS.cpu.time = c(6483.906, 6725.955, 6621.395, 6731.63800000001, 
    6619.34, 6550.37999999999, 6418.97, 6688.49699999999, 6557.32399999999, 
    6502.67700000001, 6600.79700000002), DF.cost = c(1, 1, 1, 
    1, 1, 1, 1, 1, 1, 1, 1), DF.gamma = c(0.16667, 0.16667, 0.16667, 
    0.16667, 0.16667, 0.16667, 0.16667, 0.16667, 0.16667, 0.16667, 
    0.16667), DF.data.balancing = c(0, 0, 0, 0, 0, 0, 0, 0, 0, 
    0, 0), DF.feature.selection = c(0, 0, 0, 0, 0, 0, 0, 0, 0, 
    0, 0), DF.valid.acc = c(1, 1, 1, 1, 1, 1, 1, 1, 1, 1, 1), 
    DF.test.acc = c(1, 1, 1, 1, 1, 1, 1, 1, 1, 1, 1), DF.train.time = c(0.0098, 
    0.0102, 0.0103, 0.01, 0.0101, 0.0097, 0.0102, 0.0097, 0.0104, 
    0.0094, 0.0103), DF.n.support.vectors = c(15.8, 16.6, 16.9, 
    16.4, 17.1, 17.4, 17.3, 18.1, 18.3, 18.5, 18), DF.index = c(1, 
    1, 1, 1, 1, 1, 1, 1, 1, 1, 1), DF.n.solutions = c(1, 1, 1, 
    1, 1, 1, 1, 1, 1, 1, 1), DF.generations = c(1, 1, 1, 1, 1, 
    1, 1, 1, 1, 1, 1), DF.n.evaluations = c(1, 1, 1, 1, 1, 1, 
    1, 1, 1, 1, 1), DF.cpu.time = c(2.633, 2.75, 2.703, 2.736, 
    2.656, 2.558, 2.578, 2.659, 2.661, 2.498, 2.673), SMBO.cost = c(11.9583117264579, 
    11.9583117264579, 11.9583117264579, 11.9583117264579, 11.9583117264579, 
    11.9583117264579, 11.9583117264579, 11.9583117264579, 11.9583117264579, 
    11.9583117264579, 11.9583117264579), SMBO.gamma = c(4.68961399184918, 
    4.68961399184918, 4.68961399184918, 4.68961399184918, 4.68961399184918, 
    4.68961399184918, 4.68961399184918, 4.68961399184918, 4.68961399184918, 
    4.68961399184918, 4.68961399184918), SMBO.balanced.test.accuracy = c(1, 
    1, 1, 1, 1, 1, 1, 1, 1, 1, 1)), .Names = c("Sampling", "PSO.cost", 
"PSO.gamma", "PSO.data.balancing", "PSO.feature.selection", "PSO.valid.acc", 
"PSO.test.acc", "PSO.train.time", "PSO.n.support.vectors", "PSO.index", 
"PSO.n.solutions", "PSO.generations", "PSO.n.evaluations", "PSO.cpu.time", 
"RS.cost", "RS.gamma", "RS.data.balancing", "RS.feature.selection", 
"RS.valid.acc", "RS.test.acc", "RS.train.time", "RS.n.support.vectors", 
"RS.index", "RS.n.solutions", "RS.generations", "RS.n.evaluations", 
"RS.cpu.time", "DF.cost", "DF.gamma", "DF.data.balancing", "DF.feature.selection", 
"DF.valid.acc", "DF.test.acc", "DF.train.time", "DF.n.support.vectors", 
"DF.index", "DF.n.solutions", "DF.generations", "DF.n.evaluations", 
"DF.cpu.time", "SMBO.cost", "SMBO.gamma", "SMBO.balanced.test.accuracy"
), row.names = c(NA, -11L), class = "data.frame")
