new.sol <-
structure(list(Sampling = c(50, 55, 60, 65, 70, 75, 80, 85, 90, 
95, 100), PSO.cost = c(2.50618, 1, 1, 1, 1, 1, 1, 1, 1, 1, 1), 
    PSO.gamma = c(-2.05032, 0.16667, 0.16667, 0.16667, 0.16667, 
    0.16667, 0.16667, 0.16667, 0.16667, 0.16667, 0.16667), PSO.data.balancing = c(0, 
    0, 0, 0, 0, 0, 0, 0, 0, 0, 0), PSO.feature.selection = c(0, 
    0, 0, 0, 0, 0, 0, 0, 0, 0, 0), PSO.valid.acc = c(1, 1, 1, 
    1, 1, 1, 1, 1, 1, 1, 1), PSO.test.acc = c(1, 1, 1, 1, 1, 
    1, 1, 1, 1, 1, 1), PSO.train.time = c(0.0099, 0.0103, 0.01, 
    0.0105, 0.0105, 0.0101, 0.0103, 0.0105, 0.0123, 0.0127, 0.0133
    ), PSO.n.support.vectors = c(8.2, 16.7, 16.9, 18.4, 18.4, 
    18.3, 18.4, 18.7, 17.8, 18.2, 18.6), PSO.index = c(3, 1, 
    1, 1, 1, 1, 1, 1, 1, 1, 1), PSO.n.solutions = c(1914, 2224, 
    2161, 2275, 2336, 2143, 2093, 2287, 2351, 2076, 2323), PSO.generations = c(100, 
    100, 100, 100, 100, 100, 100, 100, 100, 100, 100), PSO.n.evaluations = c(2500, 
    2500, 2500, 2500, 2500, 2500, 2500, 2500, 2500, 2500, 2500
    ), PSO.cpu.time = c(6958.097, 6997.854, 6897.747, 6919.298, 
    6891.48, 6840.671, 6861.023, 8733.87000000001, 9510.81600000001, 
    9416.753, 9153.133), RS.cost = c(13.27894, 2.75786, 3.01977, 
    2.93037, 11.52225, 12.93035, 8.79433, 14.0741, 4.72198, 9.08613, 
    2.50898), RS.gamma = c(-6.34239, 0.19679, -7.01402, -5.57068, 
    -2.08894, -1.52528, 0.93157, -13.89909, -7.97858, -11.08137, 
    -1.46149), RS.data.balancing = c(0, 0, 0, 0, 0, 0, 0, 0, 
    0, 0, 0), RS.feature.selection = c(0, 0, 0, 0, 0, 0, 0, 0, 
    0, 0, 0), RS.valid.acc = c(1, 1, 1, 1, 1, 1, 1, 1, 1, 1, 
    1), RS.test.acc = c(1, 1, 1, 1, 1, 1, 1, 1, 1, 1, 1), RS.train.time = c(0.0099, 
    0.0106, 0.0103, 0.0107, 0.0099, 0.0104, 0.0104, 0.0115, 0.0127, 
    0.0123, 0.011), RS.n.support.vectors = c(5, 18.5, 21.9, 14.9, 
    8.2, 11.9, 20.3, 5, 20.3, 12.1, 12.7), RS.index = c(2, 2, 
    5, 4, 2, 1, 2, 1, 1, 1, 2), RS.n.solutions = c(1406, 1891, 
    1709, 1950, 1883, 1896, 1937, 1879, 1894, 1918, 1889), RS.generations = c(100, 
    100, 100, 100, 100, 100, 100, 100, 100, 100, 100), RS.n.evaluations = c(2500, 
    2500, 2500, 2500, 2500, 2500, 2500, 2500, 2500, 2500, 2500
    ), RS.cpu.time = c(6989.046, 6916.913, 6882.128, 6914.615, 
    6854.726, 6819.499, 6834.925, 9216.82900000001, 9478.60100000001, 
    9171.826, 9110.85700000002), DF.cost = c(1, 1, 1, 1, 1, 1, 
    1, 1, 1, 1, 1), DF.gamma = c(0.16667, 0.16667, 0.16667, 0.16667, 
    0.16667, 0.16667, 0.16667, 0.16667, 0.16667, 0.16667, 0.16667
    ), DF.data.balancing = c(0, 0, 0, 0, 0, 0, 0, 0, 0, 0, 0), 
    DF.feature.selection = c(0, 0, 0, 0, 0, 0, 0, 0, 0, 0, 0), 
    DF.valid.acc = c(0.98, 1, 1, 1, 1, 1, 1, 1, 1, 1, 1), DF.test.acc = c(1, 
    1, 1, 1, 1, 1, 1, 1, 1, 1, 1), DF.train.time = c(0.0101, 
    0.0101, 0.0097, 0.01, 0.0106, 0.0101, 0.0104, 0.0122, 0.0122, 
    0.0126, 0.0112), DF.n.support.vectors = c(15.8, 16.7, 16.9, 
    18.4, 18.4, 18.3, 18.4, 18.7, 17.8, 18.2, 18.6), DF.index = c(1, 
    1, 1, 1, 1, 1, 1, 1, 1, 1, 1), DF.n.solutions = c(1, 1, 1, 
    1, 1, 1, 1, 1, 1, 1, 1), DF.generations = c(1, 1, 1, 1, 1, 
    1, 1, 1, 1, 1, 1), DF.n.evaluations = c(1, 1, 1, 1, 1, 1, 
    1, 1, 1, 1, 1), DF.cpu.time = c(2.792, 2.754, 2.745, 2.759, 
    2.728, 2.735, 2.73, 3.821, 3.819, 3.783, 3.575), SMBO.cost = c(0.202804748640047, 
    0.202804748640047, 0.202804748640047, 0.202804748640047, 
    0.202804748640047, 0.202804748640047, 0.202804748640047, 
    0.202804748640047, 0.202804748640047, 0.202804748640047, 
    0.202804748640047), SMBO.gamma = c(3.01481427881692, 3.01481427881692, 
    3.01481427881692, 3.01481427881692, 3.01481427881692, 3.01481427881692, 
    3.01481427881692, 3.01481427881692, 3.01481427881692, 3.01481427881692, 
    3.01481427881692), SMBO.balanced.test.accuracy = c(1, 1, 
    1, 1, 1, 1, 1, 1, 1, 1, 1)), .Names = c("Sampling", "PSO.cost", 
"PSO.gamma", "PSO.data.balancing", "PSO.feature.selection", "PSO.valid.acc", 
"PSO.test.acc", "PSO.train.time", "PSO.n.support.vectors", "PSO.index", 
"PSO.n.solutions", "PSO.generations", "PSO.n.evaluations", "PSO.cpu.time", 
"RS.cost", "RS.gamma", "RS.data.balancing", "RS.feature.selection", 
"RS.valid.acc", "RS.test.acc", "RS.train.time", "RS.n.support.vectors", 
"RS.index", "RS.n.solutions", "RS.generations", "RS.n.evaluations", 
"RS.cpu.time", "DF.cost", "DF.gamma", "DF.data.balancing", "DF.feature.selection", 
"DF.valid.acc", "DF.test.acc", "DF.train.time", "DF.n.support.vectors", 
"DF.index", "DF.n.solutions", "DF.generations", "DF.n.evaluations", 
"DF.cpu.time", "SMBO.cost", "SMBO.gamma", "SMBO.balanced.test.accuracy"
), row.names = c(NA, -11L), class = "data.frame")
