new.sol <-
structure(list(Sampling = c(50, 55, 60, 65, 70, 75, 80, 85, 90, 
95, 100), PSO.cost = c(1, 1, 1, 1, 1, 1, 1, 1, 1, 1, 1), PSO.gamma = c(0.16667, 
0.16667, 0.16667, 0.16667, 0.16667, 0.16667, 0.16667, 0.16667, 
0.16667, 0.16667, 0.16667), PSO.data.balancing = c(0, 0, 0, 0, 
0, 0, 0, 0, 0, 0, 0), PSO.feature.selection = c(0, 0, 0, 0, 0, 
0, 0, 0, 0, 0, 0), PSO.valid.acc = c(1, 1, 1, 1, 1, 1, 1, 1, 
1, 1, 1), PSO.test.acc = c(1, 1, 1, 1, 1, 1, 1, 1, 1, 1, 1), 
    PSO.train.time = c(0.0116, 0.0104, 0.0109, 0.0101, 0.0098, 
    0.0106, 0.0109, 0.0107, 0.0107, 0.0112, 0.0115), PSO.n.support.vectors = c(16.4, 
    17.1, 17.4, 17.7, 17.7, 17.8, 17.5, 17.8, 18.3, 17.7, 18.2
    ), PSO.index = c(1, 1, 1, 1, 1, 1, 1, 1, 1, 1, 1), PSO.n.solutions = c(2058, 
    2090, 2158, 2038, 1891, 2035, 2140, 2265, 2240, 2115, 2194
    ), PSO.generations = c(100, 100, 100, 100, 100, 100, 100, 
    100, 100, 100, 100), PSO.n.evaluations = c(2500, 2500, 2500, 
    2500, 2500, 2500, 2500, 2500, 2500, 2500, 2500), PSO.cpu.time = c(8083.831, 
    8094.869, 8540.469, 8174.489, 8044.955, 8140.852, 8067.84400000001, 
    7947.717, 8183.109, 8315.85000000001, 8474.58799999999), 
    RS.cost = c(7.3809, 11.76205, 10.3135, 7.50277, 8.12742, 
    10.22234, 3.14648, -0.09441, 13.90934, 7.14302, 14.36609), 
    RS.gamma = c(1.51878, -1.79569, 2.05293, 1.69538, 0.42866, 
    -8.54853, -1.2627, -4.37553, 2.20394, -9.02625, -1.03822), 
    RS.data.balancing = c(0, 0, 0, 0, 0, 0, 0, 0, 0, 0, 0), RS.feature.selection = c(0, 
    0, 0, 0, 0, 0, 0, 0, 0, 0, 0), RS.valid.acc = c(1, 1, 1, 
    1, 1, 1, 1, 1, 1, 1, 1), RS.test.acc = c(1, 1, 1, 1, 1, 1, 
    1, 0.98889, 1, 1, 1), RS.train.time = c(0.0099, 0.0099, 0.0108, 
    0.0099, 0.0112, 0.0097, 0.0108, 0.0105, 0.0113, 0.0105, 0.0114
    ), RS.n.support.vectors = c(20.5, 9.9, 23.2, 22.8, 18.9, 
    5, 13.1, 30.7, 25.6, 11.7, 13.7), RS.index = c(1, 2, 1, 1, 
    1, 2, 1, 2, 1, 1, 1), RS.n.solutions = c(1704, 1719, 1779, 
    1785, 1435, 1728, 1832, 1910, 1893, 1873, 1921), RS.generations = c(100, 
    100, 100, 100, 100, 100, 100, 100, 100, 100, 100), RS.n.evaluations = c(2500, 
    2500, 2500, 2500, 2500, 2500, 2500, 2500, 2500, 2500, 2500
    ), RS.cpu.time = c(8107.16, 8384.192, 8368.076, 8088.266, 
    8015.12, 8008.477, 8114.56999999999, 8000.12199999999, 8154.62700000001, 
    8417.734, 8509.78), DF.cost = c(1, 1, 1, 1, 1, 1, 1, 1, 1, 
    1, 1), DF.gamma = c(0.16667, 0.16667, 0.16667, 0.16667, 0.16667, 
    0.16667, 0.16667, 0.16667, 0.16667, 0.16667, 0.16667), DF.data.balancing = c(0, 
    0, 0, 0, 0, 0, 0, 0, 0, 0, 0), DF.feature.selection = c(0, 
    0, 0, 0, 0, 0, 0, 0, 0, 0, 0), DF.valid.acc = c(1, 1, 1, 
    1, 1, 1, 1, 1, 1, 1, 1), DF.test.acc = c(1, 1, 1, 1, 1, 1, 
    1, 1, 1, 1, 1), DF.train.time = c(0.0104, 0.0108, 0.0106, 
    0.0097, 0.0104, 0.0111, 0.0107, 0.0106, 0.0109, 0.011, 0.0107
    ), DF.n.support.vectors = c(16.4, 17.1, 17.4, 17.7, 17.7, 
    17.8, 17.5, 17.8, 18.3, 17.7, 18.2), DF.index = c(1, 1, 1, 
    1, 1, 1, 1, 1, 1, 1, 1), DF.n.solutions = c(1, 1, 1, 1, 1, 
    1, 1, 1, 1, 1, 1), DF.generations = c(1, 1, 1, 1, 1, 1, 1, 
    1, 1, 1, 1), DF.n.evaluations = c(1, 1, 1, 1, 1, 1, 1, 1, 
    1, 1, 1), DF.cpu.time = c(3.292, 3.432, 3.243, 3.067, 3.254, 
    3.389, 3.277, 3.234, 3.397, 3.349, 3.444), SMBO.cost = c(10.9110729039617, 
    10.9110729039617, 10.9110729039617, 10.9110729039617, 10.9110729039617, 
    10.9110729039617, 10.9110729039617, 10.9110729039617, 10.9110729039617, 
    10.9110729039617, 10.9110729039617), SMBO.gamma = c(-14.9943878929591, 
    -14.9943878929591, -14.9943878929591, -14.9943878929591, 
    -14.9943878929591, -14.9943878929591, -14.9943878929591, 
    -14.9943878929591, -14.9943878929591, -14.9943878929591, 
    -14.9943878929591), SMBO.balanced.test.accuracy = c(1, 1, 
    1, 1, 1, 1, 1, 1, 1, 1, 1)), .Names = c("Sampling", "PSO.cost", 
"PSO.gamma", "PSO.data.balancing", "PSO.feature.selection", "PSO.valid.acc", 
"PSO.test.acc", "PSO.train.time", "PSO.n.support.vectors", "PSO.index", 
"PSO.n.solutions", "PSO.generations", "PSO.n.evaluations", "PSO.cpu.time", 
"RS.cost", "RS.gamma", "RS.data.balancing", "RS.feature.selection", 
"RS.valid.acc", "RS.test.acc", "RS.train.time", "RS.n.support.vectors", 
"RS.index", "RS.n.solutions", "RS.generations", "RS.n.evaluations", 
"RS.cpu.time", "DF.cost", "DF.gamma", "DF.data.balancing", "DF.feature.selection", 
"DF.valid.acc", "DF.test.acc", "DF.train.time", "DF.n.support.vectors", 
"DF.index", "DF.n.solutions", "DF.generations", "DF.n.evaluations", 
"DF.cpu.time", "SMBO.cost", "SMBO.gamma", "SMBO.balanced.test.accuracy"
), row.names = c(NA, -11L), class = "data.frame")
