new.sol <-
structure(list(Sampling = c(50, 55, 60, 65, 70, 75, 80, 85, 90, 
95, 100), PSO.cost = c(1, 1, 1, 1, 1, 1, 1, 1, 1, 1, 1), PSO.gamma = c(0.16667, 
0.16667, 0.16667, 0.16667, 0.16667, 0.16667, 0.16667, 0.16667, 
0.16667, 0.16667, 0.16667), PSO.data.balancing = c(0, 0, 0, 0, 
0, 0, 0, 0, 0, 0, 0), PSO.feature.selection = c(0, 0, 0, 0, 0, 
0, 0, 0, 0, 0, 0), PSO.valid.acc = c(1, 1, 1, 1, 1, 1, 1, 1, 
1, 1, 1), PSO.test.acc = c(1, 1, 1, 1, 1, 1, 1, 1, 1, 1, 1), 
    PSO.train.time = c(0.0108, 0.0098, 0.0103, 0.0092, 0.0106, 
    0.0093, 0.0101, 0.0094, 0.0109, 0.0108, 0.01), PSO.n.support.vectors = c(15.7, 
    16.1, 16.2, 16.3, 16.5, 17.8, 17.9, 17.8, 18.3, 18.4, 18), 
    PSO.index = c(1, 1, 1, 1, 1, 1, 1, 1, 1, 1, 1), PSO.n.solutions = c(2201, 
    2242, 2205, 2248, 2309, 2190, 2274, 2280, 2313, 2220, 2352
    ), PSO.generations = c(100, 100, 100, 100, 100, 100, 100, 
    100, 100, 100, 100), PSO.n.evaluations = c(2500, 2500, 2500, 
    2500, 2500, 2500, 2500, 2500, 2500, 2500, 2500), PSO.cpu.time = c(6590.664, 
    6833.932, 6748.924, 6562.055, 6536.19100000001, 6524.444, 
    6550.068, 6609.11900000001, 6847.194, 6873.772, 6517.929), 
    RS.cost = c(14.13755, 1.18855, 12.8056, 8.85426, 6.60053, 
    9.01125, 7.07254, 6.28948, 14.16677, 6.70897, 0.43555), RS.gamma = c(-14.23084, 
    2.13025, -14.19815, -3.25203, -9.211, -7.58108, -12.24414, 
    2.1309, -9.00775, -3.92813, 0.04533), RS.data.balancing = c(0, 
    0, 0, 0, 0, 0, 0, 0, 0, 0, 0), RS.feature.selection = c(0, 
    0, 0, 0, 0, 0, 0, 0, 0, 0, 0), RS.valid.acc = c(1, 1, 1, 
    1, 1, 1, 1, 1, 1, 1, 1), RS.test.acc = c(1, 1, 1, 1, 1, 1, 
    1, 1, 1, 1, 1), RS.train.time = c(0.0088, 0.0104, 0.0099, 
    0.0093, 0.0095, 0.0093, 0.0103, 0.0098, 0.0105, 0.0102, 0.0108
    ), RS.n.support.vectors = c(5, 21.9, 8.2, 5.2, 13.5, 5, 34.7, 
    24.4, 5, 5, 19.3), RS.index = c(1, 1, 2, 1, 1, 1, 1, 1, 1, 
    1, 1), RS.n.solutions = c(1809, 1863, 1917, 1893, 1890, 1930, 
    1937, 1897, 1913, 1892, 1901), RS.generations = c(100, 100, 
    100, 100, 100, 100, 100, 100, 100, 100, 100), RS.n.evaluations = c(2500, 
    2500, 2500, 2500, 2500, 2500, 2500, 2500, 2500, 2500, 2500
    ), RS.cpu.time = c(6771.122, 6857.347, 6559.792, 6560.67400000001, 
    6500.91800000001, 6576.053, 6489.894, 6773.167, 6838.03, 
    6752.985, 6465.76300000001), DF.cost = c(1, 1, 1, 1, 1, 1, 
    1, 1, 1, 1, 1), DF.gamma = c(0.16667, 0.16667, 0.16667, 0.16667, 
    0.16667, 0.16667, 0.16667, 0.16667, 0.16667, 0.16667, 0.16667
    ), DF.data.balancing = c(0, 0, 0, 0, 0, 0, 0, 0, 0, 0, 0), 
    DF.feature.selection = c(0, 0, 0, 0, 0, 0, 0, 0, 0, 0, 0), 
    DF.valid.acc = c(1, 1, 1, 1, 1, 1, 1, 1, 1, 1, 1), DF.test.acc = c(1, 
    1, 1, 1, 1, 1, 1, 1, 1, 1, 1), DF.train.time = c(0.0102, 
    0.0104, 0.0091, 0.0104, 0.01, 0.01, 0.0093, 0.0105, 0.0106, 
    0.0097, 0.011), DF.n.support.vectors = c(15.7, 16.1, 16.2, 
    16.3, 16.5, 17.8, 17.9, 17.8, 18.3, 18.4, 18), DF.index = c(1, 
    1, 1, 1, 1, 1, 1, 1, 1, 1, 1), DF.n.solutions = c(1, 1, 1, 
    1, 1, 1, 1, 1, 1, 1, 1), DF.generations = c(1, 1, 1, 1, 1, 
    1, 1, 1, 1, 1, 1), DF.n.evaluations = c(1, 1, 1, 1, 1, 1, 
    1, 1, 1, 1, 1), DF.cpu.time = c(2.72, 2.756, 2.479, 2.676, 
    2.567, 2.625, 2.463, 2.757, 2.722, 2.483, 2.724), SMBO.cost = c(0.495827887521062, 
    0.495827887521062, 0.495827887521062, 0.495827887521062, 
    0.495827887521062, 0.495827887521062, 0.495827887521062, 
    0.495827887521062, 0.495827887521062, 0.495827887521062, 
    0.495827887521062), SMBO.gamma = c(-1.2772134671043, -1.2772134671043, 
    -1.2772134671043, -1.2772134671043, -1.2772134671043, -1.2772134671043, 
    -1.2772134671043, -1.2772134671043, -1.2772134671043, -1.2772134671043, 
    -1.2772134671043), SMBO.balanced.test.accuracy = c(1, 1, 
    1, 1, 1, 1, 1, 1, 1, 1, 1)), .Names = c("Sampling", "PSO.cost", 
"PSO.gamma", "PSO.data.balancing", "PSO.feature.selection", "PSO.valid.acc", 
"PSO.test.acc", "PSO.train.time", "PSO.n.support.vectors", "PSO.index", 
"PSO.n.solutions", "PSO.generations", "PSO.n.evaluations", "PSO.cpu.time", 
"RS.cost", "RS.gamma", "RS.data.balancing", "RS.feature.selection", 
"RS.valid.acc", "RS.test.acc", "RS.train.time", "RS.n.support.vectors", 
"RS.index", "RS.n.solutions", "RS.generations", "RS.n.evaluations", 
"RS.cpu.time", "DF.cost", "DF.gamma", "DF.data.balancing", "DF.feature.selection", 
"DF.valid.acc", "DF.test.acc", "DF.train.time", "DF.n.support.vectors", 
"DF.index", "DF.n.solutions", "DF.generations", "DF.n.evaluations", 
"DF.cpu.time", "SMBO.cost", "SMBO.gamma", "SMBO.balanced.test.accuracy"
), row.names = c(NA, -11L), class = "data.frame")
