new.sol <-
structure(list(Sampling = c(50, 55, 60, 65, 70, 75, 80, 85, 90, 
95, 100), PSO.cost = c(1, 1, 1, 1, 1, 1, 1, 1, 1, 1, 1), PSO.gamma = c(0.16667, 
0.16667, 0.16667, 0.16667, 0.16667, 0.16667, 0.16667, 0.16667, 
0.16667, 0.16667, 0.16667), PSO.data.balancing = c(0, 0, 0, 0, 
0, 0, 0, 0, 0, 0, 0), PSO.feature.selection = c(0, 0, 0, 0, 0, 
0, 0, 0, 0, 0, 0), PSO.valid.acc = c(1, 1, 1, 1, 1, 1, 1, 1, 
1, 1, 1), PSO.test.acc = c(1, 1, 1, 1, 1, 1, 1, 1, 1, 1, 1), 
    PSO.train.time = c(0.0118, 0.0107, 0.0107, 0.0103, 0.0106, 
    0.0104, 0.0108, 0.0098, 0.0117, 0.0117, 0.0107), PSO.n.support.vectors = c(17.4, 
    16.9, 17.8, 17.9, 17.6, 17.8, 17.7, 18.1, 17.9, 18.2, 18.4
    ), PSO.index = c(1, 1, 1, 1, 1, 1, 1, 1, 1, 1, 1), PSO.n.solutions = c(2175, 
    2192, 2146, 2070, 2301, 2187, 2258, 2172, 2257, 2213, 2310
    ), PSO.generations = c(100, 100, 100, 100, 100, 100, 100, 
    100, 100, 100, 100), PSO.n.evaluations = c(2500, 2500, 2500, 
    2500, 2500, 2500, 2500, 2500, 2500, 2500, 2500), PSO.cpu.time = c(7254.236, 
    7322.123, 7326.059, 7263.504, 7249.008, 7247.75200000001, 
    7097.716, 6954.277, 8386.24900000001, 8513.71799999999, 8044.33900000001
    ), RS.cost = c(7.94158, 3.54346, 10.64325, 11.403, 9.05829, 
    7.4603, 4.24484, 1.38736, 10.28897, 0.24588, 8.02099), RS.gamma = c(-3.12281, 
    -7.3412, -7.97251, -6.51197, -8.72341, -2.68569, -2.93944, 
    -2.8472, -6.12823, 1.67723, -8.00274), RS.data.balancing = c(0, 
    0, 0, 0, 0, 0, 0, 0, 0, 0, 0), RS.feature.selection = c(0, 
    0, 0, 0, 0, 0, 0, 0, 0, 0, 0), RS.valid.acc = c(1, 1, 1, 
    1, 1, 1, 1, 1, 1, 1, 1), RS.test.acc = c(1, 1, 1, 1, 1, 1, 
    1, 1, 1, 1, 1), RS.train.time = c(0.0103, 0.0104, 0.0098, 
    0.0101, 0.0102, 0.01, 0.0104, 0.0108, 0.0111, 0.0121, 0.0103
    ), RS.n.support.vectors = c(5, 21.4, 5, 5, 5, 6.6, 5.7, 11.1, 
    5, 24.2, 6), RS.index = c(1, 1, 1, 1, 1, 1, 1, 1, 1, 1, 1
    ), RS.n.solutions = c(1812, 1826, 1827, 1841, 1835, 1851, 
    1872, 1828, 1933, 1890, 1901), RS.generations = c(100, 100, 
    100, 100, 100, 100, 100, 100, 100, 100, 100), RS.n.evaluations = c(2500, 
    2500, 2500, 2500, 2500, 2500, 2500, 2500, 2500, 2500, 2500
    ), RS.cpu.time = c(7341.465, 7340.653, 7273.636, 7263.244, 
    7245.618, 7254.488, 6941.96800000001, 7050.41499999999, 8493.88300000002, 
    8471.52300000002, 8058.34400000001), DF.cost = c(1, 1, 1, 
    1, 1, 1, 1, 1, 1, 1, 1), DF.gamma = c(0.16667, 0.16667, 0.16667, 
    0.16667, 0.16667, 0.16667, 0.16667, 0.16667, 0.16667, 0.16667, 
    0.16667), DF.data.balancing = c(0, 0, 0, 0, 0, 0, 0, 0, 0, 
    0, 0), DF.feature.selection = c(0, 0, 0, 0, 0, 0, 0, 0, 0, 
    0, 0), DF.valid.acc = c(1, 1, 1, 1, 1, 1, 1, 1, 1, 1, 1), 
    DF.test.acc = c(1, 1, 1, 1, 1, 1, 1, 1, 1, 1, 1), DF.train.time = c(0.0106, 
    0.0108, 0.0104, 0.0108, 0.0102, 0.0103, 0.0096, 0.0113, 0.0115, 
    0.0105, 0.0112), DF.n.support.vectors = c(17.4, 16.9, 17.8, 
    17.9, 17.6, 17.8, 17.7, 18.1, 17.9, 18.2, 18.4), DF.index = c(1, 
    1, 1, 1, 1, 1, 1, 1, 1, 1, 1), DF.n.solutions = c(1, 1, 1, 
    1, 1, 1, 1, 1, 1, 1, 1), DF.generations = c(1, 1, 1, 1, 1, 
    1, 1, 1, 1, 1, 1), DF.n.evaluations = c(1, 1, 1, 1, 1, 1, 
    1, 1, 1, 1, 1), DF.cpu.time = c(2.919, 2.935, 2.907, 2.911, 
    2.85, 2.923, 2.652, 3.332, 3.381, 3.079, 3.213), SMBO.cost = c(6.80087501630536, 
    6.80087501630536, 6.80087501630536, 6.80087501630536, 6.80087501630536, 
    6.80087501630536, 6.80087501630536, 6.80087501630536, 6.80087501630536, 
    6.80087501630536, 6.80087501630536), SMBO.gamma = c(-9.96789180336558, 
    -9.96789180336558, -9.96789180336558, -9.96789180336558, 
    -9.96789180336558, -9.96789180336558, -9.96789180336558, 
    -9.96789180336558, -9.96789180336558, -9.96789180336558, 
    -9.96789180336558), SMBO.balanced.test.accuracy = c(1, 1, 
    1, 1, 1, 1, 1, 1, 1, 1, 1)), .Names = c("Sampling", "PSO.cost", 
"PSO.gamma", "PSO.data.balancing", "PSO.feature.selection", "PSO.valid.acc", 
"PSO.test.acc", "PSO.train.time", "PSO.n.support.vectors", "PSO.index", 
"PSO.n.solutions", "PSO.generations", "PSO.n.evaluations", "PSO.cpu.time", 
"RS.cost", "RS.gamma", "RS.data.balancing", "RS.feature.selection", 
"RS.valid.acc", "RS.test.acc", "RS.train.time", "RS.n.support.vectors", 
"RS.index", "RS.n.solutions", "RS.generations", "RS.n.evaluations", 
"RS.cpu.time", "DF.cost", "DF.gamma", "DF.data.balancing", "DF.feature.selection", 
"DF.valid.acc", "DF.test.acc", "DF.train.time", "DF.n.support.vectors", 
"DF.index", "DF.n.solutions", "DF.generations", "DF.n.evaluations", 
"DF.cpu.time", "SMBO.cost", "SMBO.gamma", "SMBO.balanced.test.accuracy"
), row.names = c(NA, -11L), class = "data.frame")
