new.sol <-
structure(list(Sampling = c(50, 55, 60, 65, 70, 75, 80, 85, 90, 
95, 100), PSO.cost = c(1, 1, 1, 1, 1, 1, 1, 1, 1, 1, 1), PSO.gamma = c(0.16667, 
0.16667, 0.16667, 0.16667, 0.16667, 0.16667, 0.16667, 0.16667, 
0.16667, 0.16667, 0.16667), PSO.data.balancing = c(0, 0, 0, 0, 
0, 0, 0, 0, 0, 0, 0), PSO.feature.selection = c(0, 0, 0, 0, 0, 
0, 0, 0, 0, 0, 0), PSO.valid.acc = c(1, 1, 1, 1, 1, 1, 1, 1, 
1, 1, 1), PSO.test.acc = c(1, 1, 1, 1, 1, 1, 1, 1, 1, 1, 1), 
    PSO.train.time = c(0.0112, 0.0103, 0.0098, 0.0113, 0.0116, 
    0.0118, 0.0117, 0.0118, 0.012, 0.0119, 0.0114), PSO.n.support.vectors = c(16.5, 
    17.4, 17.5, 17.8, 17.8, 17.7, 17.6, 18, 17.9, 18.5, 18.4), 
    PSO.index = c(1, 1, 1, 1, 1, 1, 1, 1, 1, 1, 1), PSO.n.solutions = c(2165, 
    2191, 2064, 2212, 2177, 2197, 2206, 2186, 2157, 2303, 2301
    ), PSO.generations = c(100, 100, 100, 100, 100, 100, 100, 
    100, 100, 100, 100), PSO.n.evaluations = c(2500, 2500, 2500, 
    2500, 2500, 2500, 2500, 2500, 2500, 2500, 2500), PSO.cpu.time = c(6446.686, 
    6701.378, 6890.802, 8965.726, 8948.607, 9015.762, 9052.007, 
    8909.219, 8859.715, 8893.33799999999, 8445.19), RS.cost = c(7.65984, 
    8.92963, 8.2096, 8.40558, -0.33241, 11.24132, 12.45533, 13.05742, 
    5.68606, 10.55776, 11.31062), RS.gamma = c(-2.81856, -6.04362, 
    -8.71111, -4.14747, -0.3113, -7.11079, 2.71271, -8.61514, 
    -4.66179, -13.68685, -1.11055), RS.data.balancing = c(0, 
    0, 0, 0, 0, 0, 0, 0, 0, 0, 0), RS.feature.selection = c(0, 
    0, 0, 0, 0, 0, 0, 0, 0, 0, 0), RS.valid.acc = c(1, 1, 1, 
    1, 1, 1, 1, 1, 1, 1, 1), RS.test.acc = c(1, 1, 1, 1, 1, 1, 
    1, 1, 1, 1, 1), RS.train.time = c(0.01, 0.0101, 0.0118, 0.0118, 
    0.0117, 0.0117, 0.0122, 0.0117, 0.0118, 0.012, 0.0121), RS.n.support.vectors = c(5.9, 
    5, 6, 5, 19.1, 5, 30.7, 5, 5, 18.6, 13.7), RS.index = c(2, 
    1, 2, 2, 3, 1, 5, 2, 1, 1, 2), RS.n.solutions = c(1704, 1833, 
    1774, 1842, 1892, 1867, 1888, 1906, 1871, 1914, 1937), RS.generations = c(100, 
    100, 100, 100, 100, 100, 100, 100, 100, 100, 100), RS.n.evaluations = c(2500, 
    2500, 2500, 2500, 2500, 2500, 2500, 2500, 2500, 2500, 2500
    ), RS.cpu.time = c(6625.262, 6697.858, 8988.194, 8950.469, 
    8986.90699999999, 9017.70299999999, 9016.008, 8861.414, 8821.79800000001, 
    8718.90299999999, 8485.74599999998), DF.cost = c(1, 1, 1, 
    1, 1, 1, 1, 1, 1, 1, 1), DF.gamma = c(0.16667, 0.16667, 0.16667, 
    0.16667, 0.16667, 0.16667, 0.16667, 0.16667, 0.16667, 0.16667, 
    0.16667), DF.data.balancing = c(0, 0, 0, 0, 0, 0, 0, 0, 0, 
    0, 0), DF.feature.selection = c(0, 0, 0, 0, 0, 0, 0, 0, 0, 
    0, 0), DF.valid.acc = c(1, 1, 1, 1, 1, 1, 1, 1, 1, 1, 1), 
    DF.test.acc = c(1, 1, 1, 1, 1, 1, 1, 1, 1, 1, 1), DF.train.time = c(0.0101, 
    0.01, 0.0113, 0.0116, 0.0111, 0.0119, 0.0118, 0.012, 0.0122, 
    0.0108, 0.0111), DF.n.support.vectors = c(16.5, 17.4, 17.5, 
    17.8, 17.8, 17.7, 17.6, 18, 17.9, 18.5, 18.4), DF.index = c(1, 
    1, 1, 1, 1, 1, 1, 1, 1, 1, 1), DF.n.solutions = c(1, 1, 1, 
    1, 1, 1, 1, 1, 1, 1, 1), DF.generations = c(1, 1, 1, 1, 1, 
    1, 1, 1, 1, 1, 1), DF.n.evaluations = c(1, 1, 1, 1, 1, 1, 
    1, 1, 1, 1, 1), DF.cpu.time = c(2.678, 2.678, 3.581, 3.603, 
    3.588, 3.599, 3.554, 3.544, 3.499, 3.232, 3.27), SMBO.cost = c(12.917094381473, 
    12.917094381473, 12.917094381473, 12.917094381473, 12.917094381473, 
    12.917094381473, 12.917094381473, 12.917094381473, 12.917094381473, 
    12.917094381473, 12.917094381473), SMBO.gamma = c(-7.02950749152806, 
    -7.02950749152806, -7.02950749152806, -7.02950749152806, 
    -7.02950749152806, -7.02950749152806, -7.02950749152806, 
    -7.02950749152806, -7.02950749152806, -7.02950749152806, 
    -7.02950749152806), SMBO.balanced.test.accuracy = c(1, 1, 
    1, 1, 1, 1, 1, 1, 1, 1, 1)), .Names = c("Sampling", "PSO.cost", 
"PSO.gamma", "PSO.data.balancing", "PSO.feature.selection", "PSO.valid.acc", 
"PSO.test.acc", "PSO.train.time", "PSO.n.support.vectors", "PSO.index", 
"PSO.n.solutions", "PSO.generations", "PSO.n.evaluations", "PSO.cpu.time", 
"RS.cost", "RS.gamma", "RS.data.balancing", "RS.feature.selection", 
"RS.valid.acc", "RS.test.acc", "RS.train.time", "RS.n.support.vectors", 
"RS.index", "RS.n.solutions", "RS.generations", "RS.n.evaluations", 
"RS.cpu.time", "DF.cost", "DF.gamma", "DF.data.balancing", "DF.feature.selection", 
"DF.valid.acc", "DF.test.acc", "DF.train.time", "DF.n.support.vectors", 
"DF.index", "DF.n.solutions", "DF.generations", "DF.n.evaluations", 
"DF.cpu.time", "SMBO.cost", "SMBO.gamma", "SMBO.balanced.test.accuracy"
), row.names = c(NA, -11L), class = "data.frame")
