new.sol <-
structure(list(Sampling = c(50, 55, 60, 65, 70, 75, 80, 85, 90, 
95, 100), PSO.cost = c(1, 1, 1, 1, 1, 1, 1, 1, 1, 1, 1), PSO.gamma = c(0.16667, 
0.16667, 0.16667, 0.16667, 0.16667, 0.16667, 0.16667, 0.16667, 
0.16667, 0.16667, 0.16667), PSO.data.balancing = c(0, 0, 0, 0, 
0, 0, 0, 0, 0, 0, 0), PSO.feature.selection = c(0, 0, 0, 0, 0, 
0, 0, 0, 0, 0, 0), PSO.valid.acc = c(1, 1, 1, 1, 1, 1, 1, 1, 
1, 1, 1), PSO.test.acc = c(1, 1, 1, 1, 1, 1, 1, 1, 1, 1, 1), 
    PSO.train.time = c(0.0107, 0.0098, 0.0099, 0.01, 0.0095, 
    0.0104, 0.0111, 0.0101, 0.0109, 0.0109, 0.0108), PSO.n.support.vectors = c(15.6, 
    16.9, 17.9, 18.1, 18, 17.9, 18.3, 18.1, 18.3, 18.3, 18.1), 
    PSO.index = c(1, 1, 1, 1, 1, 1, 1, 1, 1, 1, 1), PSO.n.solutions = c(1437, 
    2094, 2310, 2278, 2275, 2112, 2257, 2159, 2319, 2308, 2281
    ), PSO.generations = c(100, 100, 100, 100, 100, 100, 100, 
    100, 100, 100, 100), PSO.n.evaluations = c(2500, 2500, 2500, 
    2500, 2500, 2500, 2500, 2500, 2500, 2500, 2500), PSO.cpu.time = c(8002.325, 
    8103.506, 8138.374, 8121.543, 8067.548, 8155.276, 8040.935, 
    8113.28200000001, 8441.319, 8026.10399999999, 8097.467), 
    RS.cost = c(6.85259, 6.42368, 10.91544, -1.9337, 7.23643, 
    14.33697, 4.83001, 13.28056, 8.09679, 8.46637, 14.04134), 
    RS.gamma = c(-0.63528, -8.23544, -13.02802, -0.21666, -1.52673, 
    -12.56298, -2.1617, -3.03998, -2.42357, -2.94948, 2.35115
    ), RS.data.balancing = c(0, 0, 0, 0, 0, 0, 0, 0, 0, 0, 0), 
    RS.feature.selection = c(0, 0, 0, 0, 0, 0, 0, 0, 0, 0, 0), 
    RS.valid.acc = c(1, 1, 1, 1, 1, 1, 1, 1, 1, 1, 1), RS.test.acc = c(1, 
    1, 1, 1, 1, 1, 1, 1, 1, 1, 1), RS.train.time = c(0.0096, 
    0.0096, 0.0098, 0.01, 0.0103, 0.0092, 0.0104, 0.0093, 0.0102, 
    0.0104, 0.0116), RS.n.support.vectors = c(14.6, 9.7, 11.2, 
    36.3, 12.5, 5, 8.1, 5.7, 7, 6, 28.5), RS.index = c(3, 1, 
    1, 2, 1, 1, 1, 2, 1, 1, 1), RS.n.solutions = c(1017, 1759, 
    1884, 1890, 1891, 1918, 1925, 1926, 1911, 1937, 1914), RS.generations = c(100, 
    100, 100, 100, 100, 100, 100, 100, 100, 100, 100), RS.n.evaluations = c(2500, 
    2500, 2500, 2500, 2500, 2500, 2500, 2500, 2500, 2500, 2500
    ), RS.cpu.time = c(8065.794, 8153.173, 8115.921, 8064.488, 
    8060.22899999999, 8082.598, 8078.433, 8151.431, 8429.13999999998, 
    8135.06200000001, 8138.15300000002), DF.cost = c(1, 1, 1, 
    1, 1, 1, 1, 1, 1, 1, 1), DF.gamma = c(0.16667, 0.16667, 0.16667, 
    0.16667, 0.16667, 0.16667, 0.16667, 0.16667, 0.16667, 0.16667, 
    0.16667), DF.data.balancing = c(0, 0, 0, 0, 0, 0, 0, 0, 0, 
    0, 0), DF.feature.selection = c(0, 0, 0, 0, 0, 0, 0, 0, 0, 
    0, 0), DF.valid.acc = c(1, 1, 1, 1, 1, 1, 1, 1, 1, 1, 1), 
    DF.test.acc = c(1, 1, 1, 1, 1, 1, 1, 1, 1, 1, 1), DF.train.time = c(0.0097, 
    0.0104, 0.0098, 0.0092, 0.0102, 0.0106, 0.0097, 0.0113, 0.0108, 
    0.0109, 0.0112), DF.n.support.vectors = c(15.6, 16.9, 17.9, 
    18.1, 18, 17.9, 18.3, 18.1, 18.3, 18.3, 18.1), DF.index = c(1, 
    1, 1, 1, 1, 1, 1, 1, 1, 1, 1), DF.n.solutions = c(1, 1, 1, 
    1, 1, 1, 1, 1, 1, 1, 1), DF.generations = c(1, 1, 1, 1, 1, 
    1, 1, 1, 1, 1, 1), DF.n.evaluations = c(1, 1, 1, 1, 1, 1, 
    1, 1, 1, 1, 1), DF.cpu.time = c(3.309, 3.296, 3.246, 3.04, 
    3.205, 3.39, 3.178, 3.404, 3.353, 3.293, 3.266), SMBO.cost = c(9.14821971227401, 
    9.14821971227401, 9.14821971227401, 9.14821971227401, 9.14821971227401, 
    9.14821971227401, 9.14821971227401, 9.14821971227401, 9.14821971227401, 
    9.14821971227401, 9.14821971227401), SMBO.gamma = c(-6.83636037904769, 
    -6.83636037904769, -6.83636037904769, -6.83636037904769, 
    -6.83636037904769, -6.83636037904769, -6.83636037904769, 
    -6.83636037904769, -6.83636037904769, -6.83636037904769, 
    -6.83636037904769), SMBO.balanced.test.accuracy = c(1, 1, 
    1, 1, 1, 1, 1, 1, 1, 1, 1)), .Names = c("Sampling", "PSO.cost", 
"PSO.gamma", "PSO.data.balancing", "PSO.feature.selection", "PSO.valid.acc", 
"PSO.test.acc", "PSO.train.time", "PSO.n.support.vectors", "PSO.index", 
"PSO.n.solutions", "PSO.generations", "PSO.n.evaluations", "PSO.cpu.time", 
"RS.cost", "RS.gamma", "RS.data.balancing", "RS.feature.selection", 
"RS.valid.acc", "RS.test.acc", "RS.train.time", "RS.n.support.vectors", 
"RS.index", "RS.n.solutions", "RS.generations", "RS.n.evaluations", 
"RS.cpu.time", "DF.cost", "DF.gamma", "DF.data.balancing", "DF.feature.selection", 
"DF.valid.acc", "DF.test.acc", "DF.train.time", "DF.n.support.vectors", 
"DF.index", "DF.n.solutions", "DF.generations", "DF.n.evaluations", 
"DF.cpu.time", "SMBO.cost", "SMBO.gamma", "SMBO.balanced.test.accuracy"
), row.names = c(NA, -11L), class = "data.frame")
