new.sol <-
structure(list(Sampling = c(50, 55, 60, 65, 70, 75, 80, 85, 90, 
95, 100), PSO.cost = c(1, 1, 1, 1, 1, 1, 1, 1, 1, 1, 1), PSO.gamma = c(0.16667, 
0.16667, 0.16667, 0.16667, 0.16667, 0.16667, 0.16667, 0.16667, 
0.16667, 0.16667, 0.16667), PSO.data.balancing = c(0, 0, 0, 0, 
0, 0, 0, 0, 0, 0, 0), PSO.feature.selection = c(0, 0, 0, 0, 0, 
0, 0, 0, 0, 0, 0), PSO.valid.acc = c(1, 1, 1, 1, 1, 1, 1, 1, 
1, 1, 1), PSO.test.acc = c(0.98333, 1, 1, 1, 1, 1, 1, 1, 1, 1, 
1), PSO.train.time = c(0.0119, 0.0102, 0.0103, 0.0104, 0.0106, 
0.0098, 0.0094, 0.0105, 0.01, 0.0105, 0.0107), PSO.n.support.vectors = c(16.1, 
16.5, 16.4, 17.7, 18, 18.4, 18.2, 18.5, 18.1, 18, 18.4), PSO.index = c(1, 
1, 1, 1, 1, 1, 1, 1, 1, 1, 1), PSO.n.solutions = c(1874, 1947, 
2244, 2216, 2190, 2314, 2122, 2271, 2304, 2312, 2191), PSO.generations = c(100, 
100, 100, 100, 100, 100, 100, 100, 100, 100, 100), PSO.n.evaluations = c(2500, 
2500, 2500, 2500, 2500, 2500, 2500, 2500, 2500, 2500, 2500), 
    PSO.cpu.time = c(6624.889, 6787.829, 6926.173, 6878.566, 
    6556.407, 6382.819, 6560.603, 6666.414, 6573.905, 6793.00600000001, 
    6589.41800000001), RS.cost = c(2.92967, 9.47118, 11.02984, 
    4.0651, 11.57727, 6.24458, 10.67914, 8.07895, 3.54597, -0.18998, 
    13.72149), RS.gamma = c(-0.676, -11.79647, -13.31097, -6.91902, 
    -12.12212, -0.74335, -8.3751, -10.31643, -1.91957, 2.57636, 
    -7.4819), RS.data.balancing = c(0, 0, 0, 0, 0, 0, 0, 0, 0, 
    0, 0), RS.feature.selection = c(0, 0, 0, 0, 0, 0, 0, 0, 0, 
    0, 0), RS.valid.acc = c(1, 1, 1, 1, 1, 1, 1, 1, 1, 1, 1), 
    RS.test.acc = c(0.98333, 1, 1, 1, 1, 1, 1, 1, 1, 1, 1), RS.train.time = c(0.0093, 
    0.0095, 0.0094, 0.01, 0.0097, 0.0104, 0.0102, 0.0097, 0.0102, 
    0.0112, 0.0102), RS.n.support.vectors = c(13.9, 11.8, 11.8, 
    14.8, 6.5, 14.9, 5, 12.9, 10.6, 34, 5), RS.index = c(3, 1, 
    3, 1, 1, 1, 1, 1, 2, 1, 2), RS.n.solutions = c(1603, 1660, 
    1814, 1856, 1890, 1878, 1941, 1905, 1921, 1874, 1863), RS.generations = c(100, 
    100, 100, 100, 100, 100, 100, 100, 100, 100, 100), RS.n.evaluations = c(2500, 
    2500, 2500, 2500, 2500, 2500, 2500, 2500, 2500, 2500, 2500
    ), RS.cpu.time = c(6762.597, 6892.478, 6901.158, 6752.41, 
    6427.912, 6387.375, 6717.465, 6759.95699999999, 6699.77899999999, 
    6789.83199999999, 6413.05500000002), DF.cost = c(1, 1, 1, 
    1, 1, 1, 1, 1, 1, 1, 1), DF.gamma = c(0.16667, 0.16667, 0.16667, 
    0.16667, 0.16667, 0.16667, 0.16667, 0.16667, 0.16667, 0.16667, 
    0.16667), DF.data.balancing = c(0, 0, 0, 0, 0, 0, 0, 0, 0, 
    0, 0), DF.feature.selection = c(0, 0, 0, 0, 0, 0, 0, 0, 0, 
    0, 0), DF.valid.acc = c(1, 1, 1, 1, 1, 1, 1, 1, 1, 1, 1), 
    DF.test.acc = c(0.98333, 1, 1, 1, 1, 1, 1, 1, 1, 1, 1), DF.train.time = c(0.0102, 
    0.0106, 0.0101, 0.0107, 0.0094, 0.0093, 0.0108, 0.0102, 0.0111, 
    0.0106, 0.0096), DF.n.support.vectors = c(16.1, 16.5, 16.4, 
    17.7, 18, 18.4, 18.2, 18.5, 18.1, 18, 18.4), DF.index = c(1, 
    1, 1, 1, 1, 1, 1, 1, 1, 1, 1), DF.n.solutions = c(1, 1, 1, 
    1, 1, 1, 1, 1, 1, 1, 1), DF.generations = c(1, 1, 1, 1, 1, 
    1, 1, 1, 1, 1, 1), DF.n.evaluations = c(1, 1, 1, 1, 1, 1, 
    1, 1, 1, 1, 1), DF.cpu.time = c(2.766, 2.78, 2.752, 2.735, 
    2.474, 2.462, 2.653, 2.699, 2.683, 2.704, 2.479), SMBO.cost = c(9.69222403721193, 
    9.69222403721193, 9.69222403721193, 9.69222403721193, 9.69222403721193, 
    9.69222403721193, 9.69222403721193, 9.69222403721193, 9.69222403721193, 
    9.69222403721193, 9.69222403721193), SMBO.gamma = c(-13.710447210935, 
    -13.710447210935, -13.710447210935, -13.710447210935, -13.710447210935, 
    -13.710447210935, -13.710447210935, -13.710447210935, -13.710447210935, 
    -13.710447210935, -13.710447210935), SMBO.balanced.test.accuracy = c(1, 
    1, 1, 1, 1, 1, 1, 1, 1, 1, 1)), .Names = c("Sampling", "PSO.cost", 
"PSO.gamma", "PSO.data.balancing", "PSO.feature.selection", "PSO.valid.acc", 
"PSO.test.acc", "PSO.train.time", "PSO.n.support.vectors", "PSO.index", 
"PSO.n.solutions", "PSO.generations", "PSO.n.evaluations", "PSO.cpu.time", 
"RS.cost", "RS.gamma", "RS.data.balancing", "RS.feature.selection", 
"RS.valid.acc", "RS.test.acc", "RS.train.time", "RS.n.support.vectors", 
"RS.index", "RS.n.solutions", "RS.generations", "RS.n.evaluations", 
"RS.cpu.time", "DF.cost", "DF.gamma", "DF.data.balancing", "DF.feature.selection", 
"DF.valid.acc", "DF.test.acc", "DF.train.time", "DF.n.support.vectors", 
"DF.index", "DF.n.solutions", "DF.generations", "DF.n.evaluations", 
"DF.cpu.time", "SMBO.cost", "SMBO.gamma", "SMBO.balanced.test.accuracy"
), row.names = c(NA, -11L), class = "data.frame")
