new.sol <-
structure(list(Sampling = c(50, 55, 60, 65, 70, 75, 80, 85, 90, 
95, 100), PSO.cost = c(1.30151, 1, 1, 1, 1, 1, 1, 1, 1, 1, 1), 
    PSO.gamma = c(-1.39146, 0.16667, 0.16667, 0.16667, 0.16667, 
    0.16667, 0.16667, 0.16667, 0.16667, 0.16667, 0.16667), PSO.data.balancing = c(0, 
    0, 0, 0, 0, 0, 0, 0, 0, 0, 0), PSO.feature.selection = c(0, 
    0, 0, 0, 0, 0, 0, 0, 0, 0, 0), PSO.valid.acc = c(1, 1, 1, 
    1, 1, 1, 1, 1, 1, 1, 1), PSO.test.acc = c(1, 1, 1, 1, 1, 
    1, 1, 1, 1, 1, 1), PSO.train.time = c(0.0112, 0.0096, 0.0101, 
    0.0101, 0.0098, 0.0094, 0.0095, 0.0097, 0.0107, 0.0108, 0.0104
    ), PSO.n.support.vectors = c(12.3, 16.2, 16.7, 17, 17.6, 
    17.9, 18.1, 18, 18, 18.3, 18.5), PSO.index = c(3, 1, 1, 1, 
    1, 1, 1, 1, 1, 1, 1), PSO.n.solutions = c(1914, 2032, 2225, 
    2237, 2033, 2216, 2314, 2288, 2212, 2306, 2190), PSO.generations = c(100, 
    100, 100, 100, 100, 100, 100, 100, 100, 100, 100), PSO.n.evaluations = c(2500, 
    2500, 2500, 2500, 2500, 2500, 2500, 2500, 2500, 2500, 2500
    ), PSO.cpu.time = c(6899.812, 6834.34, 6833.077, 6696.345, 
    6694.574, 6710.06300000001, 6776.71500000001, 6794.78999999999, 
    6769.35399999999, 6771.95300000001, 6759.929), RS.cost = c(14.78879, 
    13.42028, 8.93008, 11.91564, 9.5944, 5.01289, 4.18449, 3.80041, 
    5.4076, 11.00986, 13.95813), RS.gamma = c(-11.3605, -9.99739, 
    0.41153, -2.03666, -5.40169, 2.65601, 0.6102, -4.39905, -3.77755, 
    -8.32084, -8.77102), RS.data.balancing = c(0, 0, 0, 0, 0, 
    0, 0, 0, 0, 0, 0), RS.feature.selection = c(0, 0, 0, 0, 0, 
    0, 0, 0, 0, 0, 0), RS.valid.acc = c(1, 1, 1, 1, 1, 1, 1, 
    1, 1, 1, 1), RS.test.acc = c(1, 1, 1, 1, 1, 1, 1, 1, 1, 1, 
    1), RS.train.time = c(0.0088, 0.0094, 0.0095, 0.0097, 0.0096, 
    0.0102, 0.0104, 0.0115, 0.0119, 0.01, 0.0119), RS.n.support.vectors = c(5, 
    5, 19.6, 8.8, 5, 28.5, 19.5, 6.6, 5, 5, 5), RS.index = c(2, 
    1, 1, 1, 1, 1, 1, 2, 3, 2, 1), RS.n.solutions = c(1610, 1696, 
    1731, 1814, 1877, 1889, 1877, 1903, 1881, 1940, 1926), RS.generations = c(100, 
    100, 100, 100, 100, 100, 100, 100, 100, 100, 100), RS.n.evaluations = c(2500, 
    2500, 2500, 2500, 2500, 2500, 2500, 2500, 2500, 2500, 2500
    ), RS.cpu.time = c(6923.524, 6865.181, 6823.622, 6683.574, 
    6710.45800000001, 6697.804, 6796.246, 6795.27099999999, 6793.22100000001, 
    6778.48400000001, 6745.34899999999), DF.cost = c(1, 1, 1, 
    1, 1, 1, 1, 1, 1, 1, 1), DF.gamma = c(0.16667, 0.16667, 0.16667, 
    0.16667, 0.16667, 0.16667, 0.16667, 0.16667, 0.16667, 0.16667, 
    0.16667), DF.data.balancing = c(0, 0, 0, 0, 0, 0, 0, 0, 0, 
    0, 0), DF.feature.selection = c(0, 0, 0, 0, 0, 0, 0, 0, 0, 
    0, 0), DF.valid.acc = c(0.98, 1, 1, 1, 1, 1, 1, 1, 1, 1, 
    1), DF.test.acc = c(0.98, 1, 1, 1, 1, 1, 1, 1, 1, 1, 1), 
    DF.train.time = c(0.0099, 0.0098, 0.0103, 0.0129, 0.0095, 
    0.0096, 0.0099, 0.0128, 0.0108, 0.0117, 0.0129), DF.n.support.vectors = c(14, 
    16.2, 16.7, 17, 17.6, 17.9, 18.1, 18, 18, 18.3, 18.5), DF.index = c(1, 
    1, 1, 1, 1, 1, 1, 1, 1, 1, 1), DF.n.solutions = c(1, 1, 1, 
    1, 1, 1, 1, 1, 1, 1, 1), DF.generations = c(1, 1, 1, 1, 1, 
    1, 1, 1, 1, 1, 1), DF.n.evaluations = c(1, 1, 1, 1, 1, 1, 
    1, 1, 1, 1, 1), DF.cpu.time = c(2.722, 2.706, 2.735, 2.693, 
    2.642, 2.707, 2.706, 2.71, 2.712, 2.716, 2.7), SMBO.cost = c(7.11321848286145, 
    7.11321848286145, 7.11321848286145, 7.11321848286145, 7.11321848286145, 
    7.11321848286145, 7.11321848286145, 7.11321848286145, 7.11321848286145, 
    7.11321848286145, 7.11321848286145), SMBO.gamma = c(-8.90590727439312, 
    -8.90590727439312, -8.90590727439312, -8.90590727439312, 
    -8.90590727439312, -8.90590727439312, -8.90590727439312, 
    -8.90590727439312, -8.90590727439312, -8.90590727439312, 
    -8.90590727439312), SMBO.balanced.test.accuracy = c(1, 1, 
    1, 1, 1, 1, 1, 1, 1, 1, 1)), .Names = c("Sampling", "PSO.cost", 
"PSO.gamma", "PSO.data.balancing", "PSO.feature.selection", "PSO.valid.acc", 
"PSO.test.acc", "PSO.train.time", "PSO.n.support.vectors", "PSO.index", 
"PSO.n.solutions", "PSO.generations", "PSO.n.evaluations", "PSO.cpu.time", 
"RS.cost", "RS.gamma", "RS.data.balancing", "RS.feature.selection", 
"RS.valid.acc", "RS.test.acc", "RS.train.time", "RS.n.support.vectors", 
"RS.index", "RS.n.solutions", "RS.generations", "RS.n.evaluations", 
"RS.cpu.time", "DF.cost", "DF.gamma", "DF.data.balancing", "DF.feature.selection", 
"DF.valid.acc", "DF.test.acc", "DF.train.time", "DF.n.support.vectors", 
"DF.index", "DF.n.solutions", "DF.generations", "DF.n.evaluations", 
"DF.cpu.time", "SMBO.cost", "SMBO.gamma", "SMBO.balanced.test.accuracy"
), row.names = c(NA, -11L), class = "data.frame")
