new.sol <-
structure(list(Sampling = c(50, 55, 60, 65, 70, 75, 80, 85, 90, 
95, 100), PSO.cost = c(1, 1, 1, 1, 1, 1, 1, 1, 1, 1, 1), PSO.gamma = c(0.16667, 
0.16667, 0.16667, 0.16667, 0.16667, 0.16667, 0.16667, 0.16667, 
0.16667, 0.16667, 0.16667), PSO.data.balancing = c(0, 0, 0, 0, 
0, 0, 0, 0, 0, 0, 0), PSO.feature.selection = c(0, 0, 0, 0, 0, 
0, 0, 0, 0, 0, 0), PSO.valid.acc = c(1, 1, 1, 1, 1, 1, 1, 1, 
1, 1, 1), PSO.test.acc = c(1, 1, 1, 1, 1, 1, 1, 1, 1, 1, 1), 
    PSO.train.time = c(0.0108, 0.0103, 0.0105, 0.0102, 0.0107, 
    0.0098, 0.0095, 0.0095, 0.0105, 0.0109, 0.0099), PSO.n.support.vectors = c(16.7, 
    16.8, 17.2, 17.4, 17.9, 18.1, 18.1, 18.3, 18.3, 18, 18.3), 
    PSO.index = c(1, 1, 1, 1, 1, 1, 1, 1, 1, 1, 1), PSO.n.solutions = c(2166, 
    2349, 2262, 2216, 2271, 2202, 2305, 2310, 2235, 2311, 2244
    ), PSO.generations = c(100, 100, 100, 100, 100, 100, 100, 
    100, 100, 100, 100), PSO.n.evaluations = c(2500, 2500, 2500, 
    2500, 2500, 2500, 2500, 2500, 2500, 2500, 2500), PSO.cpu.time = c(6835.117, 
    6803.459, 6890.527, 6843.613, 6522.133, 6479.87299999999, 
    6525.702, 6562.38499999999, 6814.78300000001, 6748.65399999999, 
    6414.15599999999), RS.cost = c(11.77862, 4.11283, 4.22314, 
    10.93157, 5.43571, 0.95616, 5.81559, -1.15881, 11.91399, 
    8.11881, 6.41895), RS.gamma = c(-9.21848, 0.71897, -7.63917, 
    -9.89013, 1.31653, -5.549, 1.2251, -3.62996, 0.00574, -7.53925, 
    -2.85739), RS.data.balancing = c(0, 0, 0, 0, 0, 0, 0, 0, 
    0, 0, 0), RS.feature.selection = c(0, 0, 0, 0, 0, 0, 0, 0, 
    0, 0, 0), RS.valid.acc = c(1, 1, 1, 1, 1, 1, 1, 1, 1, 1, 
    1), RS.test.acc = c(1, 1, 1, 1, 1, 1, 1, 1, 1, 1, 1), RS.train.time = c(0.0096, 
    0.0098, 0.01, 0.0098, 0.0105, 0.0098, 0.0104, 0.0113, 0.0112, 
    0.01, 0.0093), RS.n.support.vectors = c(5, 20.3, 19.3, 5, 
    21.2, 29.3, 21.5, 34.7, 19.1, 5, 6), RS.index = c(1, 3, 1, 
    1, 1, 1, 1, 2, 1, 1, 1), RS.n.solutions = c(1828, 1812, 1874, 
    1895, 1875, 1923, 1937, 1945, 1861, 1847, 1900), RS.generations = c(100, 
    100, 100, 100, 100, 100, 100, 100, 100, 100, 100), RS.n.evaluations = c(2500, 
    2500, 2500, 2500, 2500, 2500, 2500, 2500, 2500, 2500, 2500
    ), RS.cpu.time = c(6826.728, 6830.416, 6870.82, 6741.678, 
    6533.34700000001, 6488.65300000001, 6541.53, 6822.37300000001, 
    6804.519, 6646.414, 6378.22899999999), DF.cost = c(1, 1, 
    1, 1, 1, 1, 1, 1, 1, 1, 1), DF.gamma = c(0.16667, 0.16667, 
    0.16667, 0.16667, 0.16667, 0.16667, 0.16667, 0.16667, 0.16667, 
    0.16667, 0.16667), DF.data.balancing = c(0, 0, 0, 0, 0, 0, 
    0, 0, 0, 0, 0), DF.feature.selection = c(0, 0, 0, 0, 0, 0, 
    0, 0, 0, 0, 0), DF.valid.acc = c(1, 1, 1, 1, 1, 1, 1, 1, 
    1, 1, 1), DF.test.acc = c(1, 1, 1, 1, 1, 1, 1, 1, 1, 1, 1
    ), DF.train.time = c(0.01, 0.0102, 0.0103, 0.0111, 0.01, 
    0.0094, 0.0093, 0.011, 0.0107, 0.0098, 0.0106), DF.n.support.vectors = c(16.7, 
    16.8, 17.2, 17.4, 17.9, 18.1, 18.1, 18.3, 18.3, 18, 18.3), 
    DF.index = c(1, 1, 1, 1, 1, 1, 1, 1, 1, 1, 1), DF.n.solutions = c(1, 
    1, 1, 1, 1, 1, 1, 1, 1, 1, 1), DF.generations = c(1, 1, 1, 
    1, 1, 1, 1, 1, 1, 1, 1), DF.n.evaluations = c(1, 1, 1, 1, 
    1, 1, 1, 1, 1, 1, 1), DF.cpu.time = c(2.715, 2.756, 2.723, 
    2.705, 2.568, 2.478, 2.451, 2.731, 2.689, 2.485, 2.614), 
    SMBO.cost = c(-2.7206377015257, -2.7206377015257, -2.7206377015257, 
    -2.7206377015257, -2.7206377015257, -2.7206377015257, -2.7206377015257, 
    -2.7206377015257, -2.7206377015257, -2.7206377015257, -2.7206377015257
    ), SMBO.gamma = c(1.37303633759846, 1.37303633759846, 1.37303633759846, 
    1.37303633759846, 1.37303633759846, 1.37303633759846, 1.37303633759846, 
    1.37303633759846, 1.37303633759846, 1.37303633759846, 1.37303633759846
    ), SMBO.balanced.test.accuracy = c(1, 1, 1, 1, 1, 1, 1, 1, 
    1, 1, 1)), .Names = c("Sampling", "PSO.cost", "PSO.gamma", 
"PSO.data.balancing", "PSO.feature.selection", "PSO.valid.acc", 
"PSO.test.acc", "PSO.train.time", "PSO.n.support.vectors", "PSO.index", 
"PSO.n.solutions", "PSO.generations", "PSO.n.evaluations", "PSO.cpu.time", 
"RS.cost", "RS.gamma", "RS.data.balancing", "RS.feature.selection", 
"RS.valid.acc", "RS.test.acc", "RS.train.time", "RS.n.support.vectors", 
"RS.index", "RS.n.solutions", "RS.generations", "RS.n.evaluations", 
"RS.cpu.time", "DF.cost", "DF.gamma", "DF.data.balancing", "DF.feature.selection", 
"DF.valid.acc", "DF.test.acc", "DF.train.time", "DF.n.support.vectors", 
"DF.index", "DF.n.solutions", "DF.generations", "DF.n.evaluations", 
"DF.cpu.time", "SMBO.cost", "SMBO.gamma", "SMBO.balanced.test.accuracy"
), row.names = c(NA, -11L), class = "data.frame")
