new.sol <-
structure(list(Sampling = c(50, 55, 60, 65, 70, 75, 80, 85, 90, 
95, 100), PSO.cost = c(1, 1, 1, 10.98422, 1, 1, 1, 1, 1, 1, 1
), PSO.gamma = c(0.16667, 0.16667, 0.16667, -8.35481, 0.16667, 
0.16667, 0.16667, 0.16667, 0.16667, 0.16667, 0.16667), PSO.data.balancing = c(0, 
0, 0, 0, 0, 0, 0, 0, 0, 0, 0), PSO.feature.selection = c(0, 0, 
0, 0, 0, 0, 0, 0, 0, 0, 0), PSO.valid.acc = c(1, 1, 1, 1, 1, 
1, 1, 1, 1, 1, 1), PSO.test.acc = c(1, 1, 1, 1, 1, 1, 1, 1, 1, 
1, 1), PSO.train.time = c(0.0108, 0.0103, 0.01, 0.0101, 0.0105, 
0.0109, 0.0107, 0.0106, 0.0103, 0.0106, 0.0106), PSO.n.support.vectors = c(16.5, 
16.3, 17.5, 4.9, 18, 18.1, 18.1, 18.2, 18.1, 18.1, 18.6), PSO.index = c(1, 
1, 1, 2, 1, 1, 1, 1, 1, 1, 1), PSO.n.solutions = c(1987, 2319, 
1987, 1984, 2123, 2178, 2255, 2237, 2167, 2227, 2275), PSO.generations = c(100, 
100, 100, 100, 100, 100, 100, 100, 100, 100, 100), PSO.n.evaluations = c(2500, 
2500, 2500, 2500, 2500, 2500, 2500, 2500, 2500, 2500, 2500), 
    PSO.cpu.time = c(6904.558, 6973.395, 7094.273, 7099.695, 
    6832.798, 6942.72199999999, 6936.322, 6795.061, 6892.02800000001, 
    7020.144, 6909.93399999998), RS.cost = c(-0.53742, 7.45877, 
    11.66916, 1.12133, 5.60063, 12.32266, 5.1513, 7.57332, 9.90613, 
    6.70001, 12.88393), RS.gamma = c(0.39822, -0.18461, -8.71681, 
    -2.34561, -7.0812, -3.44453, -2.91799, -5.62261, 2.44406, 
    -10.17035, -1.13076), RS.data.balancing = c(0, 0, 0, 0, 0, 
    0, 0, 0, 0, 0, 0), RS.feature.selection = c(0, 0, 0, 0, 0, 
    0, 0, 0, 0, 0, 0), RS.valid.acc = c(1, 1, 1, 1, 1, 1, 1, 
    1, 1, 1, 1), RS.test.acc = c(1, 1, 1, 0.98571, 1, 1, 1, 1, 
    1, 1, 1), RS.train.time = c(0.0103, 0.0104, 0.0102, 0.0098, 
    0.0099, 0.0099, 0.0096, 0.0105, 0.0114, 0.0108, 0.0107), 
    RS.n.support.vectors = c(20.1, 17, 5, 10.1, 9, 5, 5.9, 5, 
    29.2, 21.7, 13.4), RS.index = c(2, 2, 1, 3, 1, 2, 1, 2, 1, 
    1, 1), RS.n.solutions = c(1500, 1843, 1470, 960, 1869, 1905, 
    1796, 1898, 1897, 1857, 1948), RS.generations = c(100, 100, 
    100, 100, 100, 100, 100, 100, 100, 100, 100), RS.n.evaluations = c(2500, 
    2500, 2500, 2500, 2500, 2500, 2500, 2500, 2500, 2500, 2500
    ), RS.cpu.time = c(6946.571, 6916.444, 7154.567, 6835.824, 
    6711.231, 6851.382, 6895.05, 7026.34000000001, 7005.81599999999, 
    6950.64199999999, 6914.258), DF.cost = c(1, 1, 1, 1, 1, 1, 
    1, 1, 1, 1, 1), DF.gamma = c(0.16667, 0.16667, 0.16667, 0.16667, 
    0.16667, 0.16667, 0.16667, 0.16667, 0.16667, 0.16667, 0.16667
    ), DF.data.balancing = c(0, 0, 0, 0, 0, 0, 0, 0, 0, 0, 0), 
    DF.feature.selection = c(0, 0, 0, 0, 0, 0, 0, 0, 0, 0, 0), 
    DF.valid.acc = c(1, 1, 1, 0.98333, 1, 1, 1, 1, 1, 1, 1), 
    DF.test.acc = c(1, 1, 1, 0.98571, 1, 1, 1, 1, 1, 1, 1), DF.train.time = c(0.0099, 
    0.0098, 0.0102, 0.0105, 0.0111, 0.0107, 0.0102, 0.011, 0.0102, 
    0.0106, 0.0108), DF.n.support.vectors = c(16.5, 16.3, 17.5, 
    17.2, 18, 18.1, 18.1, 18.2, 18.1, 18.1, 18.6), DF.index = c(1, 
    1, 1, 1, 1, 1, 1, 1, 1, 1, 1), DF.n.solutions = c(1, 1, 1, 
    1, 1, 1, 1, 1, 1, 1, 1), DF.generations = c(1, 1, 1, 1, 1, 
    1, 1, 1, 1, 1, 1), DF.n.evaluations = c(1, 1, 1, 1, 1, 1, 
    1, 1, 1, 1, 1), DF.cpu.time = c(2.812, 2.661, 2.863, 2.803, 
    2.802, 2.799, 2.709, 2.791, 2.814, 2.781, 2.786), SMBO.cost = c(9.01892893848087, 
    9.01892893848087, 9.01892893848087, 9.01892893848087, 9.01892893848087, 
    9.01892893848087, 9.01892893848087, 9.01892893848087, 9.01892893848087, 
    9.01892893848087, 9.01892893848087), SMBO.gamma = c(-6.30693548871903, 
    -6.30693548871903, -6.30693548871903, -6.30693548871903, 
    -6.30693548871903, -6.30693548871903, -6.30693548871903, 
    -6.30693548871903, -6.30693548871903, -6.30693548871903, 
    -6.30693548871903), SMBO.balanced.test.accuracy = c(1, 1, 
    1, 1, 1, 1, 1, 1, 1, 1, 1)), .Names = c("Sampling", "PSO.cost", 
"PSO.gamma", "PSO.data.balancing", "PSO.feature.selection", "PSO.valid.acc", 
"PSO.test.acc", "PSO.train.time", "PSO.n.support.vectors", "PSO.index", 
"PSO.n.solutions", "PSO.generations", "PSO.n.evaluations", "PSO.cpu.time", 
"RS.cost", "RS.gamma", "RS.data.balancing", "RS.feature.selection", 
"RS.valid.acc", "RS.test.acc", "RS.train.time", "RS.n.support.vectors", 
"RS.index", "RS.n.solutions", "RS.generations", "RS.n.evaluations", 
"RS.cpu.time", "DF.cost", "DF.gamma", "DF.data.balancing", "DF.feature.selection", 
"DF.valid.acc", "DF.test.acc", "DF.train.time", "DF.n.support.vectors", 
"DF.index", "DF.n.solutions", "DF.generations", "DF.n.evaluations", 
"DF.cpu.time", "SMBO.cost", "SMBO.gamma", "SMBO.balanced.test.accuracy"
), row.names = c(NA, -11L), class = "data.frame")
