new.sol <-
structure(list(Sampling = c(50, 55, 60, 65, 70, 75, 80, 85, 90, 
95, 100), PSO.cost = c(1, 1, 1, 1, 1, 1, 1, 1, 1, 1, 1), PSO.gamma = c(0.16667, 
0.16667, 0.16667, 0.16667, 0.16667, 0.16667, 0.16667, 0.16667, 
0.16667, 0.16667, 0.16667), PSO.data.balancing = c(0, 0, 0, 0, 
0, 0, 0, 0, 0, 0, 0), PSO.feature.selection = c(0, 0, 0, 0, 0, 
0, 0, 0, 0, 0, 0), PSO.valid.acc = c(1, 1, 1, 1, 1, 1, 1, 1, 
1, 1, 1), PSO.test.acc = c(1, 1, 1, 1, 1, 1, 1, 1, 1, 1, 1), 
    PSO.train.time = c(0.0114, 0.0098, 0.0104, 0.0108, 0.0105, 
    0.0102, 0.0107, 0.0104, 0.0106, 0.0105, 0.0105), PSO.n.support.vectors = c(16, 
    16.7, 16.9, 17.1, 18.2, 18.2, 17.9, 18.3, 18.4, 18.3, 18.2
    ), PSO.index = c(1, 1, 1, 1, 1, 1, 1, 1, 1, 1, 1), PSO.n.solutions = c(2262, 
    1816, 1901, 2188, 2255, 2185, 2094, 2199, 2142, 2215, 2136
    ), PSO.generations = c(100, 100, 100, 100, 100, 100, 100, 
    100, 100, 100, 100), PSO.n.evaluations = c(2500, 2500, 2500, 
    2500, 2500, 2500, 2500, 2500, 2500, 2500, 2500), PSO.cpu.time = c(6862.237, 
    6796.582, 6910.686, 6839.667, 6671.267, 6710.902, 6688.807, 
    6704.022, 6514.23300000001, 6759.652, 6725.00700000001), 
    RS.cost = c(14.19235, 10.9157, 14.16911, 8.45336, 7.44023, 
    13.77859, 11.57474, 10.95224, 2.60106, 8.57206, 5.9445), 
    RS.gamma = c(-7.47576, -11.05368, -14.12467, -10.58878, -8.33866, 
    -9.23611, -10.85519, -5.27286, -2.44867, -0.11363, -1.93807
    ), RS.data.balancing = c(0, 0, 0, 0, 0, 0, 0, 0, 0, 0, 0), 
    RS.feature.selection = c(0, 0, 0, 0, 0, 0, 0, 0, 0, 0, 0), 
    RS.valid.acc = c(1, 1, 1, 1, 1, 1, 1, 1, 1, 1, 1), RS.test.acc = c(1, 
    0.98333, 1, 1, 1, 1, 1, 1, 1, 1, 1), RS.train.time = c(0.0102, 
    0.0102, 0.0096, 0.0098, 0.009, 0.0099, 0.0092, 0.01, 0.0101, 
    0.0101, 0.0103), RS.n.support.vectors = c(5, 5.5, 5, 11.3, 
    7.1, 5, 5, 5, 7, 18.9, 10.4), RS.index = c(1, 1, 1, 2, 1, 
    1, 1, 1, 3, 2, 1), RS.n.solutions = c(1894, 1582, 1780, 1912, 
    1903, 1800, 1793, 1903, 1878, 1878, 1903), RS.generations = c(100, 
    100, 100, 100, 100, 100, 100, 100, 100, 100, 100), RS.n.evaluations = c(2500, 
    2500, 2500, 2500, 2500, 2500, 2500, 2500, 2500, 2500, 2500
    ), RS.cpu.time = c(6804.405, 6876.379, 6865.898, 6895.411, 
    6510.175, 6717.499, 6536.008, 6652.67700000001, 6628.63299999999, 
    6685.30499999999, 6688.42600000001), DF.cost = c(1, 1, 1, 
    1, 1, 1, 1, 1, 1, 1, 1), DF.gamma = c(0.16667, 0.16667, 0.16667, 
    0.16667, 0.16667, 0.16667, 0.16667, 0.16667, 0.16667, 0.16667, 
    0.16667), DF.data.balancing = c(0, 0, 0, 0, 0, 0, 0, 0, 0, 
    0, 0), DF.feature.selection = c(0, 0, 0, 0, 0, 0, 0, 0, 0, 
    0, 0), DF.valid.acc = c(1, 1, 1, 1, 1, 1, 1, 1, 1, 1, 1), 
    DF.test.acc = c(1, 1, 1, 1, 1, 1, 1, 1, 1, 1, 1), DF.train.time = c(0.0098, 
    0.0107, 0.0104, 0.011, 0.0103, 0.0098, 0.0104, 0.0104, 0.0108, 
    0.0111, 0.0098), DF.n.support.vectors = c(16, 16.7, 16.9, 
    17.1, 18.2, 18.2, 17.9, 18.3, 18.4, 18.3, 18.2), DF.index = c(1, 
    1, 1, 1, 1, 1, 1, 1, 1, 1, 1), DF.n.solutions = c(1, 1, 1, 
    1, 1, 1, 1, 1, 1, 1, 1), DF.generations = c(1, 1, 1, 1, 1, 
    1, 1, 1, 1, 1, 1), DF.n.evaluations = c(1, 1, 1, 1, 1, 1, 
    1, 1, 1, 1, 1), DF.cpu.time = c(2.706, 2.797, 2.763, 2.764, 
    2.63, 2.698, 2.677, 2.675, 2.716, 2.739, 2.491), SMBO.cost = c(9.16180877742176, 
    9.16180877742176, 9.16180877742176, 9.16180877742176, 9.16180877742176, 
    9.16180877742176, 9.16180877742176, 9.16180877742176, 9.16180877742176, 
    9.16180877742176, 9.16180877742176), SMBO.gamma = c(-3.23782898653628, 
    -3.23782898653628, -3.23782898653628, -3.23782898653628, 
    -3.23782898653628, -3.23782898653628, -3.23782898653628, 
    -3.23782898653628, -3.23782898653628, -3.23782898653628, 
    -3.23782898653628), SMBO.balanced.test.accuracy = c(1, 1, 
    1, 1, 1, 1, 1, 1, 1, 1, 1)), .Names = c("Sampling", "PSO.cost", 
"PSO.gamma", "PSO.data.balancing", "PSO.feature.selection", "PSO.valid.acc", 
"PSO.test.acc", "PSO.train.time", "PSO.n.support.vectors", "PSO.index", 
"PSO.n.solutions", "PSO.generations", "PSO.n.evaluations", "PSO.cpu.time", 
"RS.cost", "RS.gamma", "RS.data.balancing", "RS.feature.selection", 
"RS.valid.acc", "RS.test.acc", "RS.train.time", "RS.n.support.vectors", 
"RS.index", "RS.n.solutions", "RS.generations", "RS.n.evaluations", 
"RS.cpu.time", "DF.cost", "DF.gamma", "DF.data.balancing", "DF.feature.selection", 
"DF.valid.acc", "DF.test.acc", "DF.train.time", "DF.n.support.vectors", 
"DF.index", "DF.n.solutions", "DF.generations", "DF.n.evaluations", 
"DF.cpu.time", "SMBO.cost", "SMBO.gamma", "SMBO.balanced.test.accuracy"
), row.names = c(NA, -11L), class = "data.frame")
