new.sol <-
structure(list(Sampling = c(50, 55, 60, 65, 70, 75, 80, 85, 90, 
95, 100), PSO.cost = c(1, 1, 1, 1, 1, 1, 1, 1, 1, 1, 1), PSO.gamma = c(0.16667, 
0.16667, 0.16667, 0.16667, 0.16667, 0.16667, 0.16667, 0.16667, 
0.16667, 0.16667, 0.16667), PSO.data.balancing = c(0, 0, 0, 0, 
0, 0, 0, 0, 0, 0, 0), PSO.feature.selection = c(0, 0, 0, 0, 0, 
0, 0, 0, 0, 0, 0), PSO.valid.acc = c(1, 1, 1, 1, 1, 1, 1, 1, 
1, 1, 1), PSO.test.acc = c(1, 1, 1, 1, 1, 1, 1, 1, 1, 1, 1), 
    PSO.train.time = c(0.0109, 0.0103, 0.0104, 0.0101, 0.0102, 
    0.01, 0.0103, 0.0102, 0.01, 0.0099, 0.0101), PSO.n.support.vectors = c(18.1, 
    18.8, 18, 17.9, 18, 17.6, 18, 17.8, 17.9, 18, 18.3), PSO.index = c(1, 
    1, 1, 1, 1, 1, 1, 1, 1, 1, 1), PSO.n.solutions = c(1849, 
    2100, 2044, 2207, 1991, 2264, 2257, 2263, 2302, 2203, 2288
    ), PSO.generations = c(100, 100, 100, 100, 100, 100, 100, 
    100, 100, 100, 100), PSO.n.evaluations = c(2500, 2500, 2500, 
    2500, 2500, 2500, 2500, 2500, 2500, 2500, 2500), PSO.cpu.time = c(6834.265, 
    6809.357, 6877.463, 6843.363, 6749.901, 6736.12, 6750.68399999999, 
    6712.712, 6699.906, 6644.53199999999, 6657.05000000002), 
    RS.cost = c(5.95137, 0.24805, 12.82887, 3.8079, 8.88647, 
    4.83258, 14.11384, 2.47965, 3.47932, 7.97591, 2.02697), RS.gamma = c(-8.15282, 
    -1.83811, -2.89077, 2.56047, -9.02554, -8.03491, 1.73701, 
    -1.63476, -0.27953, -2.86217, 2.79807), RS.data.balancing = c(0, 
    0, 0, 0, 0, 0, 0, 0, 0, 0, 0), RS.feature.selection = c(0, 
    0, 0, 0, 0, 0, 0, 0, 0, 0, 0), RS.valid.acc = c(1, 1, 1, 
    1, 1, 1, 1, 1, 1, 1, 1), RS.test.acc = c(1, 1, 1, 1, 1, 1, 
    1, 1, 1, 1, 1), RS.train.time = c(0.0098, 0.0097, 0.0097, 
    0.0108, 0.0102, 0.0102, 0.01, 0.0098, 0.0102, 0.01, 0.011
    ), RS.n.support.vectors = c(12.3, 15, 5.9, 29, 6, 19.8, 23.4, 
    12.1, 17.1, 6.1, 33.4), RS.index = c(2, 1, 1, 1, 1, 1, 1, 
    2, 1, 1, 1), RS.n.solutions = c(1484, 1551, 1829, 1936, 1855, 
    1845, 1922, 1942, 1957, 1883, 1907), RS.generations = c(100, 
    100, 100, 100, 100, 100, 100, 100, 100, 100, 100), RS.n.evaluations = c(2500, 
    2500, 2500, 2500, 2500, 2500, 2500, 2500, 2500, 2500, 2500
    ), RS.cpu.time = c(6792.455, 6800.158, 6871.571, 6825.859, 
    6746.342, 6732.19, 6724.97, 6740.037, 6678.171, 6612.29000000001, 
    6648.035), DF.cost = c(1, 1, 1, 1, 1, 1, 1, 1, 1, 1, 1), 
    DF.gamma = c(0.16667, 0.16667, 0.16667, 0.16667, 0.16667, 
    0.16667, 0.16667, 0.16667, 0.16667, 0.16667, 0.16667), DF.data.balancing = c(0, 
    0, 0, 0, 0, 0, 0, 0, 0, 0, 0), DF.feature.selection = c(0, 
    0, 0, 0, 0, 0, 0, 0, 0, 0, 0), DF.valid.acc = c(1, 1, 1, 
    1, 1, 1, 1, 1, 1, 1, 1), DF.test.acc = c(1, 1, 1, 1, 1, 1, 
    1, 1, 1, 1, 1), DF.train.time = c(0.0095, 0.0105, 0.0098, 
    0.0096, 0.0101, 0.0095, 0.0097, 0.0103, 0.0105, 0.0103, 0.0106
    ), DF.n.support.vectors = c(18.1, 18.8, 18, 17.9, 18, 17.6, 
    18, 17.8, 17.9, 18, 18.3), DF.index = c(1, 1, 1, 1, 1, 1, 
    1, 1, 1, 1, 1), DF.n.solutions = c(1, 1, 1, 1, 1, 1, 1, 1, 
    1, 1, 1), DF.generations = c(1, 1, 1, 1, 1, 1, 1, 1, 1, 1, 
    1), DF.n.evaluations = c(1, 1, 1, 1, 1, 1, 1, 1, 1, 1, 1), 
    DF.cpu.time = c(2.717, 2.73, 2.695, 2.715, 2.686, 2.709, 
    2.684, 2.691, 2.663, 2.667, 2.648), SMBO.cost = c(5.12899162559799, 
    5.12899162559799, 5.12899162559799, 5.12899162559799, 5.12899162559799, 
    5.12899162559799, 5.12899162559799, 5.12899162559799, 5.12899162559799, 
    5.12899162559799, 5.12899162559799), SMBO.gamma = c(-10.0302662998509, 
    -10.0302662998509, -10.0302662998509, -10.0302662998509, 
    -10.0302662998509, -10.0302662998509, -10.0302662998509, 
    -10.0302662998509, -10.0302662998509, -10.0302662998509, 
    -10.0302662998509), SMBO.balanced.test.accuracy = c(1, 1, 
    1, 1, 1, 1, 1, 1, 1, 1, 1)), .Names = c("Sampling", "PSO.cost", 
"PSO.gamma", "PSO.data.balancing", "PSO.feature.selection", "PSO.valid.acc", 
"PSO.test.acc", "PSO.train.time", "PSO.n.support.vectors", "PSO.index", 
"PSO.n.solutions", "PSO.generations", "PSO.n.evaluations", "PSO.cpu.time", 
"RS.cost", "RS.gamma", "RS.data.balancing", "RS.feature.selection", 
"RS.valid.acc", "RS.test.acc", "RS.train.time", "RS.n.support.vectors", 
"RS.index", "RS.n.solutions", "RS.generations", "RS.n.evaluations", 
"RS.cpu.time", "DF.cost", "DF.gamma", "DF.data.balancing", "DF.feature.selection", 
"DF.valid.acc", "DF.test.acc", "DF.train.time", "DF.n.support.vectors", 
"DF.index", "DF.n.solutions", "DF.generations", "DF.n.evaluations", 
"DF.cpu.time", "SMBO.cost", "SMBO.gamma", "SMBO.balanced.test.accuracy"
), row.names = c(NA, -11L), class = "data.frame")
