new.sol <-
structure(list(Sampling = c(50, 55, 60, 65, 70, 75, 80, 85, 90, 
95, 100), PSO.cost = c(1, 1, 1, 1, 2.13038, 7.59833, 1, 5.50032, 
5.20285, 3.69159, 4.03271), PSO.gamma = c(0.11111, 0.11111, 0.11111, 
0.11111, -4.31195, -6.38377, 0.11111, -3.23959, -1.19115, -1.43913, 
-0.85065), PSO.data.balancing = c(0, 0, 0, 0, 0, 0, 0, 0, 0, 
0, 0), PSO.feature.selection = c(0, 0, 0, 0, 0, 0, 0, 0, 0, 0, 
0), PSO.valid.acc = c(0.90667, 0.89667, 0.90714, 0.88095, 0.87143, 
0.86786, 0.875, 0.88472, 0.88056, 0.89737, 0.88869), PSO.test.acc = c(0.90667, 
0.89667, 0.90714, 0.88095, 0.84286, 0.84107, 0.875, 0.84861, 
0.89056, 0.86515, 0.8696), PSO.train.time = c(0.0112, 0.0107, 
0.0102, 0.0102, 0.0104, 0.0116, 0.0107, 0.0108, 0.0121, 0.013, 
0.0115), PSO.n.support.vectors = c(22.2, 28, 28, 32, 28.3, 24.5, 
34.8, 30.6, 67.6, 66.4, 77), PSO.index = c(1, 1, 1, 1, 1163, 
60, 1, 12, 1486, 9, 12), PSO.n.solutions = c(2047, 2091, 1958, 
1919, 34, 428, 1838, 191, 73, 852, 783), PSO.generations = c(100, 
100, 100, 100, 100, 100, 100, 100, 100, 100, 100), PSO.n.evaluations = c(2500, 
2500, 2500, 2500, 2500, 2500, 2500, 2500, 2500, 2500, 2500), 
    PSO.cpu.time = c(6202.937, 6244.243, 6119.61, 6245.165, 6302.222, 
    6307.024, 6267.86399999999, 6208.69100000001, 6218.537, 6152.66499999999, 
    5867.13800000001), RS.cost = c(2.9674, 4.37926, 7.60498, 
    10.26112, 2.71554, 2.84958, 0.65979, 8.69828, 5.3522, 1.20648, 
    6.50431), RS.gamma = c(-6.37243, -1.49882, -8.79351, -14.73619, 
    -4.76368, -4.01096, -8.96506, -3.23415, -1.18736, -1.23549, 
    -1.05629), RS.data.balancing = c(0, 0, 0, 0, 0, 0, 0, 0, 
    0, 0, 0), RS.feature.selection = c(0, 0, 0, 0, 0, 0, 0, 0, 
    0, 0, 0), RS.valid.acc = c(0.90667, 0.89667, 0.90714, 0.88095, 
    0.87143, 0.86786, 0.875, 0.88472, 0.88056, 0.89737, 0.88869
    ), RS.test.acc = c(0.90667, 0.87667, 0.90714, 0.88095, 0.85714, 
    0.88036, 0.875, 0.84861, 0.89056, 0.85404, 0.8696), RS.train.time = c(0.0094, 
    0.01, 0.0106, 0.0101, 0.0117, 0.0109, 0.0107, 0.0112, 0.0115, 
    0.0121, 0.0122), RS.n.support.vectors = c(15.7, 41.7, 20.1, 
    25.3, 27.4, 28.9, 24.1, 30.6, 67.6, 70.3, 75.7), RS.index = c(3, 
    2, 3, 2, 623, 15, 4, 196, 2072, 40, 19), RS.n.solutions = c(1511, 
    1857, 1613, 1389, 3, 52, 1319, 22, 1, 69, 55), RS.generations = c(100, 
    100, 100, 100, 100, 100, 100, 100, 100, 100, 100), RS.n.evaluations = c(2500, 
    2500, 2500, 2500, 2500, 2500, 2500, 2500, 2500, 2500, 2500
    ), RS.cpu.time = c(6208.972, 6125.235, 6186.775, 6281.537, 
    6324.62, 6196.897, 6264.29300000001, 6108.70999999999, 6312.76999999999, 
    6038.61900000001, 6013.07100000001), DF.cost = c(1, 1, 1, 
    1, 1, 1, 1, 1, 1, 1, 1), DF.gamma = c(0.11111, 0.11111, 0.11111, 
    0.11111, 0.11111, 0.11111, 0.11111, 0.11111, 0.11111, 0.11111, 
    0.11111), DF.data.balancing = c(0, 0, 0, 0, 0, 0, 0, 0, 0, 
    0, 0), DF.feature.selection = c(0, 0, 0, 0, 0, 0, 0, 0, 0, 
    0, 0), DF.valid.acc = c(0.90667, 0.89667, 0.90714, 0.88095, 
    0.85714, 0.86607, 0.875, 0.87083, 0.86833, 0.87515, 0.88071
    ), DF.test.acc = c(0.90667, 0.89667, 0.90714, 0.88095, 0.85714, 
    0.86607, 0.875, 0.87083, 0.86833, 0.87515, 0.88071), DF.train.time = c(0.01, 
    0.0101, 0.0102, 0.0108, 0.0113, 0.0107, 0.0105, 0.011, 0.011, 
    0.01, 0.0115), DF.n.support.vectors = c(22.2, 28, 28, 32, 
    33.4, 34.9, 34.8, 36.6, 37.4, 38.4, 36.3), DF.index = c(1, 
    1, 1, 1, 1, 1, 1, 1, 1, 1, 1), DF.n.solutions = c(1, 1, 1, 
    1, 1, 1, 1, 1, 1, 1, 1), DF.generations = c(1, 1, 1, 1, 1, 
    1, 1, 1, 1, 1, 1), DF.n.evaluations = c(1, 1, 1, 1, 1, 1, 
    1, 1, 1, 1, 1), DF.cpu.time = c(2.523, 2.41, 2.483, 2.548, 
    2.523, 2.446, 2.378, 2.503, 2.494, 2.219, 2.435), SMBO.cost = c(8.5521930296626, 
    8.5521930296626, 8.5521930296626, 8.5521930296626, 8.5521930296626, 
    8.5521930296626, 8.5521930296626, 8.5521930296626, 8.5521930296626, 
    8.5521930296626, 8.5521930296626), SMBO.gamma = c(-5.9564945539087, 
    -5.9564945539087, -5.9564945539087, -5.9564945539087, -5.9564945539087, 
    -5.9564945539087, -5.9564945539087, -5.9564945539087, -5.9564945539087, 
    -5.9564945539087, -5.9564945539087), SMBO.balanced.test.accuracy = c(0.714814814814815, 
    0.714814814814815, 0.714814814814815, 0.714814814814815, 
    0.714814814814815, 0.714814814814815, 0.714814814814815, 
    0.714814814814815, 0.714814814814815, 0.714814814814815, 
    0.714814814814815)), .Names = c("Sampling", "PSO.cost", "PSO.gamma", 
"PSO.data.balancing", "PSO.feature.selection", "PSO.valid.acc", 
"PSO.test.acc", "PSO.train.time", "PSO.n.support.vectors", "PSO.index", 
"PSO.n.solutions", "PSO.generations", "PSO.n.evaluations", "PSO.cpu.time", 
"RS.cost", "RS.gamma", "RS.data.balancing", "RS.feature.selection", 
"RS.valid.acc", "RS.test.acc", "RS.train.time", "RS.n.support.vectors", 
"RS.index", "RS.n.solutions", "RS.generations", "RS.n.evaluations", 
"RS.cpu.time", "DF.cost", "DF.gamma", "DF.data.balancing", "DF.feature.selection", 
"DF.valid.acc", "DF.test.acc", "DF.train.time", "DF.n.support.vectors", 
"DF.index", "DF.n.solutions", "DF.generations", "DF.n.evaluations", 
"DF.cpu.time", "SMBO.cost", "SMBO.gamma", "SMBO.balanced.test.accuracy"
), row.names = c(NA, -11L), class = "data.frame")
