new.sol <-
structure(list(Sampling = c(50, 55, 60, 65, 70, 75, 80, 85, 90, 
95, 100), PSO.cost = c(1, 1, 1, 1, 1, 2.19623, 1, 1, 9.35654, 
0.60302, 5.95917), PSO.gamma = c(0.11111, 0.11111, 0.11111, 0.11111, 
0.11111, -3.31125, 0.11111, 0.11111, -1.04742, -2.60505, -0.94877
), PSO.data.balancing = c(0, 0, 0, 0, 0, 0, 0, 0, 0, 0, 0), PSO.feature.selection = c(0, 
0, 0, 0, 0, 0, 0, 0, 0, 0, 0), PSO.valid.acc = c(0.92333, 0.91667, 
0.90952, 0.9119, 0.88929, 0.89107, 0.86349, 0.87167, 0.86944, 
0.88626, 0.89071), PSO.test.acc = c(0.92333, 0.91667, 0.90952, 
0.9119, 0.88929, 0.87679, 0.86349, 0.87167, 0.86833, 0.87626, 
0.89071), PSO.train.time = c(0.0096, 0.0093, 0.01, 0.0103, 0.0106, 
0.0096, 0.0104, 0.0115, 0.0111, 0.0104, 0.0122), PSO.n.support.vectors = c(20.6, 
22.5, 23.3, 24.7, 31, 32.7, 35.6, 36.9, 68.3, 43, 75.9), PSO.index = c(1, 
1, 1, 1, 1, 402, 1, 1, 66, 2001, 242), PSO.n.solutions = c(2058, 
2006, 1587, 2039, 1736, 297, 1679, 1562, 820, 3, 507), PSO.generations = c(100, 
100, 100, 100, 100, 100, 100, 100, 100, 100, 100), PSO.n.evaluations = c(2500, 
2500, 2500, 2500, 2500, 2500, 2500, 2500, 2500, 2500, 2500), 
    PSO.cpu.time = c(5818.496, 6053.081, 6080.769, 6196.128, 
    6071.236, 5957.597, 5998, 5963.99099999999, 5941.14, 5988.31099999999, 
    5994.163), RS.cost = c(5.44904, 0.25033, 0.75402, 10.47998, 
    10.88921, 0.83419, -1.21904, 10.72972, 7.64679, 0.78197, 
    5.81476), RS.gamma = c(-13.71614, -9.11785, -12.66296, 0.18937, 
    -13.61644, -1.54122, -6.615, -12.19589, -1.45008, -2.86888, 
    -1.21442), RS.data.balancing = c(0, 0, 0, 0, 0, 0, 0, 0, 
    0, 0, 0), RS.feature.selection = c(0, 0, 0, 0, 0, 0, 0, 0, 
    0, 0, 0), RS.valid.acc = c(0.92333, 0.91667, 0.90952, 0.9119, 
    0.88929, 0.89107, 0.86349, 0.87167, 0.86944, 0.88626, 0.89071
    ), RS.test.acc = c(0.92333, 0.91667, 0.90952, 0.9119, 0.88929, 
    0.89107, 0.86349, 0.87167, 0.85722, 0.87626, 0.89071), RS.train.time = c(0.0093, 
    0.0096, 0.01, 0.0113, 0.0118, 0.0104, 0.0098, 0.0132, 0.0122, 
    0.0106, 0.0125), RS.n.support.vectors = c(11.4, 13.4, 14.3, 
    52, 19.2, 56.4, 29.1, 26.6, 64.3, 40, 73.5), RS.index = c(1, 
    2, 1, 3, 2, 627, 3, 1, 124, 98, 543), RS.n.solutions = c(1572, 
    1484, 858, 1555, 989, 3, 1046, 1040, 55, 3, 26), RS.generations = c(100, 
    100, 100, 100, 100, 100, 100, 100, 100, 100, 100), RS.n.evaluations = c(2500, 
    2500, 2500, 2500, 2500, 2500, 2500, 2500, 2500, 2500, 2500
    ), RS.cpu.time = c(5810.294, 6041.66, 6060.642, 6139.836, 
    6120.43599999999, 6037.711, 5916.811, 5883.236, 6014.76699999999, 
    5999.59400000001, 6026.43500000001), DF.cost = c(1, 1, 1, 
    1, 1, 1, 1, 1, 1, 1, 1), DF.gamma = c(0.11111, 0.11111, 0.11111, 
    0.11111, 0.11111, 0.11111, 0.11111, 0.11111, 0.11111, 0.11111, 
    0.11111), DF.data.balancing = c(0, 0, 0, 0, 0, 0, 0, 0, 0, 
    0, 0), DF.feature.selection = c(0, 0, 0, 0, 0, 0, 0, 0, 0, 
    0, 0), DF.valid.acc = c(0.92333, 0.91667, 0.90952, 0.9119, 
    0.88929, 0.86607, 0.86349, 0.87167, 0.86833, 0.87515, 0.88071
    ), DF.test.acc = c(0.92333, 0.91667, 0.90952, 0.9119, 0.88929, 
    0.86607, 0.86349, 0.87167, 0.86833, 0.87515, 0.88071), DF.train.time = c(0.0096, 
    0.01, 0.0103, 0.0105, 0.0112, 0.0105, 0.0111, 0.0111, 0.0116, 
    0.0115, 0.0108), DF.n.support.vectors = c(20.6, 22.5, 23.3, 
    24.7, 31, 33.6, 35.6, 36.9, 36.6, 36.6, 39.7), DF.index = c(1, 
    1, 1, 1, 1, 1, 1, 1, 1, 1, 1), DF.n.solutions = c(1, 1, 1, 
    1, 1, 1, 1, 1, 1, 1, 1), DF.generations = c(1, 1, 1, 1, 1, 
    1, 1, 1, 1, 1, 1), DF.n.evaluations = c(1, 1, 1, 1, 1, 1, 
    1, 1, 1, 1, 1), DF.cpu.time = c(2.406, 2.339, 2.528, 2.557, 
    2.562, 2.343, 2.458, 2.519, 2.469, 2.448, 2.351), SMBO.cost = c(8.58578973864282, 
    8.58578973864282, 8.58578973864282, 8.58578973864282, 8.58578973864282, 
    8.58578973864282, 8.58578973864282, 8.58578973864282, 8.58578973864282, 
    8.58578973864282, 8.58578973864282), SMBO.gamma = c(-7.17752107632346, 
    -7.17752107632346, -7.17752107632346, -7.17752107632346, 
    -7.17752107632346, -7.17752107632346, -7.17752107632346, 
    -7.17752107632346, -7.17752107632346, -7.17752107632346, 
    -7.17752107632346), SMBO.balanced.test.accuracy = c(0.738220325864004, 
    0.738220325864004, 0.738220325864004, 0.738220325864004, 
    0.738220325864004, 0.738220325864004, 0.738220325864004, 
    0.738220325864004, 0.738220325864004, 0.738220325864004, 
    0.738220325864004)), .Names = c("Sampling", "PSO.cost", "PSO.gamma", 
"PSO.data.balancing", "PSO.feature.selection", "PSO.valid.acc", 
"PSO.test.acc", "PSO.train.time", "PSO.n.support.vectors", "PSO.index", 
"PSO.n.solutions", "PSO.generations", "PSO.n.evaluations", "PSO.cpu.time", 
"RS.cost", "RS.gamma", "RS.data.balancing", "RS.feature.selection", 
"RS.valid.acc", "RS.test.acc", "RS.train.time", "RS.n.support.vectors", 
"RS.index", "RS.n.solutions", "RS.generations", "RS.n.evaluations", 
"RS.cpu.time", "DF.cost", "DF.gamma", "DF.data.balancing", "DF.feature.selection", 
"DF.valid.acc", "DF.test.acc", "DF.train.time", "DF.n.support.vectors", 
"DF.index", "DF.n.solutions", "DF.generations", "DF.n.evaluations", 
"DF.cpu.time", "SMBO.cost", "SMBO.gamma", "SMBO.balanced.test.accuracy"
), row.names = c(NA, -11L), class = "data.frame")
