new.sol <-
structure(list(Sampling = c(50, 55, 60, 65, 70, 75, 80, 85, 90, 
95, 100), PSO.cost = c(1, 1, 1, 1, 1, 1, 1, 1, 1, 1, 0.37788), 
    PSO.gamma = c(0.11111, 0.11111, 0.11111, 0.11111, 0.11111, 
    0.11111, 0.11111, 0.11111, 0.11111, 0.11111, -2.32658), PSO.data.balancing = c(0, 
    0, 0, 0, 0, 0, 0, 0, 0, 0, 0), PSO.feature.selection = c(0, 
    0, 0, 0, 0, 0, 0, 0, 0, 0, 0), PSO.valid.acc = c(0.93, 0.91667, 
    0.92143, 0.89762, 0.88929, 0.88036, 0.875, 0.88194, 0.88889, 
    0.88444, 0.8898), PSO.test.acc = c(0.93, 0.91667, 0.92143, 
    0.89762, 0.88929, 0.88036, 0.875, 0.88194, 0.88889, 0.88444, 
    0.8898), PSO.train.time = c(0.0102, 0.0092, 0.009, 0.0098, 
    0.0096, 0.01, 0.0103, 0.0107, 0.0099, 0.011, 0.0119), PSO.n.support.vectors = c(16.6, 
    20.1, 20.6, 26.7, 30.4, 33.2, 34.8, 35.8, 36.5, 36.2, 48.8
    ), PSO.index = c(1, 1, 1, 1, 1, 1, 1, 1, 1, 1, 110), PSO.n.solutions = c(1656, 
    1963, 2026, 1708, 1795, 1866, 1841, 2128, 1985, 1846, 142
    ), PSO.generations = c(100, 100, 100, 100, 100, 100, 100, 
    100, 100, 100, 100), PSO.n.evaluations = c(2500, 2500, 2500, 
    2500, 2500, 2500, 2500, 2500, 2500, 2500, 2500), PSO.cpu.time = c(5897.879, 
    5792.018, 5821.387, 5940.828, 5746.206, 5685.40100000001, 
    5721.124, 5769.94500000001, 5843.48, 5909.76699999999, 5954.988
    ), RS.cost = c(2.25448, 0.74147, 8.51662, -0.95644, 10.91147, 
    -0.52038, 6.99284, 11.74224, -0.21761, -0.25125, 1.26299), 
    RS.gamma = c(-11.80366, 2.37637, -14.4357, -10.64353, -14.9413, 
    -3.61566, -11.52726, -10.45746, -13.20397, 0.29024, -3.62217
    ), RS.data.balancing = c(0, 0, 0, 0, 0, 0, 0, 0, 0, 0, 0), 
    RS.feature.selection = c(0, 0, 0, 0, 0, 0, 0, 0, 0, 0, 0), 
    RS.valid.acc = c(0.93, 0.91667, 0.92143, 0.89762, 0.88929, 
    0.88036, 0.875, 0.88194, 0.88889, 0.88444, 0.8898), RS.test.acc = c(0.93, 
    0.9, 0.92143, 0.89762, 0.88929, 0.88036, 0.875, 0.88194, 
    0.88889, 0.88444, 0.8898), RS.train.time = c(0.0085, 0.0097, 
    0.0091, 0.0097, 0.0105, 0.01, 0.0108, 0.0137, 0.0094, 0.0121, 
    0.0112), RS.n.support.vectors = c(12.3, 44, 13.1, 16.5, 25.8, 
    31.3, 29.1, 28.6, 18.9, 76, 36.4), RS.index = c(3, 1, 2, 
    2, 1, 2, 4, 1, 2, 1, 1096), RS.n.solutions = c(857, 1485, 
    1514, 918, 1187, 1151, 1008, 1736, 1187, 1170, 4), RS.generations = c(100, 
    100, 100, 100, 100, 100, 100, 100, 100, 100, 100), RS.n.evaluations = c(2500, 
    2500, 2500, 2500, 2500, 2500, 2500, 2500, 2500, 2500, 2500
    ), RS.cpu.time = c(5835.877, 5741.102, 5982.195, 5839.607, 
    5752.54, 5784.93499999999, 5748.51199999999, 5840.535, 5769.796, 
    5958.609, 6007.76699999999), DF.cost = c(1, 1, 1, 1, 1, 1, 
    1, 1, 1, 1, 1), DF.gamma = c(0.11111, 0.11111, 0.11111, 0.11111, 
    0.11111, 0.11111, 0.11111, 0.11111, 0.11111, 0.11111, 0.11111
    ), DF.data.balancing = c(0, 0, 0, 0, 0, 0, 0, 0, 0, 0, 0), 
    DF.feature.selection = c(0, 0, 0, 0, 0, 0, 0, 0, 0, 0, 0), 
    DF.valid.acc = c(0.93, 0.91667, 0.92143, 0.89762, 0.88929, 
    0.88036, 0.875, 0.88194, 0.88889, 0.88444, 0.88071), DF.test.acc = c(0.93, 
    0.91667, 0.92143, 0.89762, 0.88929, 0.88036, 0.875, 0.88194, 
    0.88889, 0.88444, 0.88071), DF.train.time = c(0.0096, 0.0095, 
    0.0102, 0.0094, 0.01, 0.0096, 0.0112, 0.01, 0.0112, 0.0112, 
    0.0115), DF.n.support.vectors = c(16.6, 20.1, 20.6, 26.7, 
    30.4, 33.2, 34.8, 35.8, 36.5, 36.2, 38), DF.index = c(1, 
    1, 1, 1, 1, 1, 1, 1, 1, 1, 1), DF.n.solutions = c(1, 1, 1, 
    1, 1, 1, 1, 1, 1, 1, 1), DF.generations = c(1, 1, 1, 1, 1, 
    1, 1, 1, 1, 1, 1), DF.n.evaluations = c(1, 1, 1, 1, 1, 1, 
    1, 1, 1, 1, 1), DF.cpu.time = c(2.344, 2.368, 2.403, 2.293, 
    2.303, 2.187, 2.412, 2.187, 2.42, 2.399, 2.405), SMBO.cost = c(13.326115149201, 
    13.326115149201, 13.326115149201, 13.326115149201, 13.326115149201, 
    13.326115149201, 13.326115149201, 13.326115149201, 13.326115149201, 
    13.326115149201, 13.326115149201), SMBO.gamma = c(-4.45986419689783, 
    -4.45986419689783, -4.45986419689783, -4.45986419689783, 
    -4.45986419689783, -4.45986419689783, -4.45986419689783, 
    -4.45986419689783, -4.45986419689783, -4.45986419689783, 
    -4.45986419689783), SMBO.balanced.test.accuracy = c(0.742098765432099, 
    0.742098765432099, 0.742098765432099, 0.742098765432099, 
    0.742098765432099, 0.742098765432099, 0.742098765432099, 
    0.742098765432099, 0.742098765432099, 0.742098765432099, 
    0.742098765432099)), .Names = c("Sampling", "PSO.cost", "PSO.gamma", 
"PSO.data.balancing", "PSO.feature.selection", "PSO.valid.acc", 
"PSO.test.acc", "PSO.train.time", "PSO.n.support.vectors", "PSO.index", 
"PSO.n.solutions", "PSO.generations", "PSO.n.evaluations", "PSO.cpu.time", 
"RS.cost", "RS.gamma", "RS.data.balancing", "RS.feature.selection", 
"RS.valid.acc", "RS.test.acc", "RS.train.time", "RS.n.support.vectors", 
"RS.index", "RS.n.solutions", "RS.generations", "RS.n.evaluations", 
"RS.cpu.time", "DF.cost", "DF.gamma", "DF.data.balancing", "DF.feature.selection", 
"DF.valid.acc", "DF.test.acc", "DF.train.time", "DF.n.support.vectors", 
"DF.index", "DF.n.solutions", "DF.generations", "DF.n.evaluations", 
"DF.cpu.time", "SMBO.cost", "SMBO.gamma", "SMBO.balanced.test.accuracy"
), row.names = c(NA, -11L), class = "data.frame")
