new.sol <-
structure(list(Sampling = c(50, 55, 60, 65, 70, 75, 80, 85, 90, 
95, 100), PSO.cost = c(6.00946, 1.08882, 2.80875, 2.31109, 1, 
1.5262, 1, 1, 0.87997, 3.08671, 6.28213), PSO.gamma = c(-6.97131, 
-2.46753, -4.50924, -3.64569, 0.11111, -1.8409, 0.11111, 0.11111, 
-1.66467, -0.86335, -0.89178), PSO.data.balancing = c(0, 0, 0, 
0, 0, 0, 0, 0, 0, 0, 0), PSO.feature.selection = c(0, 0, 0, 0, 
0, 0, 0, 0, 0, 0, 0), PSO.valid.acc = c(0.91, 0.91, 0.90238, 
0.92857, 0.90536, 0.91071, 0.875, 0.88194, 0.89972, 0.89535, 
0.8896), PSO.test.acc = c(0.89667, 0.89333, 0.84905, 0.89762, 
0.90536, 0.88393, 0.875, 0.88194, 0.89972, 0.87626, 0.88051), 
    PSO.train.time = c(0.0091, 0.0096, 0.0099, 0.0094, 0.0099, 
    0.011, 0.0098, 0.0108, 0.0118, 0.012, 0.0121), PSO.n.support.vectors = c(15.6, 
    33.6, 21.3, 24.5, 27.9, 49.2, 33.8, 35.9, 62.7, 73.1, 77.2
    ), PSO.index = c(60, 278, 177, 411, 1, 9, 1, 1, 555, 79, 
    739), PSO.n.solutions = c(434, 227, 499, 713, 1997, 974, 
    1816, 1898, 76, 588, 31), PSO.generations = c(100, 100, 100, 
    100, 100, 100, 100, 100, 100, 100, 100), PSO.n.evaluations = c(2500, 
    2500, 2500, 2500, 2500, 2500, 2500, 2500, 2500, 2500, 2500
    ), PSO.cpu.time = c(5944.836, 5953.345, 5999.547, 6052.094, 
    6077.695, 6093.22, 6070.011, 6115.573, 6127.46799999999, 
    6229.16100000001, 5929.18400000001), RS.cost = c(8.77573, 
    2.27401, 3.95812, 2.68566, 2.30814, 11.67544, -0.24775, 7.41859, 
    0.94021, 9.14414, 4.32153), RS.gamma = c(-9.42775, -4.02843, 
    -4.89068, -3.21497, -0.15806, -2.05943, -12.46959, -11.69791, 
    -1.00005, -0.67432, -0.90764), RS.data.balancing = c(0, 0, 
    0, 0, 0, 0, 0, 0, 0, 0, 0), RS.feature.selection = c(0, 0, 
    0, 0, 0, 0, 0, 0, 0, 0, 0), RS.valid.acc = c(0.91, 0.91, 
    0.90238, 0.91429, 0.90536, 0.91071, 0.875, 0.88194, 0.88972, 
    0.89535, 0.8896), RS.test.acc = c(0.87667, 0.91, 0.87905, 
    0.88095, 0.90536, 0.88393, 0.875, 0.88194, 0.88972, 0.87626, 
    0.88051), RS.train.time = c(0.0099, 0.0092, 0.0091, 0.0101, 
    0.0106, 0.0098, 0.0097, 0.0115, 0.0118, 0.0122, 0.012), RS.n.support.vectors = c(14.4, 
    21.8, 21, 27.2, 55.8, 43.3, 20.8, 26.8, 69.3, 74.3, 77.2), 
    RS.index = c(35, 608, 468, 599, 1, 59, 2, 1, 85, 6, 447), 
    RS.n.solutions = c(47, 7, 15, 1, 1504, 69, 1529, 1093, 57, 
    54, 15), RS.generations = c(100, 100, 100, 100, 100, 100, 
    100, 100, 100, 100, 100), RS.n.evaluations = c(2500, 2500, 
    2500, 2500, 2500, 2500, 2500, 2500, 2500, 2500, 2500), RS.cpu.time = c(5936.372, 
    6003.952, 5993.172, 6068.69899999999, 6074.955, 6072.61500000001, 
    6081.38800000001, 6135.41500000001, 6128.31, 6170.539, 5837.73599999999
    ), DF.cost = c(1, 1, 1, 1, 1, 1, 1, 1, 1, 1, 1), DF.gamma = c(0.11111, 
    0.11111, 0.11111, 0.11111, 0.11111, 0.11111, 0.11111, 0.11111, 
    0.11111, 0.11111, 0.11111), DF.data.balancing = c(0, 0, 0, 
    0, 0, 0, 0, 0, 0, 0, 0), DF.feature.selection = c(0, 0, 0, 
    0, 0, 0, 0, 0, 0, 0, 0), DF.valid.acc = c(0.87, 0.87667, 
    0.88571, 0.89524, 0.90536, 0.89643, 0.875, 0.88194, 0.8675, 
    0.87515, 0.88141), DF.test.acc = c(0.87, 0.87667, 0.88571, 
    0.89524, 0.90536, 0.89643, 0.875, 0.88194, 0.8675, 0.87515, 
    0.88141), DF.train.time = c(0.0089, 0.0099, 0.01, 0.0099, 
    0.0104, 0.0095, 0.0103, 0.0112, 0.0109, 0.011, 0.0106), DF.n.support.vectors = c(24.7, 
    26.1, 28.1, 27.9, 27.9, 30.8, 33.8, 35.9, 38.1, 39.1, 38.3
    ), DF.index = c(1, 1, 1, 1, 1, 1, 1, 1, 1, 1, 1), DF.n.solutions = c(1, 
    1, 1, 1, 1, 1, 1, 1, 1, 1, 1), DF.generations = c(1, 1, 1, 
    1, 1, 1, 1, 1, 1, 1, 1), DF.n.evaluations = c(1, 1, 1, 1, 
    1, 1, 1, 1, 1, 1, 1), DF.cpu.time = c(2.295, 2.471, 2.439, 
    2.423, 2.46, 2.247, 2.436, 2.509, 2.481, 2.422, 2.331), SMBO.cost = c(5.28193254143156, 
    5.28193254143156, 5.28193254143156, 5.28193254143156, 5.28193254143156, 
    5.28193254143156, 5.28193254143156, 5.28193254143156, 5.28193254143156, 
    5.28193254143156, 5.28193254143156), SMBO.gamma = c(-5.20340131456847, 
    -5.20340131456847, -5.20340131456847, -5.20340131456847, 
    -5.20340131456847, -5.20340131456847, -5.20340131456847, 
    -5.20340131456847, -5.20340131456847, -5.20340131456847, 
    -5.20340131456847), SMBO.balanced.test.accuracy = c(0.836091954022989, 
    0.836091954022989, 0.836091954022989, 0.836091954022989, 
    0.836091954022989, 0.836091954022989, 0.836091954022989, 
    0.836091954022989, 0.836091954022989, 0.836091954022989, 
    0.836091954022989)), .Names = c("Sampling", "PSO.cost", "PSO.gamma", 
"PSO.data.balancing", "PSO.feature.selection", "PSO.valid.acc", 
"PSO.test.acc", "PSO.train.time", "PSO.n.support.vectors", "PSO.index", 
"PSO.n.solutions", "PSO.generations", "PSO.n.evaluations", "PSO.cpu.time", 
"RS.cost", "RS.gamma", "RS.data.balancing", "RS.feature.selection", 
"RS.valid.acc", "RS.test.acc", "RS.train.time", "RS.n.support.vectors", 
"RS.index", "RS.n.solutions", "RS.generations", "RS.n.evaluations", 
"RS.cpu.time", "DF.cost", "DF.gamma", "DF.data.balancing", "DF.feature.selection", 
"DF.valid.acc", "DF.test.acc", "DF.train.time", "DF.n.support.vectors", 
"DF.index", "DF.n.solutions", "DF.generations", "DF.n.evaluations", 
"DF.cpu.time", "SMBO.cost", "SMBO.gamma", "SMBO.balanced.test.accuracy"
), row.names = c(NA, -11L), class = "data.frame")
