new.sol <-
structure(list(Sampling = c(50, 55, 60, 65, 70, 75, 80, 85, 90, 
95, 100), PSO.cost = c(3.21088, 3.85308, 5.33446, 4.73807, 6.71826, 
4.07948, 1.09585, 0.86866, 5.72228, 1.33362, 3.65951), PSO.gamma = c(-2.35811, 
-3.31674, -1.86861, -1.45268, -1.57426, -1.16034, -2.52106, -1.86671, 
-1.24629, -3.47831, -1.83047), PSO.data.balancing = c(0, 0, 0, 
0, 0, 0, 0, 0, 0, 0, 0), PSO.feature.selection = c(0, 0, 0, 0, 
0, 0, 0, 0, 0, 0, 0), PSO.valid.acc = c(0.88667, 0.92667, 0.8881, 
0.90952, 0.90179, 0.89286, 0.8996, 0.90528, 0.90111, 0.89515, 
0.90182), PSO.test.acc = c(0.88667, 0.92667, 0.8881, 0.89286, 
0.90179, 0.86429, 0.87599, 0.88167, 0.89, 0.88313, 0.88182), 
    PSO.train.time = c(0.0106, 0.0106, 0.0108, 0.0105, 0.0109, 
    0.0112, 0.0105, 0.0112, 0.0118, 0.0108, 0.012), PSO.n.support.vectors = c(31.6, 
    23, 40.9, 49.8, 51.1, 57.2, 39.6, 53.9, 65.2, 35.9, 57.2), 
    PSO.index = c(4, 56, 27, 3, 5, 29, 2230, 39, 10, 5, 128), 
    PSO.n.solutions = c(1806, 1393, 1350, 1488, 1493, 1058, 2, 
    344, 1465, 73, 1212), PSO.generations = c(100, 100, 100, 
    100, 100, 100, 100, 100, 100, 100, 100), PSO.n.evaluations = c(2500, 
    2500, 2500, 2500, 2500, 2500, 2500, 2500, 2500, 2500, 2500
    ), PSO.cpu.time = c(6640.296, 6586.23, 6342.98, 6342.663, 
    6379.336, 6331.675, 6289.784, 6175.14600000001, 6088.481, 
    6146.053, 6255.50100000002), RS.cost = c(10.70727, 13.69132, 
    4.3329, 10.35924, 13.12274, 11.16875, 0.69659, 1.29424, 7.67088, 
    1.92801, 5.09813), RS.gamma = c(-4.26714, -3.33716, -1.66895, 
    -1.56188, -1.86865, -1.08849, -1.53617, -2.78268, -1.8849, 
    -3.00281, -1.71185), RS.data.balancing = c(0, 0, 0, 0, 0, 
    0, 0, 0, 0, 0, 0), RS.feature.selection = c(0, 0, 0, 0, 0, 
    0, 0, 0, 0, 0, 0), RS.valid.acc = c(0.88667, 0.92667, 0.8881, 
    0.90952, 0.90179, 0.89286, 0.88849, 0.90528, 0.90111, 0.89424, 
    0.90182), RS.test.acc = c(0.82167, 0.92667, 0.8881, 0.89286, 
    0.8875, 0.86429, 0.88849, 0.88167, 0.89, 0.88313, 0.88182
    ), RS.train.time = c(0.0102, 0.0107, 0.0101, 0.0109, 0.0106, 
    0.0112, 0.0118, 0.0113, 0.0114, 0.0117, 0.0123), RS.n.support.vectors = c(19.3, 
    23, 43.7, 48, 45.4, 57.7, 56, 38.2, 50.8, 36.4, 60.8), RS.index = c(9, 
    12, 2, 4, 15, 3, 98, 1237, 2, 686, 255), RS.n.solutions = c(348, 
    77, 117, 169, 77, 61, 41, 3, 101, 1, 23), RS.generations = c(100, 
    100, 100, 100, 100, 100, 100, 100, 100, 100, 100), RS.n.evaluations = c(2500, 
    2500, 2500, 2500, 2500, 2500, 2500, 2500, 2500, 2500, 2500
    ), RS.cpu.time = c(6591.611, 6461.678, 6353.828, 6369.26, 
    6377.092, 6314.516, 6230.00999999999, 6125.808, 6104.64300000001, 
    6257.56899999999, 6288.16199999998), DF.cost = c(1, 1, 1, 
    1, 1, 1, 1, 1, 1, 1, 1), DF.gamma = c(0.11111, 0.11111, 0.11111, 
    0.11111, 0.11111, 0.11111, 0.11111, 0.11111, 0.11111, 0.11111, 
    0.11111), DF.data.balancing = c(0, 0, 0, 0, 0, 0, 0, 0, 0, 
    0, 0), DF.feature.selection = c(0, 0, 0, 0, 0, 0, 0, 0, 0, 
    0, 0), DF.valid.acc = c(0.86667, 0.87667, 0.87143, 0.87857, 
    0.87321, 0.86607, 0.86349, 0.87167, 0.87861, 0.88515, 0.88071
    ), DF.test.acc = c(0.86667, 0.87667, 0.87143, 0.87857, 0.87321, 
    0.86607, 0.86349, 0.87167, 0.87861, 0.88515, 0.88071), DF.train.time = c(0.0104, 
    0.0106, 0.0098, 0.0098, 0.01, 0.0106, 0.0103, 0.0104, 0.0106, 
    0.0109, 0.0117), DF.n.support.vectors = c(25.1, 24.9, 27.7, 
    29.7, 31.7, 34.4, 34.3, 36, 35.4, 37.3, 39.5), DF.index = c(1, 
    1, 1, 1, 1, 1, 1, 1, 1, 1, 1), DF.n.solutions = c(1, 1, 1, 
    1, 1, 1, 1, 1, 1, 1, 1), DF.generations = c(1, 1, 1, 1, 1, 
    1, 1, 1, 1, 1, 1), DF.n.evaluations = c(1, 1, 1, 1, 1, 1, 
    1, 1, 1, 1, 1), DF.cpu.time = c(2.614, 2.688, 2.489, 2.484, 
    2.545, 2.499, 2.432, 2.443, 2.455, 2.466, 2.498), SMBO.cost = c(3.64798396725295, 
    3.64798396725295, 3.64798396725295, 3.64798396725295, 3.64798396725295, 
    3.64798396725295, 3.64798396725295, 3.64798396725295, 3.64798396725295, 
    3.64798396725295, 3.64798396725295), SMBO.gamma = c(-1.78183314499998, 
    -1.78183314499998, -1.78183314499998, -1.78183314499998, 
    -1.78183314499998, -1.78183314499998, -1.78183314499998, 
    -1.78183314499998, -1.78183314499998, -1.78183314499998, 
    -1.78183314499998), SMBO.balanced.test.accuracy = c(0.725732600732601, 
    0.725732600732601, 0.725732600732601, 0.725732600732601, 
    0.725732600732601, 0.725732600732601, 0.725732600732601, 
    0.725732600732601, 0.725732600732601, 0.725732600732601, 
    0.725732600732601)), .Names = c("Sampling", "PSO.cost", "PSO.gamma", 
"PSO.data.balancing", "PSO.feature.selection", "PSO.valid.acc", 
"PSO.test.acc", "PSO.train.time", "PSO.n.support.vectors", "PSO.index", 
"PSO.n.solutions", "PSO.generations", "PSO.n.evaluations", "PSO.cpu.time", 
"RS.cost", "RS.gamma", "RS.data.balancing", "RS.feature.selection", 
"RS.valid.acc", "RS.test.acc", "RS.train.time", "RS.n.support.vectors", 
"RS.index", "RS.n.solutions", "RS.generations", "RS.n.evaluations", 
"RS.cpu.time", "DF.cost", "DF.gamma", "DF.data.balancing", "DF.feature.selection", 
"DF.valid.acc", "DF.test.acc", "DF.train.time", "DF.n.support.vectors", 
"DF.index", "DF.n.solutions", "DF.generations", "DF.n.evaluations", 
"DF.cpu.time", "SMBO.cost", "SMBO.gamma", "SMBO.balanced.test.accuracy"
), row.names = c(NA, -11L), class = "data.frame")
