new.sol <-
structure(list(Sampling = c(50, 55, 60, 65, 70, 75, 80, 85, 90, 
95, 100), PSO.cost = c(10.41283, 3.26651, 6.41178, 1.28205, 2.59078, 
12.83524, 1.17223, 6.76149, 8.55415, 1.99862, 0.73018), PSO.gamma = c(-1.22599, 
-1.73557, -1.26994, -1.94843, -1.22731, -1.30768, -2.30468, -1.02137, 
-1.27767, -2.01704, -1.24788), PSO.data.balancing = c(0, 0, 0, 
0, 0, 0, 0, 0, 0, 0, 0), PSO.feature.selection = c(0, 0, 0, 0, 
0, 0, 0, 0, 0, 0, 0), PSO.valid.acc = c(0.90333, 0.91667, 0.90714, 
0.90714, 0.91607, 0.92321, 0.92639, 0.90556, 0.92333, 0.90444, 
0.90182), PSO.test.acc = c(0.88333, 0.91667, 0.90714, 0.89048, 
0.91607, 0.92321, 0.91389, 0.89444, 0.91222, 0.89556, 0.89182
), PSO.train.time = c(0.0101, 0.0101, 0.011, 0.0104, 0.011, 0.0119, 
0.0113, 0.0122, 0.0118, 0.0127, 0.0129), PSO.n.support.vectors = c(38.5, 
40.8, 45.9, 41.6, 53.9, 56.3, 40.6, 65.1, 65, 47.4, 74.1), PSO.index = c(16, 
25, 98, 269, 93, 54, 333, 8, 9, 36, 1046), PSO.n.solutions = c(1047, 
1293, 1061, 414, 1212, 1036, 322, 588, 1489, 1189, 45), PSO.generations = c(100, 
100, 100, 100, 100, 100, 100, 100, 100, 100, 100), PSO.n.evaluations = c(2500, 
2500, 2500, 2500, 2500, 2500, 2500, 2500, 2500, 2500, 2500), 
    PSO.cpu.time = c(6514.82, 6537.368, 6738.934, 6772.648, 6720.462, 
    6855.72900000001, 6804.92499999999, 6787.90299999999, 6736.692, 
    6781.132, 6707.18300000002), RS.cost = c(3.87086, 4.01302, 
    3.37463, 0.96175, 3.958, 4.6902, 1.3302, 5.39063, 13.00769, 
    6.15137, 1.37579), RS.gamma = c(-1.22447, -1.67837, -1.33007, 
    -1.40287, -1.63799, -1.57804, -2.36442, -6.37832, -1.28977, 
    -2.02769, -1.30245), RS.data.balancing = c(0, 0, 0, 0, 0, 
    0, 0, 0, 0, 0, 0), RS.feature.selection = c(0, 0, 0, 0, 0, 
    0, 0, 0, 0, 0, 0), RS.valid.acc = c(0.90333, 0.91667, 0.90714, 
    0.90714, 0.91607, 0.92321, 0.92639, 0.90694, 0.92333, 0.90444, 
    0.89182), RS.test.acc = c(0.88333, 0.91667, 0.90714, 0.90714, 
    0.91607, 0.91071, 0.88889, 0.86944, 0.91222, 0.89556, 0.89182
    ), RS.train.time = c(0.0103, 0.0105, 0.0108, 0.0112, 0.0113, 
    0.0113, 0.0116, 0.0111, 0.0128, 0.0127, 0.013), RS.n.support.vectors = c(38.5, 
    41.2, 45.7, 49.4, 49.5, 53.8, 39.7, 23.6, 65, 46.3, 72.8), 
    RS.index = c(4, 12, 87, 27, 11, 46, 206, 2211, 4, 80, 51), 
    RS.n.solutions = c(40, 133, 67, 17, 63, 59, 4, 1, 78, 146, 
    29), RS.generations = c(100, 100, 100, 100, 100, 100, 100, 
    100, 100, 100, 100), RS.n.evaluations = c(2500, 2500, 2500, 
    2500, 2500, 2500, 2500, 2500, 2500, 2500, 2500), RS.cpu.time = c(6483.822, 
    6591.634, 6744.077, 6738.677, 6701.63200000001, 6862.928, 
    6810.702, 6784.99000000001, 6756.863, 6775.82899999998, 6723.11300000001
    ), DF.cost = c(1, 1, 1, 1, 1, 1, 1, 1, 1, 1, 1), DF.gamma = c(0.11111, 
    0.11111, 0.11111, 0.11111, 0.11111, 0.11111, 0.11111, 0.11111, 
    0.11111, 0.11111, 0.11111), DF.data.balancing = c(0, 0, 0, 
    0, 0, 0, 0, 0, 0, 0, 0), DF.feature.selection = c(0, 0, 0, 
    0, 0, 0, 0, 0, 0, 0, 0), DF.valid.acc = c(0.86667, 0.88, 
    0.89048, 0.87857, 0.8875, 0.88214, 0.88889, 0.89444, 0.90111, 
    0.89444, 0.88071), DF.test.acc = c(0.86667, 0.88, 0.89048, 
    0.87857, 0.8875, 0.88214, 0.88889, 0.89444, 0.90111, 0.89444, 
    0.88071), DF.train.time = c(0.0097, 0.0105, 0.0113, 0.011, 
    0.0103, 0.0113, 0.0116, 0.0115, 0.0119, 0.0119, 0.0118), 
    DF.n.support.vectors = c(25.7, 26.6, 27, 27.1, 28.1, 30.9, 
    32.2, 32.8, 32.8, 33.4, 37.7), DF.index = c(1, 1, 1, 1, 1, 
    1, 1, 1, 1, 1, 1), DF.n.solutions = c(1, 1, 1, 1, 1, 1, 1, 
    1, 1, 1, 1), DF.generations = c(1, 1, 1, 1, 1, 1, 1, 1, 1, 
    1, 1), DF.n.evaluations = c(1, 1, 1, 1, 1, 1, 1, 1, 1, 1, 
    1), DF.cpu.time = c(2.607, 2.685, 2.721, 2.676, 2.665, 2.715, 
    2.707, 2.698, 2.692, 2.671, 2.67), SMBO.cost = c(3.4272156033073, 
    3.4272156033073, 3.4272156033073, 3.4272156033073, 3.4272156033073, 
    3.4272156033073, 3.4272156033073, 3.4272156033073, 3.4272156033073, 
    3.4272156033073, 3.4272156033073), SMBO.gamma = c(-4.40321082357055, 
    -4.40321082357055, -4.40321082357055, -4.40321082357055, 
    -4.40321082357055, -4.40321082357055, -4.40321082357055, 
    -4.40321082357055, -4.40321082357055, -4.40321082357055, 
    -4.40321082357055), SMBO.balanced.test.accuracy = c(0.706604938271605, 
    0.706604938271605, 0.706604938271605, 0.706604938271605, 
    0.706604938271605, 0.706604938271605, 0.706604938271605, 
    0.706604938271605, 0.706604938271605, 0.706604938271605, 
    0.706604938271605)), .Names = c("Sampling", "PSO.cost", "PSO.gamma", 
"PSO.data.balancing", "PSO.feature.selection", "PSO.valid.acc", 
"PSO.test.acc", "PSO.train.time", "PSO.n.support.vectors", "PSO.index", 
"PSO.n.solutions", "PSO.generations", "PSO.n.evaluations", "PSO.cpu.time", 
"RS.cost", "RS.gamma", "RS.data.balancing", "RS.feature.selection", 
"RS.valid.acc", "RS.test.acc", "RS.train.time", "RS.n.support.vectors", 
"RS.index", "RS.n.solutions", "RS.generations", "RS.n.evaluations", 
"RS.cpu.time", "DF.cost", "DF.gamma", "DF.data.balancing", "DF.feature.selection", 
"DF.valid.acc", "DF.test.acc", "DF.train.time", "DF.n.support.vectors", 
"DF.index", "DF.n.solutions", "DF.generations", "DF.n.evaluations", 
"DF.cpu.time", "SMBO.cost", "SMBO.gamma", "SMBO.balanced.test.accuracy"
), row.names = c(NA, -11L), class = "data.frame")
