new.sol <-
structure(list(Sampling = c(50, 55, 60, 65, 70, 75, 80, 85, 90, 
95, 100), PSO.cost = c(1, 1, 1, 1, 3.31658, 1, 1, 12.0379, 1.48752, 
2.19503, 1), PSO.gamma = c(0.11111, 0.11111, 0.11111, 0.11111, 
-4.08267, 0.11111, 0.11111, -13.36927, -3.33294, -3.54072, 0.11111
), PSO.data.balancing = c(0, 0, 0, 0, 0, 0, 0, 0, 0, 0, 0), PSO.feature.selection = c(0, 
0, 0, 0, 0, 0, 0, 0, 0, 0, 0), PSO.valid.acc = c(0.96667, 0.93571, 
0.92143, 0.92857, 0.93214, 0.89643, 0.875, 0.88278, 0.88944, 
0.9096, 0.88071), PSO.test.acc = c(0.96667, 0.93571, 0.92143, 
0.92857, 0.8869, 0.89643, 0.875, 0.87167, 0.87694, 0.89848, 0.88071
), PSO.train.time = c(0.0106, 0.0101, 0.0104, 0.0102, 0.0102, 
0.0094, 0.0107, 0.0145, 0.0105, 0.0104, 0.0109), PSO.n.support.vectors = c(16, 
21.5, 26.2, 25.8, 22.3, 32.2, 34.9, 26.9, 35.8, 36.3, 38.1), 
    PSO.index = c(1, 1, 1, 1, 197, 1, 1, 380, 927, 257, 1), PSO.n.solutions = c(2323, 
    2144, 2006, 2034, 162, 1992, 1730, 47, 143, 546, 1715), PSO.generations = c(100, 
    100, 100, 100, 100, 100, 100, 100, 100, 100, 100), PSO.n.evaluations = c(2500, 
    2500, 2500, 2500, 2500, 2500, 2500, 2500, 2500, 2500, 2500
    ), PSO.cpu.time = c(6103.747, 6104.542, 6330.544, 6149.788, 
    6295.959, 6026.713, 6213.489, 6283.00200000001, 6142.2, 6131.12299999999, 
    6049.61199999999), RS.cost = c(1.75245, 2.30265, 6.11309, 
    1.54291, 2.78375, 5.47638, 4.0225, 10.78539, 1.50446, 1.58672, 
    0.34979), RS.gamma = c(-13.02735, -12.67885, -9.7101, -10.6122, 
    -3.96984, -10.07575, -14.09807, -12.15148, -3.36204, -3.19765, 
    -2.28438), RS.data.balancing = c(0, 0, 0, 0, 0, 0, 0, 0, 
    0, 0, 0), RS.feature.selection = c(0, 0, 0, 0, 0, 0, 0, 0, 
    0, 0, 0), RS.valid.acc = c(0.96667, 0.93571, 0.92143, 0.92857, 
    0.93214, 0.89643, 0.875, 0.88278, 0.88944, 0.89848, 0.8898
    ), RS.test.acc = c(0.96667, 0.93571, 0.92143, 0.92857, 0.90119, 
    0.89643, 0.875, 0.87167, 0.87694, 0.88737, 0.88071), RS.train.time = c(0.0089, 
    0.01, 0.0105, 0.0091, 0.0106, 0.0112, 0.0101, 0.0132, 0.0106, 
    0.011, 0.012), RS.n.support.vectors = c(6.8, 11.5, 15.4, 
    15.8, 22.5, 21.1, 23.8, 26.6, 35.6, 37.6, 48.9), RS.index = c(1, 
    2, 1, 1, 52, 5, 1, 1206, 260, 319, 1737), RS.n.solutions = c(2102, 
    1711, 1713, 1637, 9, 1454, 1056, 2, 2, 5, 2), RS.generations = c(100, 
    100, 100, 100, 100, 100, 100, 100, 100, 100, 100), RS.n.evaluations = c(2500, 
    2500, 2500, 2500, 2500, 2500, 2500, 2500, 2500, 2500, 2500
    ), RS.cpu.time = c(6178.436, 6105.145, 6314.552, 6159.354, 
    6279.9, 6183.755, 6172.705, 6268.205, 6123.41499999999, 5868.769, 
    6148.37300000001), DF.cost = c(1, 1, 1, 1, 1, 1, 1, 1, 1, 
    1, 1), DF.gamma = c(0.11111, 0.11111, 0.11111, 0.11111, 0.11111, 
    0.11111, 0.11111, 0.11111, 0.11111, 0.11111, 0.11111), DF.data.balancing = c(0, 
    0, 0, 0, 0, 0, 0, 0, 0, 0, 0), DF.feature.selection = c(0, 
    0, 0, 0, 0, 0, 0, 0, 0, 0, 0), DF.valid.acc = c(0.96667, 
    0.93571, 0.92143, 0.92857, 0.91786, 0.89643, 0.875, 0.87167, 
    0.86833, 0.87515, 0.88071), DF.test.acc = c(0.96667, 0.93571, 
    0.92143, 0.92857, 0.91786, 0.89643, 0.875, 0.87167, 0.86833, 
    0.87515, 0.88071), DF.train.time = c(0.0101, 0.0105, 0.0104, 
    0.0101, 0.01, 0.0103, 0.011, 0.0106, 0.011, 0.0114, 0.0115
    ), DF.n.support.vectors = c(16, 21.5, 26.2, 25.8, 27.9, 32.2, 
    34.9, 37, 36.2, 38, 38.1), DF.index = c(1, 1, 1, 1, 1, 1, 
    1, 1, 1, 1, 1), DF.n.solutions = c(1, 1, 1, 1, 1, 1, 1, 1, 
    1, 1, 1), DF.generations = c(1, 1, 1, 1, 1, 1, 1, 1, 1, 1, 
    1), DF.n.evaluations = c(1, 1, 1, 1, 1, 1, 1, 1, 1, 1, 1), 
    DF.cpu.time = c(2.456, 2.536, 2.522, 2.51, 2.378, 2.402, 
    2.526, 2.46, 2.521, 2.33, 2.45), SMBO.cost = c(7.08020298565663, 
    7.08020298565663, 7.08020298565663, 7.08020298565663, 7.08020298565663, 
    7.08020298565663, 7.08020298565663, 7.08020298565663, 7.08020298565663, 
    7.08020298565663, 7.08020298565663), SMBO.gamma = c(-5.96659956104995, 
    -5.96659956104995, -5.96659956104995, -5.96659956104995, 
    -5.96659956104995, -5.96659956104995, -5.96659956104995, 
    -5.96659956104995, -5.96659956104995, -5.96659956104995, 
    -5.96659956104995), SMBO.balanced.test.accuracy = c(0.764166666666667, 
    0.764166666666667, 0.764166666666667, 0.764166666666667, 
    0.764166666666667, 0.764166666666667, 0.764166666666667, 
    0.764166666666667, 0.764166666666667, 0.764166666666667, 
    0.764166666666667)), .Names = c("Sampling", "PSO.cost", "PSO.gamma", 
"PSO.data.balancing", "PSO.feature.selection", "PSO.valid.acc", 
"PSO.test.acc", "PSO.train.time", "PSO.n.support.vectors", "PSO.index", 
"PSO.n.solutions", "PSO.generations", "PSO.n.evaluations", "PSO.cpu.time", 
"RS.cost", "RS.gamma", "RS.data.balancing", "RS.feature.selection", 
"RS.valid.acc", "RS.test.acc", "RS.train.time", "RS.n.support.vectors", 
"RS.index", "RS.n.solutions", "RS.generations", "RS.n.evaluations", 
"RS.cpu.time", "DF.cost", "DF.gamma", "DF.data.balancing", "DF.feature.selection", 
"DF.valid.acc", "DF.test.acc", "DF.train.time", "DF.n.support.vectors", 
"DF.index", "DF.n.solutions", "DF.generations", "DF.n.evaluations", 
"DF.cpu.time", "SMBO.cost", "SMBO.gamma", "SMBO.balanced.test.accuracy"
), row.names = c(NA, -11L), class = "data.frame")
