new.sol <-
structure(list(Sampling = c(50, 55, 60, 65, 70, 75, 80, 85, 90, 
95, 100), PSO.cost = c(11.96578, 3.65649, 7.04292, 4.43003, 1, 
1, 1, 1, 1, 1, 15), PSO.gamma = c(-2.21165, -2.20232, -1.84265, 
-2.08694, 0.11111, 0.11111, 0.11111, 0.11111, 0.11111, 0.11111, 
-10.76249), PSO.data.balancing = c(0, 0, 0, 0, 0, 0, 0, 0, 0, 
0, 0), PSO.feature.selection = c(0, 0, 0, 0, 0, 0, 0, 0, 0, 0, 
0), PSO.valid.acc = c(0.90667, 0.91333, 0.92381, 0.90952, 0.87321, 
0.88036, 0.88889, 0.88194, 0.87778, 0.87444, 0.90141), PSO.test.acc = c(0.90667, 
0.91333, 0.92381, 0.89524, 0.87321, 0.88036, 0.88889, 0.88194, 
0.87778, 0.87444, 0.87121), PSO.train.time = c(0.0088, 0.0092, 
0.0094, 0.0096, 0.0096, 0.0101, 0.0094, 0.0101, 0.0103, 0.0108, 
0.0195), PSO.n.support.vectors = c(32.5, 34.4, 40.6, 39.9, 32.2, 
31.4, 32.1, 34, 37.5, 37.7, 29.5), PSO.index = c(74, 16, 44, 
82, 1, 1, 1, 1, 1, 1, 445), PSO.n.solutions = c(1232, 854, 1161, 
1090, 2049, 1998, 1896, 1871, 1667, 1949, 89), PSO.generations = c(100, 
100, 100, 100, 100, 100, 100, 100, 100, 100, 100), PSO.n.evaluations = c(2500, 
2500, 2500, 2500, 2500, 2500, 2500, 2500, 2500, 2500, 2500), 
    PSO.cpu.time = c(5767.065, 5666.794, 5608.139, 5714.355, 
    5753.561, 5731.713, 5470.167, 5672.75, 5709.355, 5782.466, 
    5565.913), RS.cost = c(14.94975, 1.94511, 14.95746, 1.84627, 
    0.95103, 4.14381, 5.1653, 0.53321, 2.46752, 10.85088, 7.42651
    ), RS.gamma = c(-2.38436, -2.15625, -2.03986, -1.98875, -9.50349, 
    2.05647, -9.22901, -10.12885, -8.3119, -0.52761, -7.00782
    ), RS.data.balancing = c(0, 0, 0, 0, 0, 0, 0, 0, 0, 0, 0), 
    RS.feature.selection = c(0, 0, 0, 0, 0, 0, 0, 0, 0, 0, 0), 
    RS.valid.acc = c(0.90667, 0.91333, 0.92381, 0.90952, 0.87321, 
    0.88036, 0.88889, 0.88194, 0.87778, 0.87444, 0.90141), RS.test.acc = c(0.90667, 
    0.91333, 0.92381, 0.89524, 0.87321, 0.88036, 0.88889, 0.88194, 
    0.87778, 0.87444, 0.87121), RS.train.time = c(0.0095, 0.0092, 
    0.0093, 0.0103, 0.0097, 0.011, 0.0104, 0.0099, 0.0102, 0.0117, 
    0.0108), RS.n.support.vectors = c(30.5, 35.2, 37.4, 41.5, 
    22.5, 60, 23.2, 23.3, 28.3, 74.3, 30.6), RS.index = c(53, 
    19, 18, 24, 3, 1, 4, 2, 4, 1, 149), RS.n.solutions = c(74, 
    42, 70, 49, 1444, 1608, 966, 924, 1008, 1645, 12), RS.generations = c(100, 
    100, 100, 100, 100, 100, 100, 100, 100, 100, 100), RS.n.evaluations = c(2500, 
    2500, 2500, 2500, 2500, 2500, 2500, 2500, 2500, 2500, 2500
    ), RS.cpu.time = c(5759.703, 5699.983, 5695.595, 5724.87, 
    5759.833, 5658.238, 5503.238, 5693.038, 5812.89999999999, 
    5547.03200000001, 5588.451), DF.cost = c(1, 1, 1, 1, 1, 1, 
    1, 1, 1, 1, 1), DF.gamma = c(0.11111, 0.11111, 0.11111, 0.11111, 
    0.11111, 0.11111, 0.11111, 0.11111, 0.11111, 0.11111, 0.11111
    ), DF.data.balancing = c(0, 0, 0, 0, 0, 0, 0, 0, 0, 0, 0), 
    DF.feature.selection = c(0, 0, 0, 0, 0, 0, 0, 0, 0, 0, 0), 
    DF.valid.acc = c(0.89, 0.89667, 0.90714, 0.89524, 0.87321, 
    0.88036, 0.88889, 0.88194, 0.87778, 0.87444, 0.88141), DF.test.acc = c(0.89, 
    0.89667, 0.90714, 0.89524, 0.87321, 0.88036, 0.88889, 0.88194, 
    0.87778, 0.87444, 0.88141), DF.train.time = c(0.0088, 0.0089, 
    0.0105, 0.0096, 0.0099, 0.0093, 0.01, 0.0099, 0.0109, 0.0098, 
    0.0111), DF.n.support.vectors = c(24.7, 26, 27.4, 29.6, 32.2, 
    31.4, 32.1, 34, 37.5, 37.7, 38.9), DF.index = c(1, 1, 1, 
    1, 1, 1, 1, 1, 1, 1, 1), DF.n.solutions = c(1, 1, 1, 1, 1, 
    1, 1, 1, 1, 1, 1), DF.generations = c(1, 1, 1, 1, 1, 1, 1, 
    1, 1, 1, 1), DF.n.evaluations = c(1, 1, 1, 1, 1, 1, 1, 1, 
    1, 1, 1), DF.cpu.time = c(2.22, 2.168, 2.368, 2.292, 2.3, 
    2.164, 2.284, 2.246, 2.306, 2.121, 2.318), SMBO.cost = c(14.6491226469565, 
    14.6491226469565, 14.6491226469565, 14.6491226469565, 14.6491226469565, 
    14.6491226469565, 14.6491226469565, 14.6491226469565, 14.6491226469565, 
    14.6491226469565, 14.6491226469565), SMBO.gamma = c(-5.06465994603233, 
    -5.06465994603233, -5.06465994603233, -5.06465994603233, 
    -5.06465994603233, -5.06465994603233, -5.06465994603233, 
    -5.06465994603233, -5.06465994603233, -5.06465994603233, 
    -5.06465994603233), SMBO.balanced.test.accuracy = c(0.755323460064839, 
    0.755323460064839, 0.755323460064839, 0.755323460064839, 
    0.755323460064839, 0.755323460064839, 0.755323460064839, 
    0.755323460064839, 0.755323460064839, 0.755323460064839, 
    0.755323460064839)), .Names = c("Sampling", "PSO.cost", "PSO.gamma", 
"PSO.data.balancing", "PSO.feature.selection", "PSO.valid.acc", 
"PSO.test.acc", "PSO.train.time", "PSO.n.support.vectors", "PSO.index", 
"PSO.n.solutions", "PSO.generations", "PSO.n.evaluations", "PSO.cpu.time", 
"RS.cost", "RS.gamma", "RS.data.balancing", "RS.feature.selection", 
"RS.valid.acc", "RS.test.acc", "RS.train.time", "RS.n.support.vectors", 
"RS.index", "RS.n.solutions", "RS.generations", "RS.n.evaluations", 
"RS.cpu.time", "DF.cost", "DF.gamma", "DF.data.balancing", "DF.feature.selection", 
"DF.valid.acc", "DF.test.acc", "DF.train.time", "DF.n.support.vectors", 
"DF.index", "DF.n.solutions", "DF.generations", "DF.n.evaluations", 
"DF.cpu.time", "SMBO.cost", "SMBO.gamma", "SMBO.balanced.test.accuracy"
), row.names = c(NA, -11L), class = "data.frame")
