new.sol <-
structure(list(Sampling = c(50, 55, 60, 65, 70, 75, 80, 85, 90, 
95, 100), PSO.cost = c(1, 1, 1, 1, 1, 1, 0.78137, 1.10666, 0.82048, 
4.26407, 10.05495), PSO.gamma = c(0.11111, 0.11111, 0.11111, 
0.11111, 0.11111, 0.11111, -1.33966, -0.95904, -1.52949, -0.84983, 
-1.07396), PSO.data.balancing = c(0, 0, 0, 0, 0, 0, 0, 0, 0, 
0, 0), PSO.feature.selection = c(0, 0, 0, 0, 0, 0, 0, 0, 0, 0, 
0), PSO.valid.acc = c(0.86667, 0.85667, 0.86905, 0.87857, 0.87321, 
0.86607, 0.8875, 0.88333, 0.87861, 0.88313, 0.90162), PSO.test.acc = c(0.86667, 
0.85667, 0.86905, 0.87857, 0.87321, 0.86607, 0.8375, 0.88333, 
0.86639, 0.88313, 0.89162), PSO.train.time = c(0.0103, 0.0094, 
0.0095, 0.0096, 0.0097, 0.0101, 0.011, 0.0114, 0.0112, 0.0113, 
0.0127), PSO.n.support.vectors = c(24.9, 27.4, 29.2, 29.5, 31.2, 
31.6, 58, 65.6, 62.1, 72.9, 75), PSO.index = c(1, 1, 1, 1, 1, 
1, 260, 198, 222, 28, 120), PSO.n.solutions = c(1805, 1803, 2054, 
1938, 1702, 1855, 59, 815, 67, 386, 1304), PSO.generations = c(100, 
100, 100, 100, 100, 100, 100, 100, 100, 100, 100), PSO.n.evaluations = c(2500, 
2500, 2500, 2500, 2500, 2500, 2500, 2500, 2500, 2500, 2500), 
    PSO.cpu.time = c(5879.062, 5861.7, 5985.173, 5949.43799999999, 
    5965.915, 5986.359, 6023.889, 5968.48300000001, 5888.45000000001, 
    5965.372, 5973.412), RS.cost = c(6.80537, 4.98186, 1.39627, 
    5.05317, 0.92093, 1.18775, 0.98979, 9.61647, 13.8988, 7.58121, 
    14.81764), RS.gamma = c(-13.80461, -7.75688, -7.38497, -10.67152, 
    -12.68272, -6.82405, -1.00611, -0.96773, -0.93583, -0.89159, 
    -0.93824), RS.data.balancing = c(0, 0, 0, 0, 0, 0, 0, 0, 
    0, 0, 0), RS.feature.selection = c(0, 0, 0, 0, 0, 0, 0, 0, 
    0, 0, 0), RS.valid.acc = c(0.86667, 0.85667, 0.86905, 0.87857, 
    0.87321, 0.86607, 0.8875, 0.88333, 0.87861, 0.88313, 0.90162
    ), RS.test.acc = c(0.86667, 0.85667, 0.86905, 0.87857, 0.87321, 
    0.86607, 0.8375, 0.87083, 0.86639, 0.88313, 0.89162), RS.train.time = c(0.009, 
    0.0099, 0.0099, 0.0111, 0.0094, 0.0098, 0.0119, 0.0112, 0.0123, 
    0.0116, 0.0119), RS.n.support.vectors = c(18.7, 24, 25.2, 
    28.4, 18.8, 26.3, 61.1, 65.4, 69.6, 72.8, 76.4), RS.index = c(8, 
    3, 1, 5, 2, 3, 847, 280, 144, 45, 1), RS.n.solutions = c(614, 
    1154, 1636, 1114, 1174, 964, 2, 7, 24, 35, 57), RS.generations = c(100, 
    100, 100, 100, 100, 100, 100, 100, 100, 100, 100), RS.n.evaluations = c(2500, 
    2500, 2500, 2500, 2500, 2500, 2500, 2500, 2500, 2500, 2500
    ), RS.cpu.time = c(5870.224, 5878.21, 5870.722, 5958.281, 
    5996.123, 5950.198, 5948.307, 5899.04399999999, 5940.81, 
    5992.511, 5965.57000000001), DF.cost = c(1, 1, 1, 1, 1, 1, 
    1, 1, 1, 1, 1), DF.gamma = c(0.11111, 0.11111, 0.11111, 0.11111, 
    0.11111, 0.11111, 0.11111, 0.11111, 0.11111, 0.11111, 0.11111
    ), DF.data.balancing = c(0, 0, 0, 0, 0, 0, 0, 0, 0, 0, 0), 
    DF.feature.selection = c(0, 0, 0, 0, 0, 0, 0, 0, 0, 0, 0), 
    DF.valid.acc = c(0.86667, 0.85667, 0.86905, 0.87857, 0.87321, 
    0.86607, 0.875, 0.85972, 0.8675, 0.87515, 0.88141), DF.test.acc = c(0.86667, 
    0.85667, 0.86905, 0.87857, 0.87321, 0.86607, 0.875, 0.85972, 
    0.8675, 0.87515, 0.88141), DF.train.time = c(0.0091, 0.0094, 
    0.0094, 0.0097, 0.0104, 0.0112, 0.0099, 0.0103, 0.0109, 0.011, 
    0.0115), DF.n.support.vectors = c(24.9, 27.4, 29.2, 29.5, 
    31.2, 31.6, 33.6, 35.9, 37.1, 38.3, 39.3), DF.index = c(1, 
    1, 1, 1, 1, 1, 1, 1, 1, 1, 1), DF.n.solutions = c(1, 1, 1, 
    1, 1, 1, 1, 1, 1, 1, 1), DF.generations = c(1, 1, 1, 1, 1, 
    1, 1, 1, 1, 1, 1), DF.n.evaluations = c(1, 1, 1, 1, 1, 1, 
    1, 1, 1, 1, 1), DF.cpu.time = c(2.283, 2.301, 2.307, 2.36, 
    2.361, 2.476, 2.343, 2.338, 2.479, 2.39, 2.505), SMBO.cost = c(10.3905271744939, 
    10.3905271744939, 10.3905271744939, 10.3905271744939, 10.3905271744939, 
    10.3905271744939, 10.3905271744939, 10.3905271744939, 10.3905271744939, 
    10.3905271744939, 10.3905271744939), SMBO.gamma = c(-7.02243602598273, 
    -7.02243602598273, -7.02243602598273, -7.02243602598273, 
    -7.02243602598273, -7.02243602598273, -7.02243602598273, 
    -7.02243602598273, -7.02243602598273, -7.02243602598273, 
    -7.02243602598273), SMBO.balanced.test.accuracy = c(0.776880341880342, 
    0.776880341880342, 0.776880341880342, 0.776880341880342, 
    0.776880341880342, 0.776880341880342, 0.776880341880342, 
    0.776880341880342, 0.776880341880342, 0.776880341880342, 
    0.776880341880342)), .Names = c("Sampling", "PSO.cost", "PSO.gamma", 
"PSO.data.balancing", "PSO.feature.selection", "PSO.valid.acc", 
"PSO.test.acc", "PSO.train.time", "PSO.n.support.vectors", "PSO.index", 
"PSO.n.solutions", "PSO.generations", "PSO.n.evaluations", "PSO.cpu.time", 
"RS.cost", "RS.gamma", "RS.data.balancing", "RS.feature.selection", 
"RS.valid.acc", "RS.test.acc", "RS.train.time", "RS.n.support.vectors", 
"RS.index", "RS.n.solutions", "RS.generations", "RS.n.evaluations", 
"RS.cpu.time", "DF.cost", "DF.gamma", "DF.data.balancing", "DF.feature.selection", 
"DF.valid.acc", "DF.test.acc", "DF.train.time", "DF.n.support.vectors", 
"DF.index", "DF.n.solutions", "DF.generations", "DF.n.evaluations", 
"DF.cpu.time", "SMBO.cost", "SMBO.gamma", "SMBO.balanced.test.accuracy"
), row.names = c(NA, -11L), class = "data.frame")
