new.sol <-
structure(list(Sampling = c(50, 55, 60, 65, 70, 75, 80, 85, 90, 
95, 100), PSO.cost = c(2.07004, 11.21862, 1.64968, 9.77688, 9.73499, 
12.88241, 1.73002, 0.23012, 12.90951, 3.33765, 11.81311), PSO.gamma = c(-2.01081, 
-3.30934, 2.01941, -7.16106, -6.26434, -4.50606, -2.35258, 2.22465, 
-8.16017, 1.81673, -3.8173), PSO.data.balancing = c(0, 0, 0, 
0, 0, 0, 0, 0, 0, 0, 0), PSO.feature.selection = c(0, 0, 0, 0, 
0, 0, 0, 0, 0, 0, 0), PSO.valid.acc = c(1, 1, 1, 1, 1, 1, 1, 
1, 1, 1, 1), PSO.test.acc = c(1, 1, 1, 1, 1, 1, 1, 1, 1, 1, 1
), PSO.train.time = c(0.0199, 0.0194, 0.0751, 0.0238, 0.0243, 
0.0222, 0.0328, 0.1408, 0.0364, 0.1171, 0.0318), PSO.n.support.vectors = c(34.8, 
10.6, 248.9, 11.8, 10.1, 9.3, 42.4, 321.1, 8.1, 261.7, 10.7), 
    PSO.index = c(11, 4, 2, 2, 3, 6, 3, 3, 2, 3, 8), PSO.n.solutions = c(1446, 
    1723, 1031, 1296, 1415, 1680, 1681, 1554, 1811, 1268, 1827
    ), PSO.generations = c(100, 100, 100, 100, 100, 100, 100, 
    100, 100, 100, 100), PSO.n.evaluations = c(2500, 2500, 2500, 
    2500, 2500, 2500, 2500, 2500, 2500, 2500, 2500), PSO.cpu.time = c(6278.18, 
    7061.309, 7005.808, 7456.202, 6994.085, 7364.71500000001, 
    8531.327, 8035.432, 7573.595, 8293.39999999999, 7463.66200000001
    ), RS.cost = c(12.01694, 5.50571, 10.5772, 8.75298, 5.17439, 
    11.25025, 13.79059, 9.76882, 10.47496, 10.21864, 5.92472), 
    RS.gamma = c(-7.6994, -1.36665, 1.48359, 2.15662, -1.6306, 
    -5.52407, -0.87705, -6.12305, -3.49661, -3.02927, -3.99668
    ), RS.data.balancing = c(0, 0, 0, 0, 0, 0, 0, 0, 0, 0, 0), 
    RS.feature.selection = c(0, 0, 0, 0, 0, 0, 0, 0, 0, 0, 0), 
    RS.valid.acc = c(1, 1, 1, 1, 1, 1, 1, 1, 1, 1, 1), RS.test.acc = c(1, 
    1, 1, 1, 1, 0.999, 1, 1, 1, 0.99921, 1), RS.train.time = c(0.0192, 
    0.0236, 0.062, 0.0865, 0.0268, 0.0249, 0.0334, 0.0278, 0.028, 
    0.0287, 0.0311), RS.n.support.vectors = c(8.6, 36.3, 188.7, 
    271.8, 31.9, 9.4, 44.2, 10.3, 11.8, 14.8, 16.2), RS.index = c(2, 
    1, 5, 4, 7, 3, 13, 2, 6, 1, 7), RS.n.solutions = c(1002, 
    861, 445, 641, 706, 795, 683, 901, 913, 614, 957), RS.generations = c(100, 
    100, 100, 100, 100, 100, 100, 100, 100, 100, 100), RS.n.evaluations = c(2500, 
    2500, 2500, 2500, 2500, 2500, 2500, 2500, 2500, 2500, 2500
    ), RS.cpu.time = c(6976.643, 7248.614, 7338.757, 7243.122, 
    7558.467, 7604.667, 8103.43299999999, 8242.81299999999, 8207.243, 
    8327.26799999998, 8775.11299999998), DF.cost = c(1, 1, 1, 
    1, 1, 1, 1, 1, 1, 1, 1), DF.gamma = c(0.25, 0.25, 0.25, 0.25, 
    0.25, 0.25, 0.25, 0.25, 0.25, 0.25, 0.25), DF.data.balancing = c(0, 
    0, 0, 0, 0, 0, 0, 0, 0, 0, 0), DF.feature.selection = c(0, 
    0, 0, 0, 0, 0, 0, 0, 0, 0, 0), DF.valid.acc = c(0.99704, 
    0.99865, 0.99752, 0.9977, 0.99894, 0.99801, 0.99814, 0.99825, 
    0.99836, 0.99843, 0.99851), DF.test.acc = c(0.99704, 0.9973, 
    0.99752, 0.9977, 0.99787, 0.99801, 0.99814, 0.99825, 0.99836, 
    0.99843, 0.99851), DF.train.time = c(0.0258, 0.0271, 0.0307, 
    0.0318, 0.0328, 0.0358, 0.0392, 0.041, 0.0419, 0.0438, 0.0517
    ), DF.n.support.vectors = c(65.9, 68.3, 70, 69.8, 70.5, 71.9, 
    73.6, 75.6, 74.8, 76.5, 80.1), DF.index = c(1, 1, 1, 1, 1, 
    1, 1, 1, 1, 1, 1), DF.n.solutions = c(1, 1, 1, 1, 1, 1, 1, 
    1, 1, 1, 1), DF.generations = c(1, 1, 1, 1, 1, 1, 1, 1, 1, 
    1, 1), DF.n.evaluations = c(1, 1, 1, 1, 1, 1, 1, 1, 1, 1, 
    1), DF.cpu.time = c(2.781, 2.592, 2.776, 2.634, 2.791, 2.771, 
    2.774, 2.751, 2.82, 2.921, 2.978), SMBO.cost = c(1.21247465632274, 
    1.21247465632274, 1.21247465632274, 1.21247465632274, 1.21247465632274, 
    1.21247465632274, 1.21247465632274, 1.21247465632274, 1.21247465632274, 
    1.21247465632274, 1.21247465632274), SMBO.gamma = c(-1.8301575031552, 
    -1.8301575031552, -1.8301575031552, -1.8301575031552, -1.8301575031552, 
    -1.8301575031552, -1.8301575031552, -1.8301575031552, -1.8301575031552, 
    -1.8301575031552, -1.8301575031552), SMBO.balanced.test.accuracy = c(1, 
    1, 1, 1, 1, 1, 1, 1, 1, 1, 1)), .Names = c("Sampling", "PSO.cost", 
"PSO.gamma", "PSO.data.balancing", "PSO.feature.selection", "PSO.valid.acc", 
"PSO.test.acc", "PSO.train.time", "PSO.n.support.vectors", "PSO.index", 
"PSO.n.solutions", "PSO.generations", "PSO.n.evaluations", "PSO.cpu.time", 
"RS.cost", "RS.gamma", "RS.data.balancing", "RS.feature.selection", 
"RS.valid.acc", "RS.test.acc", "RS.train.time", "RS.n.support.vectors", 
"RS.index", "RS.n.solutions", "RS.generations", "RS.n.evaluations", 
"RS.cpu.time", "DF.cost", "DF.gamma", "DF.data.balancing", "DF.feature.selection", 
"DF.valid.acc", "DF.test.acc", "DF.train.time", "DF.n.support.vectors", 
"DF.index", "DF.n.solutions", "DF.generations", "DF.n.evaluations", 
"DF.cpu.time", "SMBO.cost", "SMBO.gamma", "SMBO.balanced.test.accuracy"
), row.names = c(NA, -11L), class = "data.frame")
