new.sol <-
structure(list(Sampling = c(50, 55, 60, 65, 70, 75, 80, 85, 90, 
95, 100), PSO.cost = c(8.60288, 13.30383, 11.75944, 13.33355, 
3.54045, 0.73695, 5.72487, 8.80162, 13.95035, 13.03721, 12.68848
), PSO.gamma = c(-5.53208, 1.07607, -4.02387, -4.05951, 0.92862, 
2.29295, -3.7569, -6.45218, -8.10247, 1.65032, -5.35461), PSO.data.balancing = c(0, 
0, 0, 0, 0, 0, 0, 0, 0, 0, 0), PSO.feature.selection = c(0, 0, 
0, 0, 0, 0, 0, 0, 0, 0, 0), PSO.valid.acc = c(1, 1, 1, 1, 1, 
1, 1, 1, 1, 1, 1), PSO.test.acc = c(1, 1, 1, 1, 1, 1, 1, 1, 1, 
1, 1), PSO.train.time = c(0.0198, 0.0435, 0.0209, 0.022, 0.0565, 
0.1198, 0.0277, 0.0295, 0.0375, 0.1087, 0.0301), PSO.n.support.vectors = c(9.5, 
141.4, 9.8, 9.9, 140.4, 319.3, 16.3, 13.4, 8.5, 232.4, 9.3), 
    PSO.index = c(2, 7, 5, 4, 2, 3, 6, 2, 2, 2, 2), PSO.n.solutions = c(1947, 
    1922, 1655, 1884, 2150, 1992, 1673, 1558, 1942, 1775, 1843
    ), PSO.generations = c(100, 100, 100, 100, 100, 100, 100, 
    100, 100, 100, 100), PSO.n.evaluations = c(2500, 2500, 2500, 
    2500, 2500, 2500, 2500, 2500, 2500, 2500, 2500), PSO.cpu.time = c(6839.721, 
    6955.114, 7304.889, 7254.497, 7219.231, 8136.20300000001, 
    7328.447, 6934.534, 8092.204, 7725.17499999999, 7520.696), 
    RS.cost = c(4.94153, 6.83722, 13.94932, 14.55575, 10.85496, 
    10.08227, 10.2678, 6.98416, 8.90817, 12.24581, 14.7912), 
    RS.gamma = c(-2.71056, 0.64957, 1.71524, -10.2703, -3.62251, 
    -3.51884, -4.61072, -4.76102, -1.31645, -4.30188, -6.66397
    ), RS.data.balancing = c(0, 0, 0, 0, 0, 0, 0, 0, 0, 0, 0), 
    RS.feature.selection = c(0, 0, 0, 0, 0, 0, 0, 0, 0, 0, 0), 
    RS.valid.acc = c(1, 1, 1, 1, 1, 1, 1, 1, 1, 1, 1), RS.test.acc = c(1, 
    1, 1, 1, 1, 1, 1, 1, 1, 1, 1), RS.train.time = c(0.0198, 
    0.0427, 0.0681, 0.0277, 0.0239, 0.025, 0.0231, 0.0275, 0.0355, 
    0.0265, 0.0366), RS.n.support.vectors = c(18.3, 110.5, 217.8, 
    11.1, 10.8, 11.4, 9.2, 13.5, 37, 9.3, 8.9), RS.index = c(2, 
    3, 4, 3, 1, 1, 3, 4, 1, 1, 1), RS.n.solutions = c(1039, 948, 
    760, 1069, 1018, 1057, 1113, 587, 1150, 1034, 936), RS.generations = c(100, 
    100, 100, 100, 100, 100, 100, 100, 100, 100, 100), RS.n.evaluations = c(2500, 
    2500, 2500, 2500, 2500, 2500, 2500, 2500, 2500, 2500, 2500
    ), RS.cpu.time = c(6851.969, 7048.728, 7347.87899999999, 
    7586.257, 7842.768, 7751.758, 7959.06999999999, 8109.69399999999, 
    8145.11199999999, 8326.91399999999, 8569.42499999999), DF.cost = c(1, 
    1, 1, 1, 1, 1, 1, 1, 1, 1, 1), DF.gamma = c(0.25, 0.25, 0.25, 
    0.25, 0.25, 0.25, 0.25, 0.25, 0.25, 0.25, 0.25), DF.data.balancing = c(0, 
    0, 0, 0, 0, 0, 0, 0, 0, 0, 0), DF.feature.selection = c(0, 
    0, 0, 0, 0, 0, 0, 0, 0, 0, 0), DF.valid.acc = c(0.99851, 
    0.99865, 0.9975, 0.99886, 0.99681, 0.99801, 0.99815, 0.99826, 
    0.99917, 0.99843, 0.99852), DF.test.acc = c(0.99851, 0.99865, 
    0.99875, 0.99773, 0.99787, 0.99801, 0.99815, 0.99826, 0.99835, 
    0.99843, 0.99852), DF.train.time = c(0.0244, 0.0277, 0.0293, 
    0.0324, 0.0341, 0.0381, 0.0398, 0.0422, 0.0455, 0.0446, 0.0498
    ), DF.n.support.vectors = c(63.1, 68.3, 69.1, 70.1, 72.8, 
    74.2, 75.5, 76.5, 77.1, 79.7, 79.3), DF.index = c(1, 1, 1, 
    1, 1, 1, 1, 1, 1, 1, 1), DF.n.solutions = c(1, 1, 1, 1, 1, 
    1, 1, 1, 1, 1, 1), DF.generations = c(1, 1, 1, 1, 1, 1, 1, 
    1, 1, 1, 1), DF.n.evaluations = c(1, 1, 1, 1, 1, 1, 1, 1, 
    1, 1, 1), DF.cpu.time = c(2.612, 2.691, 2.73, 2.79, 2.707, 
    2.931, 2.886, 2.921, 2.889, 2.75, 2.998), SMBO.cost = c(7.96332698556685, 
    7.96332698556685, 7.96332698556685, 7.96332698556685, 7.96332698556685, 
    7.96332698556685, 7.96332698556685, 7.96332698556685, 7.96332698556685, 
    7.96332698556685, 7.96332698556685), SMBO.gamma = c(-6.38972931144526, 
    -6.38972931144526, -6.38972931144526, -6.38972931144526, 
    -6.38972931144526, -6.38972931144526, -6.38972931144526, 
    -6.38972931144526, -6.38972931144526, -6.38972931144526, 
    -6.38972931144526), SMBO.balanced.test.accuracy = c(1, 1, 
    1, 1, 1, 1, 1, 1, 1, 1, 1)), .Names = c("Sampling", "PSO.cost", 
"PSO.gamma", "PSO.data.balancing", "PSO.feature.selection", "PSO.valid.acc", 
"PSO.test.acc", "PSO.train.time", "PSO.n.support.vectors", "PSO.index", 
"PSO.n.solutions", "PSO.generations", "PSO.n.evaluations", "PSO.cpu.time", 
"RS.cost", "RS.gamma", "RS.data.balancing", "RS.feature.selection", 
"RS.valid.acc", "RS.test.acc", "RS.train.time", "RS.n.support.vectors", 
"RS.index", "RS.n.solutions", "RS.generations", "RS.n.evaluations", 
"RS.cpu.time", "DF.cost", "DF.gamma", "DF.data.balancing", "DF.feature.selection", 
"DF.valid.acc", "DF.test.acc", "DF.train.time", "DF.n.support.vectors", 
"DF.index", "DF.n.solutions", "DF.generations", "DF.n.evaluations", 
"DF.cpu.time", "SMBO.cost", "SMBO.gamma", "SMBO.balanced.test.accuracy"
), row.names = c(NA, -11L), class = "data.frame")
