new.sol <-
structure(list(Sampling = c(50, 55, 60, 65, 70, 75, 80, 85, 90, 
95, 100), PSO.cost = c(0.64675, 6.64948, 3.98492, 7.39083, 11.06598, 
1.13706, 3.14296, 13.38752, 13.06521, 0.78497, 1.89862), PSO.gamma = c(1.61368, 
-2.99826, 1.6249, -4.07375, -4.21171, -2.37474, 0.915, -3.29465, 
-2.00653, 2.95119, -3.37021), PSO.data.balancing = c(0, 0, 0, 
0, 0, 0, 0, 0, 0, 0, 0), PSO.feature.selection = c(0, 0, 0, 0, 
0, 0, 0, 0, 0, 0, 0), PSO.valid.acc = c(1, 1, 1, 1, 1, 1, 1, 
1, 1, 1, 1), PSO.test.acc = c(1, 1, 1, 1, 1, 0.99901, 1, 1, 1, 
1, 0.99926), PSO.train.time = c(0.0502, 0.0225, 0.0687, 0.0203, 
0.0219, 0.0316, 0.0643, 0.0269, 0.0314, 0.2304, 0.0427), PSO.n.support.vectors = c(195.3, 
14.6, 205.6, 10.4, 9.1, 50.2, 142.5, 11.3, 25.3, 469.3, 51.3), 
    PSO.index = c(13, 11, 7, 2, 5, 9, 11, 2, 5, 3, 2), PSO.n.solutions = c(1764, 
    1899, 2040, 1725, 2155, 2129, 1984, 2102, 2120, 1889, 1722
    ), PSO.generations = c(100, 100, 100, 100, 100, 100, 100, 
    100, 100, 100, 100), PSO.n.evaluations = c(2500, 2500, 2500, 
    2500, 2500, 2500, 2500, 2500, 2500, 2500, 2500), PSO.cpu.time = c(6848.935, 
    6775.22, 7191.536, 7390.348, 7747.748, 7373.147, 8074.538, 
    8210.46100000001, 7892.599, 8004.326, 7439.636), RS.cost = c(11.19196, 
    14.3502, 4.12591, -0.71889, -1.27161, 12.08732, 8.8633, 2.06201, 
    11.59347, 12.97915, 9.26317), RS.gamma = c(-2.08598, -8.58098, 
    -2.2756, 2.16507, 2.14448, -8.88174, -2.1061, -0.81155, -1.86426, 
    1.55746, -4.16019), RS.data.balancing = c(0, 0, 0, 0, 0, 
    0, 0, 0, 0, 0, 0), RS.feature.selection = c(0, 0, 0, 0, 0, 
    0, 0, 0, 0, 0, 0), RS.valid.acc = c(1, 1, 1, 1, 1, 1, 1, 
    1, 1, 1, 1), RS.test.acc = c(1, 1, 1, 1, 1, 1, 1, 1, 1, 1, 
    1), RS.train.time = c(0.0179, 0.0233, 0.0226, 0.0949, 0.1143, 
    0.0306, 0.027, 0.036, 0.0317, 0.1041, 0.0293), RS.n.support.vectors = c(20.9, 
    8.4, 25.5, 300.3, 337.8, 12.3, 24.1, 51.7, 26.6, 223.4, 9.6
    ), RS.index = c(1, 1, 2, 5, 4, 2, 2, 4, 1, 2, 1), RS.n.solutions = c(947, 
    803, 906, 871, 1135, 1261, 904, 1169, 1143, 977, 1030), RS.generations = c(100, 
    100, 100, 100, 100, 100, 100, 100, 100, 100, 100), RS.n.evaluations = c(2500, 
    2500, 2500, 2500, 2500, 2500, 2500, 2500, 2500, 2500, 2500
    ), RS.cpu.time = c(7021.558, 7251.649, 7356.439, 7462.231, 
    7596.192, 7925.39, 8194.37800000001, 8445.84299999999, 8250.10800000001, 
    8525.21600000001, 8594.93800000002), DF.cost = c(1, 1, 1, 
    1, 1, 1, 1, 1, 1, 1, 1), DF.gamma = c(0.25, 0.25, 0.25, 0.25, 
    0.25, 0.25, 0.25, 0.25, 0.25, 0.25, 0.25), DF.data.balancing = c(0, 
    0, 0, 0, 0, 0, 0, 0, 0, 0, 0), DF.feature.selection = c(0, 
    0, 0, 0, 0, 0, 0, 0, 0, 0, 0), DF.valid.acc = c(0.99706, 
    0.99733, 0.99875, 0.99885, 0.99892, 0.99901, 0.99907, 0.99825, 
    0.99835, 0.99844, 0.99852), DF.test.acc = c(0.99706, 0.99733, 
    0.99875, 0.99885, 0.99892, 0.99901, 0.99907, 0.99825, 0.99835, 
    0.99844, 0.99926), DF.train.time = c(0.025, 0.0286, 0.0288, 
    0.0325, 0.0344, 0.037, 0.0389, 0.043, 0.0458, 0.0463, 0.0494
    ), DF.n.support.vectors = c(66.7, 68.9, 68.3, 71.4, 71.8, 
    70.9, 73.7, 77, 78.7, 77.9, 80.7), DF.index = c(1, 1, 1, 
    1, 1, 1, 1, 1, 1, 1, 1), DF.n.solutions = c(1, 1, 1, 1, 1, 
    1, 1, 1, 1, 1, 1), DF.generations = c(1, 1, 1, 1, 1, 1, 1, 
    1, 1, 1, 1), DF.n.evaluations = c(1, 1, 1, 1, 1, 1, 1, 1, 
    1, 1, 1), DF.cpu.time = c(2.597, 2.795, 2.654, 2.843, 2.777, 
    2.871, 2.797, 3.014, 2.935, 2.91, 2.932), SMBO.cost = c(0.812795570619866, 
    0.812795570619866, 0.812795570619866, 0.812795570619866, 
    0.812795570619866, 0.812795570619866, 0.812795570619866, 
    0.812795570619866, 0.812795570619866, 0.812795570619866, 
    0.812795570619866), SMBO.gamma = c(2.36961461330764, 2.36961461330764, 
    2.36961461330764, 2.36961461330764, 2.36961461330764, 2.36961461330764, 
    2.36961461330764, 2.36961461330764, 2.36961461330764, 2.36961461330764, 
    2.36961461330764), SMBO.balanced.test.accuracy = c(1, 1, 
    1, 1, 1, 1, 1, 1, 1, 1, 1)), .Names = c("Sampling", "PSO.cost", 
"PSO.gamma", "PSO.data.balancing", "PSO.feature.selection", "PSO.valid.acc", 
"PSO.test.acc", "PSO.train.time", "PSO.n.support.vectors", "PSO.index", 
"PSO.n.solutions", "PSO.generations", "PSO.n.evaluations", "PSO.cpu.time", 
"RS.cost", "RS.gamma", "RS.data.balancing", "RS.feature.selection", 
"RS.valid.acc", "RS.test.acc", "RS.train.time", "RS.n.support.vectors", 
"RS.index", "RS.n.solutions", "RS.generations", "RS.n.evaluations", 
"RS.cpu.time", "DF.cost", "DF.gamma", "DF.data.balancing", "DF.feature.selection", 
"DF.valid.acc", "DF.test.acc", "DF.train.time", "DF.n.support.vectors", 
"DF.index", "DF.n.solutions", "DF.generations", "DF.n.evaluations", 
"DF.cpu.time", "SMBO.cost", "SMBO.gamma", "SMBO.balanced.test.accuracy"
), row.names = c(NA, -11L), class = "data.frame")
