new.sol <-
structure(list(Sampling = c(50, 55, 60, 65, 70, 75, 80, 85, 90, 
95, 100), PSO.cost = c(1, 13.7173, 11.70579, 2.60875, 7.30817, 
-1.0416, -1.90116, 13.59808, 14.3222, 13.48315, 5.37678), PSO.gamma = c(0.25, 
-2.95532, -8.92718, -2.90362, 1.62008, 2.73513, 2.26205, -8.87179, 
-8.72862, -8.66412, -3.4122), PSO.data.balancing = c(0, 0, 0, 
0, 0, 0, 0, 0, 0, 0, 0), PSO.feature.selection = c(0, 0, 0, 0, 
0, 0, 0, 0, 0, 0, 0), PSO.valid.acc = c(1, 1, 1, 1, 1, 1, 1, 
1, 1, 1, 1), PSO.test.acc = c(0.99851, 1, 1, 1, 1, 1, 1, 1, 0.99917, 
1, 1), PSO.train.time = c(0.0257, 0.0194, 0.0234, 0.0241, 0.0783, 
0.154, 0.1613, 0.0327, 0.0359, 0.0383, 0.0305), PSO.n.support.vectors = c(67.2, 
14.6, 12.8, 32.2, 211.7, 427.1, 450.1, 9.3, 7.8, 8.5, 16.9), 
    PSO.index = c(1, 2, 13, 2, 4, 11, 5, 3, 2, 3, 6), PSO.n.solutions = c(1153, 
    1530, 1310, 1570, 1644, 1561, 1787, 1458, 1594, 1720, 1832
    ), PSO.generations = c(100, 100, 100, 100, 100, 100, 100, 
    100, 100, 100, 100), PSO.n.evaluations = c(2500, 2500, 2500, 
    2500, 2500, 2500, 2500, 2500, 2500, 2500, 2500), PSO.cpu.time = c(6399.422, 
    6950.908, 7339.11, 7148.361, 7981.151, 7174.102, 9080.79000000001, 
    7391.49799999999, 7803.36200000001, 8092.25199999998, 7975.038
    ), RS.cost = c(2.82044, 7.80737, 14.5502, 7.18295, 13.55087, 
    11.66313, 8.162, 12.96079, 5.32176, 8.50298, 8.37885), RS.gamma = c(-2.93309, 
    2.67898, -10.38632, 2.89647, -2.60795, -3.5457, 2.61778, 
    -5.66565, -3.78496, -0.19082, 2.54456), RS.data.balancing = c(0, 
    0, 0, 0, 0, 0, 0, 0, 0, 0, 0), RS.feature.selection = c(0, 
    0, 0, 0, 0, 0, 0, 0, 0, 0, 0), RS.valid.acc = c(1, 1, 1, 
    1, 1, 1, 1, 1, 1, 1, 1), RS.test.acc = c(1, 1, 1, 1, 1, 1, 
    1, 1, 1, 0.99921, 1), RS.train.time = c(0.0192, 0.1006, 0.026, 
    0.1402, 0.0236, 0.0236, 0.1451, 0.028, 0.0294, 0.0475, 0.2113
    ), RS.n.support.vectors = c(29.4, 318.5, 9.3, 378, 16.5, 
    11.1, 380.1, 9.6, 18.1, 72.9, 404.4), RS.index = c(1, 1, 
    4, 7, 1, 3, 10, 1, 3, 2, 2), RS.n.solutions = c(766, 871, 
    755, 861, 645, 767, 485, 790, 876, 961, 996), RS.generations = c(100, 
    100, 100, 100, 100, 100, 100, 100, 100, 100, 100), RS.n.evaluations = c(2500, 
    2500, 2500, 2500, 2500, 2500, 2500, 2500, 2500, 2500, 2500
    ), RS.cpu.time = c(6453.414, 7250.121, 7324.345, 7234.073, 
    7308.88300000001, 7636.337, 7814.75499999999, 8053.55100000001, 
    8209.52200000001, 8490.61000000002, 8646.179), DF.cost = c(1, 
    1, 1, 1, 1, 1, 1, 1, 1, 1, 1), DF.gamma = c(0.25, 0.25, 0.25, 
    0.25, 0.25, 0.25, 0.25, 0.25, 0.25, 0.25, 0.25), DF.data.balancing = c(0, 
    0, 0, 0, 0, 0, 0, 0, 0, 0, 0), DF.feature.selection = c(0, 
    0, 0, 0, 0, 0, 0, 0, 0, 0, 0), DF.valid.acc = c(1, 0.99865, 
    0.99878, 0.99886, 0.99787, 0.99802, 0.99813, 0.99825, 0.99917, 
    0.99845, 0.99926), DF.test.acc = c(0.99851, 0.99865, 0.99878, 
    0.99886, 0.99787, 0.99802, 0.99813, 0.99825, 0.99835, 0.99845, 
    0.99851), DF.train.time = c(0.0247, 0.0272, 0.0287, 0.032, 
    0.0335, 0.0351, 0.0391, 0.0409, 0.0425, 0.0467, 0.0481), 
    DF.n.support.vectors = c(67.2, 67.5, 69.7, 69.9, 71.8, 74.2, 
    75.5, 77.1, 77.9, 78, 80), DF.index = c(1, 1, 1, 1, 1, 1, 
    1, 1, 1, 1, 1), DF.n.solutions = c(1, 1, 1, 1, 1, 1, 1, 1, 
    1, 1, 1), DF.generations = c(1, 1, 1, 1, 1, 1, 1, 1, 1, 1, 
    1), DF.n.evaluations = c(1, 1, 1, 1, 1, 1, 1, 1, 1, 1, 1), 
    DF.cpu.time = c(2.526, 2.538, 2.599, 2.699, 2.676, 2.791, 
    2.805, 2.767, 2.789, 3.004, 2.873), SMBO.cost = c(0.873147983215751, 
    0.873147983215751, 0.873147983215751, 0.873147983215751, 
    0.873147983215751, 0.873147983215751, 0.873147983215751, 
    0.873147983215751, 0.873147983215751, 0.873147983215751, 
    0.873147983215751), SMBO.gamma = c(2.92854881604435, 2.92854881604435, 
    2.92854881604435, 2.92854881604435, 2.92854881604435, 2.92854881604435, 
    2.92854881604435, 2.92854881604435, 2.92854881604435, 2.92854881604435, 
    2.92854881604435), SMBO.balanced.test.accuracy = c(1, 1, 
    1, 1, 1, 1, 1, 1, 1, 1, 1)), .Names = c("Sampling", "PSO.cost", 
"PSO.gamma", "PSO.data.balancing", "PSO.feature.selection", "PSO.valid.acc", 
"PSO.test.acc", "PSO.train.time", "PSO.n.support.vectors", "PSO.index", 
"PSO.n.solutions", "PSO.generations", "PSO.n.evaluations", "PSO.cpu.time", 
"RS.cost", "RS.gamma", "RS.data.balancing", "RS.feature.selection", 
"RS.valid.acc", "RS.test.acc", "RS.train.time", "RS.n.support.vectors", 
"RS.index", "RS.n.solutions", "RS.generations", "RS.n.evaluations", 
"RS.cpu.time", "DF.cost", "DF.gamma", "DF.data.balancing", "DF.feature.selection", 
"DF.valid.acc", "DF.test.acc", "DF.train.time", "DF.n.support.vectors", 
"DF.index", "DF.n.solutions", "DF.generations", "DF.n.evaluations", 
"DF.cpu.time", "SMBO.cost", "SMBO.gamma", "SMBO.balanced.test.accuracy"
), row.names = c(NA, -11L), class = "data.frame")
