new.sol <-
structure(list(Sampling = c(50, 55, 60, 65, 70, 75, 80, 85, 90, 
95, 100), PSO.cost = c(0.27931, 14.96474, 13.04991, 2.25695, 
1.63994, 5.67666, 8.47073, 3.6369, 5.91459, 6.2195, 4.72584), 
    PSO.gamma = c(0.39526, 1.04053, -3.5696, 1.97682, 2.43242, 
    2.78043, 2.887, 2.67012, -1.42432, 2.49725, 1.73916), PSO.data.balancing = c(0, 
    0, 0, 0, 0, 0, 0, 0, 0, 0, 0), PSO.feature.selection = c(0, 
    0, 0, 0, 0, 0, 0, 0, 0, 0, 0), PSO.valid.acc = c(1, 1, 1, 
    1, 1, 1, 1, 1, 1, 1, 1), PSO.test.acc = c(1, 1, 1, 1, 1, 
    1, 1, 1, 1, 1, 1), PSO.train.time = c(0.0335, 0.0461, 0.018, 
    0.0858, 0.1148, 0.1388, 0.1594, 0.1774, 0.0346, 0.1767, 0.1202
    ), PSO.n.support.vectors = c(102.3, 142.6, 9.9, 252, 326, 
    391.1, 421.7, 399.1, 35, 385.5, 252.4), PSO.index = c(7, 
    17, 2, 11, 2, 3, 3, 8, 5, 3, 3), PSO.n.solutions = c(2070, 
    1501, 1916, 1043, 1732, 1449, 1178, 1544, 1882, 2186, 1938
    ), PSO.generations = c(100, 100, 100, 100, 100, 100, 100, 
    100, 100, 100, 100), PSO.n.evaluations = c(2500, 2500, 2500, 
    2500, 2500, 2500, 2500, 2500, 2500, 2500, 2500), PSO.cpu.time = c(7032.849, 
    6611.718, 6960.502, 6828.817, 6841.118, 6844.452, 7144.965, 
    8806.215, 8478.378, 10040.167, 8860.95400000003), RS.cost = c(9.2151, 
    12.41915, 12.18297, 0.73566, 12.18186, 12.94239, 9.45601, 
    5.84989, -1.22764, 10.95006, 11.57219), RS.gamma = c(1.53412, 
    -8.10372, 2.87581, 1.90821, -2.76128, 2.60186, 1.72433, 1.58615, 
    1.78599, 1.662, -0.42716), RS.data.balancing = c(0, 0, 0, 
    0, 0, 0, 0, 0, 0, 0, 0), RS.feature.selection = c(0, 0, 0, 
    0, 0, 0, 0, 0, 0, 0, 0), RS.valid.acc = c(1, 1, 1, 1, 1, 
    1, 1, 1, 1, 1, 1), RS.test.acc = c(1, 0.99865, 1, 1, 1, 1, 
    1, 1, 1, 1, 1), RS.train.time = c(0.0504, 0.0198, 0.1124, 
    0.0768, 0.0218, 0.1304, 0.0934, 0.0945, 0.1235, 0.1098, 0.0463
    ), RS.n.support.vectors = c(178.5, 8.5, 362.2, 245.2, 15.3, 
    363.6, 235.2, 222, 309.8, 237.2, 62.4), RS.index = c(1, 1, 
    4, 7, 1, 6, 1, 6, 2, 14, 2), RS.n.solutions = c(718, 805, 
    766, 669, 866, 678, 610, 410, 803, 294, 1053), RS.generations = c(100, 
    100, 100, 100, 100, 100, 100, 100, 100, 100, 100), RS.n.evaluations = c(2500, 
    2500, 2500, 2500, 2500, 2500, 2500, 2500, 2500, 2500, 2500
    ), RS.cpu.time = c(6876.986, 6512.437, 6708.151, 6812.22300000001, 
    6949.23299999999, 7432.81600000001, 7612.276, 7649.137, 7860.93799999999, 
    8206.35199999998, 8763.59199999998), DF.cost = c(1, 1, 1, 
    1, 1, 1, 1, 1, 1, 1, 1), DF.gamma = c(0.25, 0.25, 0.25, 0.25, 
    0.25, 0.25, 0.25, 0.25, 0.25, 0.25, 0.25), DF.data.balancing = c(0, 
    0, 0, 0, 0, 0, 0, 0, 0, 0, 0), DF.feature.selection = c(0, 
    0, 0, 0, 0, 0, 0, 0, 0, 0, 0), DF.valid.acc = c(0.99704, 
    0.9973, 0.99753, 0.9977, 0.99787, 0.99802, 0.99813, 0.99825, 
    0.99835, 0.99764, 0.99851), DF.test.acc = c(0.99704, 0.9973, 
    0.99753, 0.9977, 0.99787, 0.99802, 0.99813, 0.99825, 0.99835, 
    0.99843, 0.99851), DF.train.time = c(0.0257, 0.0251, 0.0304, 
    0.0299, 0.0334, 0.0362, 0.0403, 0.0401, 0.043, 0.0448, 0.0511
    ), DF.n.support.vectors = c(65.9, 67.5, 69.4, 71, 72.6, 73.3, 
    76.2, 76, 76.5, 76.8, 79.2), DF.index = c(1, 1, 1, 1, 1, 
    1, 1, 1, 1, 1, 1), DF.n.solutions = c(1, 1, 1, 1, 1, 1, 1, 
    1, 1, 1, 1), DF.generations = c(1, 1, 1, 1, 1, 1, 1, 1, 1, 
    1, 1), DF.n.evaluations = c(1, 1, 1, 1, 1, 1, 1, 1, 1, 1, 
    1), DF.cpu.time = c(2.55, 2.329, 2.691, 2.428, 2.503, 2.626, 
    2.809, 2.6, 2.759, 2.758, 2.935), SMBO.cost = c(13.7067863414995, 
    13.7067863414995, 13.7067863414995, 13.7067863414995, 13.7067863414995, 
    13.7067863414995, 13.7067863414995, 13.7067863414995, 13.7067863414995, 
    13.7067863414995, 13.7067863414995), SMBO.gamma = c(-0.900521893054247, 
    -0.900521893054247, -0.900521893054247, -0.900521893054247, 
    -0.900521893054247, -0.900521893054247, -0.900521893054247, 
    -0.900521893054247, -0.900521893054247, -0.900521893054247, 
    -0.900521893054247), SMBO.balanced.test.accuracy = c(1, 1, 
    1, 1, 1, 1, 1, 1, 1, 1, 1)), .Names = c("Sampling", "PSO.cost", 
"PSO.gamma", "PSO.data.balancing", "PSO.feature.selection", "PSO.valid.acc", 
"PSO.test.acc", "PSO.train.time", "PSO.n.support.vectors", "PSO.index", 
"PSO.n.solutions", "PSO.generations", "PSO.n.evaluations", "PSO.cpu.time", 
"RS.cost", "RS.gamma", "RS.data.balancing", "RS.feature.selection", 
"RS.valid.acc", "RS.test.acc", "RS.train.time", "RS.n.support.vectors", 
"RS.index", "RS.n.solutions", "RS.generations", "RS.n.evaluations", 
"RS.cpu.time", "DF.cost", "DF.gamma", "DF.data.balancing", "DF.feature.selection", 
"DF.valid.acc", "DF.test.acc", "DF.train.time", "DF.n.support.vectors", 
"DF.index", "DF.n.solutions", "DF.generations", "DF.n.evaluations", 
"DF.cpu.time", "SMBO.cost", "SMBO.gamma", "SMBO.balanced.test.accuracy"
), row.names = c(NA, -11L), class = "data.frame")
