new.sol <-
structure(list(Sampling = c(50, 55, 60, 65, 70, 75, 80, 85, 90, 
95, 100), PSO.cost = c(8.83988, 8.97038, 7.893, 6.89961, 14.89634, 
1, 1, 9.65504, 0.20799, 13.35498, 7.71614), PSO.gamma = c(-2.75411, 
-1.65668, -1.83197, -1.7335, 2.4275, 0.25, 0.25, -1.06993, 1.87553, 
-1.58888, -5.43033), PSO.data.balancing = c(0, 0, 0, 0, 0, 0, 
0, 0, 0, 0, 0), PSO.feature.selection = c(0, 0, 0, 0, 0, 0, 0, 
0, 0, 0, 0), PSO.valid.acc = c(1, 1, 1, 1, 1, 1, 1, 1, 1, 1, 
1), PSO.test.acc = c(1, 1, 1, 1, 0.99895, 1, 1, 1, 1, 1, 1), 
    PSO.train.time = c(0.0176, 0.0225, 0.022, 0.0232, 0.1139, 
    0.0349, 0.0398, 0.0366, 0.128, 0.0367, 0.0342), PSO.n.support.vectors = c(17.5, 
    30.5, 28.4, 30.3, 331.9, 72, 73.1, 42.8, 270.8, 33, 13.3), 
    PSO.index = c(16, 2, 17, 4, 5, 1, 1, 2, 3, 2, 5), PSO.n.solutions = c(1555, 
    1729, 1554, 1597, 1406, 1715, 1767, 1650, 1894, 1725, 1827
    ), PSO.generations = c(100, 100, 100, 100, 100, 100, 100, 
    100, 100, 100, 100), PSO.n.evaluations = c(2500, 2500, 2500, 
    2500, 2500, 2500, 2500, 2500, 2500, 2500, 2500), PSO.cpu.time = c(6289.304, 
    6637.616, 7290.854, 7134.195, 7580.455, 7202.026, 9396.77499999999, 
    10385.693, 9981.292, 10479.95, 9679.25100000002), RS.cost = c(2.6233, 
    7.62358, 12.87297, 4.1111, 5.2742, 13.07716, 14.62505, 3.79036, 
    13.23893, 7.62779, 13.42638), RS.gamma = c(-2.63316, 2.6275, 
    1.65893, -1.88239, -3.73473, -4.52096, -4.06253, -1.01566, 
    1.57745, -4.38949, -9.06933), RS.data.balancing = c(0, 0, 
    0, 0, 0, 0, 0, 0, 0, 0, 0), RS.feature.selection = c(0, 0, 
    0, 0, 0, 0, 0, 0, 0, 0, 0), RS.valid.acc = c(1, 1, 1, 1, 
    1, 1, 1, 1, 1, 1, 1), RS.test.acc = c(1, 1, 0.99877, 1, 0.99895, 
    1, 1, 1, 1, 1, 1), RS.train.time = c(0.0194, 0.0942, 0.0635, 
    0.0238, 0.0207, 0.0218, 0.0254, 0.0371, 0.1071, 0.0299, 0.0437
    ), RS.n.support.vectors = c(29.9, 321.6, 205.3, 30, 15.3, 
    10.1, 10.5, 44.2, 224.5, 11.5, 10.4), RS.index = c(1, 1, 
    1, 6, 1, 1, 3, 9, 1, 2, 4), RS.n.solutions = c(526, 864, 
    554, 505, 436, 1016, 965, 533, 982, 938, 1022), RS.generations = c(100, 
    100, 100, 100, 100, 100, 100, 100, 100, 100, 100), RS.n.evaluations = c(2500, 
    2500, 2500, 2500, 2500, 2500, 2500, 2500, 2500, 2500, 2500
    ), RS.cpu.time = c(6629.031, 6770.049, 6829.49400000001, 
    6977.692, 7109.06999999999, 8106.95600000001, 9991.10000000001, 
    10544.406, 10697.554, 10880.935, 11069.578), DF.cost = c(1, 
    1, 1, 1, 1, 1, 1, 1, 1, 1, 1), DF.gamma = c(0.25, 0.25, 0.25, 
    0.25, 0.25, 0.25, 0.25, 0.25, 0.25, 0.25, 0.25), DF.data.balancing = c(0, 
    0, 0, 0, 0, 0, 0, 0, 0, 0, 0), DF.feature.selection = c(0, 
    0, 0, 0, 0, 0, 0, 0, 0, 0, 0), DF.valid.acc = c(0.99853, 
    0.99863, 0.99877, 0.99886, 0.99895, 1, 1, 0.99913, 0.99917, 
    0.99921, 0.99852), DF.test.acc = c(0.99853, 1, 1, 0.99886, 
    0.99895, 1, 1, 1, 0.99917, 0.99921, 0.99852), DF.train.time = c(0.0252, 
    0.0258, 0.0277, 0.0303, 0.0326, 0.0383, 0.0404, 0.0439, 0.046, 
    0.0481, 0.0477), DF.n.support.vectors = c(63.9, 66, 68.6, 
    69.2, 70.1, 72, 73.1, 75.7, 76.8, 77.7, 78.7), DF.index = c(1, 
    1, 1, 1, 1, 1, 1, 1, 1, 1, 1), DF.n.solutions = c(1, 1, 1, 
    1, 1, 1, 1, 1, 1, 1, 1), DF.generations = c(1, 1, 1, 1, 1, 
    1, 1, 1, 1, 1, 1), DF.n.evaluations = c(1, 1, 1, 1, 1, 1, 
    1, 1, 1, 1, 1), DF.cpu.time = c(2.666, 2.515, 2.525, 2.525, 
    2.623, 3.668, 3.663, 3.767, 3.766, 3.792, 3.515), SMBO.cost = c(10.5540216551397, 
    10.5540216551397, 10.5540216551397, 10.5540216551397, 10.5540216551397, 
    10.5540216551397, 10.5540216551397, 10.5540216551397, 10.5540216551397, 
    10.5540216551397, 10.5540216551397), SMBO.gamma = c(-8.00981190924738, 
    -8.00981190924738, -8.00981190924738, -8.00981190924738, 
    -8.00981190924738, -8.00981190924738, -8.00981190924738, 
    -8.00981190924738, -8.00981190924738, -8.00981190924738, 
    -8.00981190924738), SMBO.balanced.test.accuracy = c(1, 1, 
    1, 1, 1, 1, 1, 1, 1, 1, 1)), .Names = c("Sampling", "PSO.cost", 
"PSO.gamma", "PSO.data.balancing", "PSO.feature.selection", "PSO.valid.acc", 
"PSO.test.acc", "PSO.train.time", "PSO.n.support.vectors", "PSO.index", 
"PSO.n.solutions", "PSO.generations", "PSO.n.evaluations", "PSO.cpu.time", 
"RS.cost", "RS.gamma", "RS.data.balancing", "RS.feature.selection", 
"RS.valid.acc", "RS.test.acc", "RS.train.time", "RS.n.support.vectors", 
"RS.index", "RS.n.solutions", "RS.generations", "RS.n.evaluations", 
"RS.cpu.time", "DF.cost", "DF.gamma", "DF.data.balancing", "DF.feature.selection", 
"DF.valid.acc", "DF.test.acc", "DF.train.time", "DF.n.support.vectors", 
"DF.index", "DF.n.solutions", "DF.generations", "DF.n.evaluations", 
"DF.cpu.time", "SMBO.cost", "SMBO.gamma", "SMBO.balanced.test.accuracy"
), row.names = c(NA, -11L), class = "data.frame")
