new.sol <-
structure(list(Sampling = c(50, 55, 60, 65, 70, 75, 80, 85, 90, 
95, 100), PSO.cost = c(5.60156, 10.80236, 12.85118, 14.62665, 
2.00138, 6.46695, 7.82752, 11.9838, 13.78653, 2.48018, 9.03334
), PSO.gamma = c(-4.55916, 2.50314, -0.53538, -4.2616, -1.01827, 
-0.76773, -3.79886, -4.87086, 2.50725, 2.72509, 1.84987), PSO.data.balancing = c(0, 
0, 0, 0, 0, 0, 0, 0, 0, 0, 0), PSO.feature.selection = c(0, 0, 
0, 0, 0, 0, 0, 0, 0, 0, 0), PSO.valid.acc = c(1, 1, 1, 1, 1, 
1, 1, 1, 1, 1, 1), PSO.test.acc = c(1, 1, 1, 1, 1, 0.99803, 1, 
1, 1, 1, 1), PSO.train.time = c(0.0178, 0.0903, 0.0271, 0.019, 
0.0284, 0.0308, 0.0227, 0.0237, 0.1706, 0.198, 0.1256), PSO.n.support.vectors = c(16.2, 
302.9, 56.9, 9.2, 48.1, 49.5, 11.2, 9, 378.6, 424.4, 269.9), 
    PSO.index = c(5, 2, 2, 3, 3, 19, 2, 2, 4, 2, 4), PSO.n.solutions = c(1530, 
    1330, 1598, 1761, 1738, 1595, 1524, 1697, 1811, 1488, 1866
    ), PSO.generations = c(100, 100, 100, 100, 100, 100, 100, 
    100, 100, 100, 100), PSO.n.evaluations = c(2500, 2500, 2500, 
    2500, 2500, 2500, 2500, 2500, 2500, 2500, 2500), PSO.cpu.time = c(6469.828, 
    6678.019, 6371.34, 6031.542, 6657.123, 6370.18900000001, 
    6681.568, 6942.659, 7843.045, 7340.902, 7307.30599999998), 
    RS.cost = c(7.8256, 2.08315, 7.58749, 4.04938, 9.54195, 6.21891, 
    8.8731, 12.16654, 6.60599, 1.98599, 11.49278), RS.gamma = c(-1.08552, 
    2.41235, -2.69844, -2.31904, -6.4592, -4.09283, -4.953, -4.15244, 
    -1.79626, -2.12992, -0.87037), RS.data.balancing = c(0, 0, 
    0, 0, 0, 0, 0, 0, 0, 0, 0), RS.feature.selection = c(0, 0, 
    0, 0, 0, 0, 0, 0, 0, 0, 0), RS.valid.acc = c(1, 1, 1, 1, 
    1, 1, 1, 1, 1, 1, 1), RS.test.acc = c(1, 1, 1, 1, 1, 1, 1, 
    1, 1, 1, 1), RS.train.time = c(0.022, 0.0765, 0.0206, 0.0233, 
    0.0241, 0.0235, 0.0227, 0.0233, 0.0309, 0.0347, 0.0393), 
    RS.n.support.vectors = c(39.6, 292, 15.6, 27, 10, 14.4, 10.2, 
    9.6, 28.9, 40.9, 46.8), RS.index = c(4, 4, 1, 4, 2, 1, 1, 
    3, 1, 3, 2), RS.n.solutions = c(599, 640, 960, 683, 976, 
    508, 749, 879, 720, 629, 1073), RS.generations = c(100, 100, 
    100, 100, 100, 100, 100, 100, 100, 100, 100), RS.n.evaluations = c(2500, 
    2500, 2500, 2500, 2500, 2500, 2500, 2500, 2500, 2500, 2500
    ), RS.cpu.time = c(6364.504, 6456.944, 6483.316, 6637.479, 
    6892.38499999999, 7036.23699999999, 7427.21000000001, 7514.906, 
    7562.50900000001, 7831.478, 8070.274), DF.cost = c(1, 1, 
    1, 1, 1, 1, 1, 1, 1, 1, 1), DF.gamma = c(0.25, 0.25, 0.25, 
    0.25, 0.25, 0.25, 0.25, 0.25, 0.25, 0.25, 0.25), DF.data.balancing = c(0, 
    0, 0, 0, 0, 0, 0, 0, 0, 0, 0), DF.feature.selection = c(0, 
    0, 0, 0, 0, 0, 0, 0, 0, 0, 0), DF.valid.acc = c(0.99853, 
    0.99865, 0.99877, 0.99885, 0.99895, 0.99902, 0.99815, 0.99825, 
    0.99835, 0.99844, 0.99852), DF.test.acc = c(0.99853, 0.99865, 
    0.99877, 0.99885, 0.99895, 0.99902, 0.99815, 0.99825, 0.99835, 
    0.99844, 0.99852), DF.train.time = c(0.023, 0.0251, 0.0295, 
    0.0289, 0.0333, 0.0344, 0.0373, 0.0399, 0.0422, 0.0435, 0.0469
    ), DF.n.support.vectors = c(66.8, 67.7, 69.5, 71.1, 71.6, 
    73, 75, 77.9, 78.3, 77.1, 80.2), DF.index = c(1, 1, 1, 1, 
    1, 1, 1, 1, 1, 1, 1), DF.n.solutions = c(1, 1, 1, 1, 1, 1, 
    1, 1, 1, 1, 1), DF.generations = c(1, 1, 1, 1, 1, 1, 1, 1, 
    1, 1, 1), DF.n.evaluations = c(1, 1, 1, 1, 1, 1, 1, 1, 1, 
    1, 1), DF.cpu.time = c(2.314, 2.382, 2.518, 2.391, 2.499, 
    2.506, 2.566, 2.591, 2.62, 2.642, 2.701), SMBO.cost = c(13.7136452279168, 
    13.7136452279168, 13.7136452279168, 13.7136452279168, 13.7136452279168, 
    13.7136452279168, 13.7136452279168, 13.7136452279168, 13.7136452279168, 
    13.7136452279168, 13.7136452279168), SMBO.gamma = c(-4.92358889831929, 
    -4.92358889831929, -4.92358889831929, -4.92358889831929, 
    -4.92358889831929, -4.92358889831929, -4.92358889831929, 
    -4.92358889831929, -4.92358889831929, -4.92358889831929, 
    -4.92358889831929), SMBO.balanced.test.accuracy = c(1, 1, 
    1, 1, 1, 1, 1, 1, 1, 1, 1)), .Names = c("Sampling", "PSO.cost", 
"PSO.gamma", "PSO.data.balancing", "PSO.feature.selection", "PSO.valid.acc", 
"PSO.test.acc", "PSO.train.time", "PSO.n.support.vectors", "PSO.index", 
"PSO.n.solutions", "PSO.generations", "PSO.n.evaluations", "PSO.cpu.time", 
"RS.cost", "RS.gamma", "RS.data.balancing", "RS.feature.selection", 
"RS.valid.acc", "RS.test.acc", "RS.train.time", "RS.n.support.vectors", 
"RS.index", "RS.n.solutions", "RS.generations", "RS.n.evaluations", 
"RS.cpu.time", "DF.cost", "DF.gamma", "DF.data.balancing", "DF.feature.selection", 
"DF.valid.acc", "DF.test.acc", "DF.train.time", "DF.n.support.vectors", 
"DF.index", "DF.n.solutions", "DF.generations", "DF.n.evaluations", 
"DF.cpu.time", "SMBO.cost", "SMBO.gamma", "SMBO.balanced.test.accuracy"
), row.names = c(NA, -11L), class = "data.frame")
