new.sol <-
structure(list(Sampling = c(50, 55, 60, 65, 70, 75, 80, 85, 90, 
95, 100), PSO.cost = c(11.27582, 8.07266, 5.7546, 8.43224, 8.2273, 
14.78832, 3.10929, 6.54785, 12.43636, 10.40875, 10.88764), PSO.gamma = c(-6.07011, 
-4.35612, 1.79866, -3.74898, 2.89857, -10.79355, 1.75847, -0.49598, 
2.51417, -5.27847, -6.0981), PSO.data.balancing = c(0, 0, 0, 
0, 0, 0, 0, 0, 0, 0, 0), PSO.feature.selection = c(0, 0, 0, 0, 
0, 0, 0, 0, 0, 0, 0), PSO.valid.acc = c(1, 1, 1, 1, 0.99894, 
0.99901, 1, 1, 1, 1, 1), PSO.test.acc = c(1, 0.99863, 1, 1, 0.99892, 
0.99703, 1, 1, 1, 1, 1), PSO.train.time = c(0.0191, 0.0195, 0.0664, 
0.022, 0.1467, 0.0324, 0.1026, 0.0407, 0.176, 0.0273, 0.0367), 
    PSO.n.support.vectors = c(8.1, 11.3, 218.9, 9.4, 396.2, 11, 
    240, 59.9, 375.5, 9.3, 9.5), PSO.index = c(30, 7, 5, 4, 2, 
    6, 2, 2, 3, 2, 2), PSO.n.solutions = c(1155, 1612, 1012, 
    1721, 1505, 1599, 1711, 1697, 1700, 1537, 1887), PSO.generations = c(100, 
    100, 100, 100, 100, 100, 100, 100, 100, 100, 100), PSO.n.evaluations = c(2500, 
    2500, 2500, 2500, 2500, 2500, 2500, 2500, 2500, 2500, 2500
    ), PSO.cpu.time = c(6862.772, 8487.708, 9591.087, 8973.516, 
    10404.035, 9893.64499999999, 9401.974, 8941.27600000001, 
    10831.285, 11615.624, 10989.806), RS.cost = c(10.73346, 10.69679, 
    14.79877, 9.12943, 4.89125, 14.86928, 6.44544, -1.9773, 2.6759, 
    4.6171, 0.49488), RS.gamma = c(-6.5565, -6.75776, 1.67494, 
    -4.36682, -3.14476, -2.92402, 2.9601, 2.78903, 1.83206, 1.5851, 
    2.54372), RS.data.balancing = c(0, 0, 0, 0, 0, 0, 0, 0, 0, 
    0, 0), RS.feature.selection = c(0, 0, 0, 0, 0, 0, 0, 0, 0, 
    0, 0), RS.valid.acc = c(1, 1, 1, 1, 0.99894, 0.99901, 1, 
    1, 1, 1, 1), RS.test.acc = c(0.99853, 1, 1, 1, 0.99892, 0.99901, 
    1, 1, 1, 1, 1), RS.train.time = c(0.0197, 0.0209, 0.0631, 
    0.0227, 0.0265, 0.0238, 0.1943, 0.2214, 0.1211, 0.1117, 0.2114
    ), RS.n.support.vectors = c(8.8, 9.1, 205.1, 9.1, 20.4, 14.6, 
    431.1, 579.5, 258.9, 224.3, 404.2), RS.index = c(21, 6, 4, 
    22, 3, 2, 3, 5, 2, 1, 2), RS.n.solutions = c(79, 272, 623, 
    336, 531, 550, 763, 934, 729, 714, 985), RS.generations = c(100, 
    100, 100, 100, 100, 100, 100, 100, 100, 100, 100), RS.n.evaluations = c(2500, 
    2500, 2500, 2500, 2500, 2500, 2500, 2500, 2500, 2500, 2500
    ), RS.cpu.time = c(7482.812, 9304.687, 9555.988, 9833.33, 
    10062.363, 8489.61500000001, 8776.01100000001, 10925.996, 
    11085.529, 11488.72, 11373.06), DF.cost = c(1, 1, 1, 1, 1, 
    1, 1, 1, 1, 1, 1), DF.gamma = c(0.25, 0.25, 0.25, 0.25, 0.25, 
    0.25, 0.25, 0.25, 0.25, 0.25, 0.25), DF.data.balancing = c(0, 
    0, 0, 0, 0, 0, 0, 0, 0, 0, 0), DF.feature.selection = c(0, 
    0, 0, 0, 0, 0, 0, 0, 0, 0, 0), DF.valid.acc = c(0.99853, 
    0.99863, 0.99752, 0.99771, 0.99786, 0.99802, 0.99815, 0.99825, 
    0.99835, 0.99844, 0.99851), DF.test.acc = c(0.99853, 0.99863, 
    0.99752, 0.99771, 0.99786, 0.99802, 0.99815, 0.99825, 0.99835, 
    0.99844, 0.99926), DF.train.time = c(0.0264, 0.0263, 0.0319, 
    0.0316, 0.0349, 0.0371, 0.04, 0.0436, 0.0455, 0.0483, 0.0485
    ), DF.n.support.vectors = c(64, 66.1, 67.1, 68.9, 70.6, 72, 
    73.7, 75, 76, 76.8, 80), DF.index = c(1, 1, 1, 1, 1, 1, 1, 
    1, 1, 1, 1), DF.n.solutions = c(1, 1, 1, 1, 1, 1, 1, 1, 1, 
    1, 1), DF.generations = c(1, 1, 1, 1, 1, 1, 1, 1, 1, 1, 1
    ), DF.n.evaluations = c(1, 1, 1, 1, 1, 1, 1, 1, 1, 1, 1), 
    DF.cpu.time = c(2.876, 3.371, 3.822, 3.487, 3.771, 3.089, 
    3.136, 3.923, 3.96, 4.063, 3.773), SMBO.cost = c(1.38086587308731, 
    1.38086587308731, 1.38086587308731, 1.38086587308731, 1.38086587308731, 
    1.38086587308731, 1.38086587308731, 1.38086587308731, 1.38086587308731, 
    1.38086587308731, 1.38086587308731), SMBO.gamma = c(0.0742556599882331, 
    0.0742556599882331, 0.0742556599882331, 0.0742556599882331, 
    0.0742556599882331, 0.0742556599882331, 0.0742556599882331, 
    0.0742556599882331, 0.0742556599882331, 0.0742556599882331, 
    0.0742556599882331), SMBO.balanced.test.accuracy = c(1, 1, 
    1, 1, 1, 1, 1, 1, 1, 1, 1)), .Names = c("Sampling", "PSO.cost", 
"PSO.gamma", "PSO.data.balancing", "PSO.feature.selection", "PSO.valid.acc", 
"PSO.test.acc", "PSO.train.time", "PSO.n.support.vectors", "PSO.index", 
"PSO.n.solutions", "PSO.generations", "PSO.n.evaluations", "PSO.cpu.time", 
"RS.cost", "RS.gamma", "RS.data.balancing", "RS.feature.selection", 
"RS.valid.acc", "RS.test.acc", "RS.train.time", "RS.n.support.vectors", 
"RS.index", "RS.n.solutions", "RS.generations", "RS.n.evaluations", 
"RS.cpu.time", "DF.cost", "DF.gamma", "DF.data.balancing", "DF.feature.selection", 
"DF.valid.acc", "DF.test.acc", "DF.train.time", "DF.n.support.vectors", 
"DF.index", "DF.n.solutions", "DF.generations", "DF.n.evaluations", 
"DF.cpu.time", "SMBO.cost", "SMBO.gamma", "SMBO.balanced.test.accuracy"
), row.names = c(NA, -11L), class = "data.frame")
