new.sol <-
structure(list(Sampling = c(50, 55, 60, 65, 70, 75, 80, 85, 90, 
95, 100), PSO.cost = c(9.45926, 8.36084, 13.24289, 4.16209, 8.71562, 
4.24664, 7.41917, 14.56847, 8.04808, 14.29662, 7.83955), PSO.gamma = c(-3.30946, 
-1.50966, -2.84842, 2.18429, -4.15215, -2.23847, -2.32895, 2.68613, 
-0.47688, -1.22453, 2.4589), PSO.data.balancing = c(0, 0, 0, 
0, 0, 0, 0, 0, 0, 0, 0), PSO.feature.selection = c(0, 0, 0, 0, 
0, 0, 0, 0, 0, 0, 0), PSO.valid.acc = c(1, 1, 1, 1, 1, 1, 1, 
1, 1, 1, 1), PSO.test.acc = c(0.99851, 1, 1, 1, 1, 1, 1, 1, 0.99917, 
1, 1), PSO.train.time = c(0.0163, 0.0219, 0.0209, 0.0882, 0.0223, 
0.0289, 0.0269, 0.1761, 0.0401, 0.0366, 0.1922), PSO.n.support.vectors = c(11.3, 
33, 13.3, 274.1, 9.6, 29.8, 21.6, 396.8, 57.3, 38.2, 384.5), 
    PSO.index = c(29, 2, 2, 5, 2, 5, 2, 14, 3, 13, 4), PSO.n.solutions = c(1008, 
    1068, 1739, 1764, 1593, 1757, 1831, 1767, 1782, 1317, 1855
    ), PSO.generations = c(100, 100, 100, 100, 100, 100, 100, 
    100, 100, 100, 100), PSO.n.evaluations = c(2500, 2500, 2500, 
    2500, 2500, 2500, 2500, 2500, 2500, 2500, 2500), PSO.cpu.time = c(6199.172, 
    6568.207, 6921.495, 6791.122, 6844.205, 7380.75899999999, 
    6930.361, 6918.549, 6641.515, 7163.94099999999, 7995.72399999999
    ), RS.cost = c(7.60577, 5.92283, 9.43332, 11.55284, 4.97409, 
    12.07461, 4.12807, 8.20946, 11.79147, 13.25183, 14.54468), 
    RS.gamma = c(-3.44311, -2.59897, 2.45518, -4.3002, -3.22235, 
    -2.44235, -2.59827, -1.67455, -4.91212, -7.93641, -7.64172
    ), RS.data.balancing = c(0, 0, 0, 0, 0, 0, 0, 0, 0, 0, 0), 
    RS.feature.selection = c(0, 0, 0, 0, 0, 0, 0, 0, 0, 0, 0), 
    RS.valid.acc = c(1, 1, 1, 1, 1, 1, 1, 1, 1, 1, 1), RS.test.acc = c(0.99851, 
    1, 1, 1, 1, 1, 1, 1, 1, 1, 1), RS.train.time = c(0.0165, 
    0.0214, 0.0897, 0.0212, 0.0228, 0.0254, 0.0271, 0.0295, 0.0278, 
    0.0363, 0.0391), RS.n.support.vectors = c(11.3, 19.4, 299, 
    9.3, 18.9, 18.7, 25.6, 31.3, 9.5, 8.3, 8.2), RS.index = c(2, 
    2, 4, 3, 1, 3, 6, 1, 1, 3, 5), RS.n.solutions = c(171, 459, 
    853, 730, 727, 853, 806, 861, 956, 715, 990), RS.generations = c(100, 
    100, 100, 100, 100, 100, 100, 100, 100, 100, 100), RS.n.evaluations = c(2500, 
    2500, 2500, 2500, 2500, 2500, 2500, 2500, 2500, 2500, 2500
    ), RS.cpu.time = c(6911.566, 7015.64, 7094.893, 7291.079, 
    7023.69300000001, 7546.133, 7606.386, 7657.67, 8010.45700000001, 
    8169.329, 8093.45300000001), DF.cost = c(1, 1, 1, 1, 1, 1, 
    1, 1, 1, 1, 1), DF.gamma = c(0.25, 0.25, 0.25, 0.25, 0.25, 
    0.25, 0.25, 0.25, 0.25, 0.25, 0.25), DF.data.balancing = c(0, 
    0, 0, 0, 0, 0, 0, 0, 0, 0, 0), DF.feature.selection = c(0, 
    0, 0, 0, 0, 0, 0, 0, 0, 0, 0), DF.valid.acc = c(0.99704, 
    0.99732, 0.9963, 0.99771, 0.99787, 0.99802, 0.99815, 0.99825, 
    0.99918, 0.99844, 0.99852), DF.test.acc = c(0.99704, 0.99732, 
    0.99753, 0.99771, 0.99681, 0.99702, 0.99815, 0.99825, 0.99835, 
    0.99844, 0.99852), DF.train.time = c(0.0239, 0.029, 0.0289, 
    0.0304, 0.0351, 0.035, 0.0403, 0.0389, 0.0448, 0.0466, 0.0475
    ), DF.n.support.vectors = c(65.6, 68.2, 70.1, 72.5, 71.8, 
    73.4, 76.1, 76, 78.4, 79.6, 80.2), DF.index = c(1, 1, 1, 
    1, 1, 1, 1, 1, 1, 1, 1), DF.n.solutions = c(1, 1, 1, 1, 1, 
    1, 1, 1, 1, 1, 1), DF.generations = c(1, 1, 1, 1, 1, 1, 1, 
    1, 1, 1, 1), DF.n.evaluations = c(1, 1, 1, 1, 1, 1, 1, 1, 
    1, 1, 1), DF.cpu.time = c(2.458, 2.733, 2.535, 2.506, 2.702, 
    2.651, 2.793, 2.523, 2.812, 2.774, 2.694), SMBO.cost = c(14.0591916035883, 
    14.0591916035883, 14.0591916035883, 14.0591916035883, 14.0591916035883, 
    14.0591916035883, 14.0591916035883, 14.0591916035883, 14.0591916035883, 
    14.0591916035883, 14.0591916035883), SMBO.gamma = c(-6.8288028347434, 
    -6.8288028347434, -6.8288028347434, -6.8288028347434, -6.8288028347434, 
    -6.8288028347434, -6.8288028347434, -6.8288028347434, -6.8288028347434, 
    -6.8288028347434, -6.8288028347434), SMBO.balanced.test.accuracy = c(1, 
    1, 1, 1, 1, 1, 1, 1, 1, 1, 1)), .Names = c("Sampling", "PSO.cost", 
"PSO.gamma", "PSO.data.balancing", "PSO.feature.selection", "PSO.valid.acc", 
"PSO.test.acc", "PSO.train.time", "PSO.n.support.vectors", "PSO.index", 
"PSO.n.solutions", "PSO.generations", "PSO.n.evaluations", "PSO.cpu.time", 
"RS.cost", "RS.gamma", "RS.data.balancing", "RS.feature.selection", 
"RS.valid.acc", "RS.test.acc", "RS.train.time", "RS.n.support.vectors", 
"RS.index", "RS.n.solutions", "RS.generations", "RS.n.evaluations", 
"RS.cpu.time", "DF.cost", "DF.gamma", "DF.data.balancing", "DF.feature.selection", 
"DF.valid.acc", "DF.test.acc", "DF.train.time", "DF.n.support.vectors", 
"DF.index", "DF.n.solutions", "DF.generations", "DF.n.evaluations", 
"DF.cpu.time", "SMBO.cost", "SMBO.gamma", "SMBO.balanced.test.accuracy"
), row.names = c(NA, -11L), class = "data.frame")
